1
[147, 164, 319, 945] 
2
[204, 340, 542, 746] 
3
[139, 489, 694, 712] 
4
[36, 734, 781, 926] 
5
[192, 428, 646, 828] 
6
[183, 388, 400, 787] 
7
[98, 443, 619, 860] 
8
[31, 162, 230, 534] 
9
[1, 29, 615, 676] 
10
[345, 411, 654, 853] 
11
[84, 170, 288, 633] 
12
[268, 497, 549, 706] 
13
[300, 390, 483, 510] 
14
[288, 468, 633, 738] 
15
[217, 235, 586, 897] 
16
[147, 303, 409, 945] 
17
[69, 477, 592, 697] 
18
[115, 157, 576, 672] 
19
[73, 135, 200, 615] 
20
[345, 797, 853, 941] 
21
[34, 211, 465, 902] 
22
[63, 176, 264, 893] 
23
[191, 429, 796, 960] 
24
[149, 359, 777, 840] 
25
[196, 293, 373, 763] 
26
[2, 265, 491, 943] 
27
[20, 131, 330, 736, 852] 
28
[69, 443, 592, 602] 
29
[144, 163, 488, 557, 604] 
30
[701, 777, 840, 874] 
31
[0, 195, 775, 961] 
32
[389, 560, 733, 778] 
33
[179, 244, 790, 843, 939] 
34
[200, 615, 676, 875, 922] 
35
[69, 253, 455, 602, 963] 
36
[4, 60, 113, 459, 625] 
37
[139, 427, 487, 712, 730] 
38
[434, 480, 810, 815, 946] 
39
[82, 188, 504, 572, 761] 
40
[65, 178, 354, 580, 708, 801] 
41
[119, 418, 521, 563, 808] 
42
[13, 102, 110, 717, 864, 881] 
43
[124, 369, 492, 550, 822] 
44
[119, 439, 505, 808, 992] 
45
[205, 312, 488, 604, 613, 783] 
46
[149, 283, 466, 542, 746] 
47
[68, 204, 340, 430, 543, 887] 
48
[227, 268, 278, 387, 401, 649] 
49
[56, 86, 285, 356, 754, 935] 
50
[26, 194, 412, 515, 719, 826, 937] 
51
[85, 326, 362, 379, 572, 761] 
52
[253, 443, 498, 602, 619, 698] 
53
[208, 265, 356, 491, 656, 744, 935] 
54
[94, 107, 237, 271, 364, 948] 
55
[334, 658, 680, 722, 841, 856, 924] 
56
[65, 490, 638, 801, 830, 965] 
57
[23, 240, 473, 799, 825, 876, 915] 
58
[82, 165, 273, 323, 362, 572, 846] 
59
[58, 112, 300, 325, 377, 532, 878] 
60
[207, 276, 331, 478, 502, 527, 629, 710, 998] 
61
[31, 170, 263, 534, 536, 633, 738] 
62
[80, 96, 114, 115, 216, 307, 672] 
63
[185, 357, 371, 374, 661, 766, 839, 927] 
64
[106, 127, 195, 327, 590, 595, 775, 900] 
65
[162, 282, 333, 508, 538, 548, 568, 627] 
66
[127, 348, 377, 479, 532, 626, 775, 961] 
67
[7, 50, 227, 268, 322, 497, 501, 620, 871] 
68
[13, 71, 102, 111, 714, 769, 864, 912, 918] 
69
[50, 87, 129, 354, 501, 580, 708, 743, 913, 916] 
70
[97, 186, 277, 351, 365, 386, 682, 782, 889, 899] 
71
[83, 148, 187, 361, 396, 795, 842, 942, 956, 996] 
72
[92, 207, 478, 518, 531, 593, 629, 710, 714, 912, 966] 
73
[9, 46, 126, 130, 172, 320, 418, 421, 454, 563, 684, 742, 985] 
74
[104, 124, 140, 337, 369, 414, 436, 453, 492, 504, 597, 861, 958, 979] 
75
[95, 168, 551, 620, 630, 643, 699, 716, 739, 768, 830, 911, 971] 
76
[64, 116, 128, 156, 257, 353, 539, 577, 585, 636, 677, 765, 784, 963, 991, 997] 
77
[49, 88, 130, 160, 235, 242, 243, 252, 296, 553, 578, 586, 788, 890] 
78
[60, 238, 375, 450, 459, 499, 570, 786, 793, 797, 804, 817, 820, 941, 952] 
79
[3, 98, 128, 404, 429, 443, 467, 477, 592, 596, 636, 677, 697, 748, 762, 909, 960] 
80
[171, 226, 253, 298, 396, 455, 487, 498, 702, 823, 845, 867, 923, 968] 
81
[117, 125, 157, 181, 220, 393, 462, 644, 794, 838, 859, 886, 889, 949, 964] 
82
[113, 159, 174, 334, 451, 459, 528, 547, 611, 624, 658, 700, 819, 843, 856, 920, 957, 987] 
83
[20, 85, 153, 191, 326, 379, 414, 436, 594, 596, 618, 736, 740, 761, 852, 909, 960] 
84
[42, 80, 105, 259, 308, 355, 393, 410, 420, 432, 473, 503, 524, 642, 672, 725, 758, 799, 809, 833, 870, 907, 915] 
85
[38, 76, 118, 161, 225, 256, 306, 384, 525, 628, 632, 650, 659, 679, 702, 711, 737, 745, 780, 845, 848, 919, 923] 
86
[15, 37, 59, 96, 137, 221, 232, 238, 247, 275, 325, 348, 375, 382, 390, 470, 479, 495, 509, 532, 536, 566, 626, 648, 731, 738, 789, 858, 947] 
87
[32, 47, 79, 140, 155, 159, 188, 224, 255, 334, 368, 369, 378, 451, 452, 469, 494, 550, 558, 624, 722, 822, 834, 861, 894, 958, 984, 987, 994] 
88
[13, 56, 71, 136, 169, 176, 205, 264, 289, 296, 312, 315, 318, 349, 373, 456, 486, 520, 574, 578, 656, 747, 754, 769, 783, 803, 827, 906, 908, 918, 921, 973, 981, 989, 993] 
89
[5, 114, 115, 186, 193, 216, 221, 223, 229, 282, 307, 333, 365, 423, 441, 449, 466, 506, 508, 538, 542, 566, 568, 576, 603, 645, 718, 720, 767, 869, 889, 899, 934, 982, 999] 
90
[15, 31, 84, 170, 190, 212, 218, 230, 245, 247, 288, 303, 310, 347, 366, 380, 409, 411, 417, 442, 468, 472, 511, 653, 654, 665, 709, 715, 774, 816, 817, 824, 872, 885, 931] 
91
[23, 24, 61, 70, 112, 145, 158, 172, 175, 184, 214, 235, 261, 294, 328, 355, 422, 434, 480, 481, 505, 507, 521, 554, 583, 606, 642, 662, 664, 675, 684, 705, 785, 788, 808, 815, 825, 878, 890, 897, 905, 944, 946, 953, 974] 
92
[4, 11, 14, 44, 120, 122, 212, 233, 262, 269, 311, 314, 316, 317, 381, 391, 417, 448, 472, 511, 513, 522, 559, 569, 573, 581, 588, 614, 622, 625, 634, 683, 686, 703, 704, 709, 735, 774, 779, 781, 790, 800, 802, 824, 851, 853, 875, 885, 922, 926, 931, 939, 941, 945, 954, 962] 
93
[1, 7, 19, 48, 72, 75, 91, 99, 120, 179, 197, 222, 244, 254, 280, 281, 286, 287, 329, 339, 413, 416, 431, 445, 464, 497, 523, 528, 537, 547, 549, 635, 643, 676, 681, 688, 689, 691, 739, 768, 819, 843, 855, 879, 901, 957, 967, 986] 
94
[8, 18, 30, 32, 33, 35, 40, 46, 51, 55, 61, 63, 66, 89, 101, 103, 104, 106, 108, 126, 131, 138, 151, 176, 184, 215, 238, 241, 264, 279, 289, 297, 320, 330, 337, 368, 370, 372, 392, 394, 437, 439, 453, 461, 467, 471, 500, 509, 519, 535, 544, 558, 567, 570, 571, 584, 597, 599, 608, 623, 637, 640, 646, 652, 666, 668, 690, 694, 696, 698, 712, 713, 727, 730, 759, 786, 791, 798, 803, 807, 834, 847, 854, 860, 880, 888, 893, 894, 898, 900, 904, 921, 952, 973, 979, 984, 985, 989, 992] 
