1
[405, 507, 684, 940] 
2
[167, 406, 559, 937] 
3
[268, 546, 613, 925] 
4
[127, 205, 739, 788] 
5
[92, 181, 793, 992] 
6
[207, 247, 489, 898] 
7
[164, 356, 376, 433] 
8
[30, 267, 629, 857] 
9
[349, 430, 802, 954] 
10
[177, 261, 269, 514] 
11
[636, 720, 765, 902] 
12
[320, 401, 594, 798] 
13
[350, 381, 413, 607, 799] 
14
[80, 711, 785, 965] 
15
[48, 135, 356, 549] 
16
[164, 433, 556, 696, 956] 
17
[574, 600, 624, 832, 880] 
18
[236, 296, 567, 796] 
19
[40, 258, 277, 738] 
20
[294, 339, 404, 823, 959] 
21
[361, 440, 643, 735, 973] 
22
[165, 511, 868, 879] 
23
[36, 288, 425, 513, 811] 
24
[242, 279, 308, 650, 822] 
25
[63, 123, 166, 195, 575] 
26
[138, 376, 474, 508, 951] 
27
[100, 410, 487, 715, 901] 
28
[49, 286, 367, 652, 929] 
29
[223, 237, 709, 841, 905] 
30
[474, 555, 584, 644, 951] 
31
[310, 450, 916, 923, 980] 
32
[205, 391, 716, 883, 994] 
33
[3, 473, 641, 714, 885] 
34
[143, 240, 325, 390, 922] 
35
[368, 467, 693, 835, 945] 
36
[112, 319, 387, 391, 512, 883] 
37
[185, 502, 609, 728, 811] 
38
[145, 445, 502, 517, 609, 984] 
39
[140, 178, 256, 316, 407, 809] 
40
[278, 293, 419, 495, 686, 727] 
41
[1, 65, 427, 554, 801, 988] 
42
[156, 175, 434, 465, 524, 932] 
43
[357, 408, 712, 834, 952, 960] 
44
[215, 285, 453, 469, 813, 933] 
45
[15, 75, 165, 455, 589, 968] 
46
[135, 425, 451, 549, 581, 728] 
47
[259, 263, 299, 312, 735, 978] 
48
[119, 148, 366, 658, 669, 676, 881] 
49
[53, 323, 585, 726, 772, 941, 972] 
50
[62, 172, 384, 470, 689, 906] 
51
[13, 340, 596, 638, 763, 809] 
52
[95, 113, 224, 237, 243, 386, 830, 927] 
53
[223, 331, 359, 685, 709, 723, 828, 942] 
54
[80, 152, 173, 178, 210, 221, 318, 407, 458] 
55
[50, 57, 289, 477, 568, 583, 599, 807] 
56
[163, 395, 431, 469, 537, 628, 782, 795, 970, 989] 
57
[0, 95, 303, 396, 435, 696, 747, 927, 956] 
58
[72, 157, 199, 294, 582, 670, 815, 873, 959, 979] 
59
[92, 133, 332, 561, 620, 622, 688, 895, 992] 
60
[365, 399, 447, 481, 540, 591, 662, 673, 724, 856] 
61
[82, 107, 238, 510, 519, 629, 639, 804, 836, 843, 847] 
62
[67, 136, 451, 483, 581, 584, 627, 642, 801, 915, 988] 
63
[24, 133, 191, 270, 381, 548, 561, 574, 600, 688, 880] 
64
[233, 351, 373, 437, 442, 448, 483, 603, 743, 820, 877, 939] 
65
[93, 106, 257, 259, 274, 293, 299, 397, 409, 419, 686, 700, 760, 771] 
66
[24, 105, 219, 250, 385, 450, 460, 473, 548, 683, 755, 831] 
67
[60, 252, 266, 344, 400, 412, 486, 606, 621, 810, 812, 934, 985] 
68
[64, 180, 227, 343, 366, 422, 468, 543, 550, 676, 740, 752, 783, 881] 
69
[54, 87, 91, 148, 175, 296, 322, 393, 538, 567, 658, 669, 826, 837, 977, 998] 
70
[38, 62, 172, 174, 271, 290, 342, 346, 444, 580, 633, 694, 725, 737, 858, 957] 
71
[3, 28, 32, 185, 191, 240, 270, 325, 415, 615, 641, 690, 736, 863, 885, 904, 922] 
72
[18, 21, 39, 77, 116, 158, 235, 265, 302, 313, 352, 402, 461, 505, 558, 626, 663, 681, 705, 803, 817, 874] 
73
[106, 136, 189, 264, 274, 288, 421, 483, 491, 513, 665, 699, 742, 743, 760, 786, 878, 896, 910, 947] 
74
[28, 94, 112, 143, 281, 304, 319, 321, 390, 445, 517, 619, 624, 645, 655, 721, 747, 832, 869, 904, 914, 922, 930] 
75
[31, 121, 184, 202, 221, 253, 315, 368, 382, 414, 480, 507, 521, 541, 592, 602, 774, 860, 886, 917, 940, 945, 964, 974] 
76
[37, 51, 90, 117, 118, 245, 247, 295, 311, 431, 489, 494, 510, 586, 588, 604, 640, 653, 704, 782, 785, 814, 843, 847, 898, 921] 
77
[29, 61, 126, 160, 169, 177, 183, 246, 269, 321, 324, 329, 371, 413, 457, 493, 512, 514, 525, 532, 534, 551, 552, 607, 612, 624, 661, 741, 761, 766, 779, 799, 818, 829, 852, 867, 882, 930, 948, 952, 960] 
78
[49, 63, 82, 85, 139, 154, 168, 171, 186, 197, 206, 208, 219, 232, 234, 277, 286, 333, 337, 367, 374, 398, 411, 416, 473, 522, 530, 563, 571, 617, 643, 646, 650, 652, 679, 682, 718, 750, 751, 789, 792, 836, 844, 903, 916, 918, 929, 969, 986] 
79
[2, 5, 11, 35, 37, 40, 56, 58, 66, 79, 83, 86, 117, 134, 168, 174, 176, 190, 192, 196, 207, 230, 251, 254, 258, 260, 272, 278, 279, 305, 314, 358, 360, 375, 379, 388, 397, 409, 419, 428, 444, 468, 478, 479, 494, 497, 501, 509, 527, 528, 572, 579, 587, 593, 648, 657, 695, 701, 706, 707, 710, 722, 775, 797, 798, 814, 822, 836, 837, 845, 847, 897, 898, 903, 912, 926, 953, 957, 962, 977, 995, 997] 
