1
[246, 745, 833, 983] 
2
[68, 81, 633, 868] 
3
[145, 258, 297, 510] 
4
[192, 281, 674, 698] 
5
[115, 225, 452, 682] 
6
[44, 239, 454, 890] 
7
[52, 486, 797, 883] 
8
[812, 838, 859, 993] 
9
[392, 461, 912, 943] 
10
[441, 688, 882, 885] 
11
[91, 486, 773, 864] 
12
[175, 276, 559, 845] 
13
[427, 559, 624, 656] 
14
[178, 402, 581, 888] 
15
[461, 508, 896, 934] 
16
[59, 123, 248, 583] 
17
[506, 553, 614, 831] 
18
[418, 513, 703, 829] 
19
[301, 607, 675, 819] 
20
[117, 209, 615, 726] 
21
[511, 701, 784, 804] 
22
[70, 167, 207, 575] 
23
[14, 179, 644, 703] 
24
[52, 339, 368, 465, 486] 
25
[102, 428, 625, 806, 873] 
26
[239, 445, 777, 890] 
27
[399, 734, 809, 955] 
28
[124, 211, 230, 519, 666] 
29
[30, 194, 389, 850, 936] 
30
[1, 42, 231, 738, 958] 
31
[426, 613, 849, 963] 
32
[282, 469, 671, 708, 855] 
33
[19, 443, 546, 628, 663] 
34
[532, 627, 662, 811, 869] 
35
[363, 451, 799, 821, 918] 
36
[178, 485, 842, 863, 878] 
37
[378, 463, 700, 749, 752] 
38
[614, 692, 711, 785, 831] 
39
[84, 131, 330, 649] 
40
[164, 459, 531, 620, 730] 
41
[140, 221, 272, 784, 804] 
42
[68, 81, 317, 433, 557] 
43
[24, 339, 368, 392, 912] 
44
[52, 164, 459, 465, 786] 
45
[89, 181, 216, 400, 596] 
46
[52, 459, 620, 789, 883] 
47
[72, 520, 586, 727, 743] 
48
[264, 418, 513, 610, 750, 826] 
49
[435, 535, 572, 658, 693, 970] 
50
[80, 147, 247, 336, 666, 969] 
51
[95, 138, 320, 411, 644, 703] 
52
[92, 205, 406, 652, 818, 955] 
53
[359, 499, 584, 783, 981, 992] 
54
[14, 69, 179, 561, 795, 977] 
55
[106, 195, 228, 530, 759, 990] 
56
[123, 487, 664, 687, 740, 891] 
57
[175, 456, 628, 733, 843, 845] 
58
[46, 79, 442, 531, 680, 902] 
59
[219, 333, 394, 580, 682, 926, 964] 
60
[139, 285, 555, 602, 691, 900, 968] 
61
[276, 427, 559, 953, 957, 965] 
62
[13, 456, 591, 621, 660, 733, 961] 
63
[19, 141, 158, 373, 663, 705, 835] 
64
[208, 255, 298, 462, 812, 861, 993] 
65
[105, 113, 151, 391, 448, 503, 698, 828] 
66
[112, 234, 305, 379, 389, 764, 815, 827] 
67
[130, 204, 289, 484, 670, 717, 832] 
68
[109, 243, 423, 527, 885, 919] 
69
[18, 156, 318, 446, 460, 611, 646, 768] 
70
[84, 131, 261, 372, 490, 539, 856] 
71
[17, 273, 398, 416, 509, 661, 787, 874] 
72
[154, 159, 162, 286, 494, 920, 937, 982] 
73
[71, 238, 303, 414, 589, 639, 766, 996] 
74
[35, 40, 122, 380, 409, 648, 742, 777] 
75
[189, 190, 429, 607, 647, 675, 756, 794, 900] 
76
[57, 143, 323, 402, 420, 478, 686] 
77
[116, 128, 191, 315, 431, 658, 665, 693, 801] 
78
[102, 156, 279, 556, 601, 669, 728, 760, 873] 
79
[122, 135, 187, 257, 354, 380, 474, 695] 
80
[46, 227, 364, 435, 442, 535, 959, 980] 
81
[93, 138, 158, 373, 411, 835, 910, 930, 985] 
82
[51, 61, 90, 117, 138, 320, 338, 615, 930] 
83
[145, 395, 510, 539, 556, 715, 728, 856] 
84
[157, 309, 512, 545, 547, 564, 665, 799, 823, 918, 951] 
85
[127, 140, 214, 306, 398, 509, 549, 776, 837, 852] 
86
[86, 178, 270, 351, 482, 485, 581, 606, 746, 842, 929] 
87
[142, 159, 537, 560, 604, 711, 785, 901, 920, 975] 
88
[84, 142, 223, 330, 372, 472, 518, 603, 719, 720, 769, 913] 
89
[97, 331, 408, 457, 478, 587, 588, 632, 643, 686, 810, 820, 824, 875] 
90
[8, 241, 251, 260, 287, 341, 355, 424, 436, 439, 524, 605, 672, 756, 794, 954] 
91
[83, 205, 243, 342, 363, 399, 406, 473, 527, 532, 572, 573, 693, 747, 970] 
92
[212, 224, 227, 265, 268, 442, 462, 536, 680, 702, 741, 812, 859, 902] 
93
[10, 21, 31, 39, 266, 285, 294, 385, 401, 439, 534, 655, 672, 691, 765, 791] 
94
[53, 64, 119, 164, 218, 242, 300, 393, 690, 730, 774, 816, 899, 966] 
95
[31, 104, 173, 217, 278, 286, 294, 424, 551, 582, 605, 667, 672, 757, 866, 907] 
96
[16, 91, 101, 128, 148, 191, 284, 309, 512, 554, 571, 735, 773, 789, 797, 883, 921] 
97
[22, 99, 119, 177, 259, 267, 288, 393, 415, 508, 617, 634, 640, 887, 922, 989, 997] 
98
[73, 95, 351, 373, 381, 417, 427, 482, 606, 622, 624, 705, 829, 863, 878, 910, 957, 985] 
99
[171, 258, 273, 322, 327, 471, 490, 509, 510, 511, 523, 600, 677, 683, 701, 712, 724, 856, 944] 
100
[4, 48, 63, 151, 192, 211, 230, 237, 263, 492, 500, 501, 519, 555, 602, 630, 674, 825, 893, 905] 
101
[6, 48, 60, 63, 126, 149, 160, 161, 247, 263, 293, 299, 367, 391, 430, 448, 458, 470, 503, 563, 597, 629, 630, 636, 699, 828, 839, 884, 969] 
102
[97, 143, 144, 249, 291, 326, 331, 334, 375, 417, 420, 476, 542, 570, 584, 588, 622, 632, 635, 638, 676, 696, 803, 836, 875, 981, 988, 992] 
103
[0, 163, 180, 202, 213, 239, 257, 296, 362, 453, 454, 466, 489, 506, 553, 592, 609, 614, 692, 720, 737, 739, 903, 916, 928, 972] 
104
[1, 7, 25, 30, 33, 42, 44, 67, 77, 78, 88, 194, 217, 234, 282, 345, 361, 379, 397, 433, 464, 469, 514, 538, 557, 560, 576, 592, 604, 618, 648, 667, 671, 681, 692, 714, 764, 777, 781, 855, 890, 892, 972, 979, 999] 
105
[28, 54, 80, 85, 106, 121, 132, 149, 167, 172, 188, 208, 228, 255, 265, 288, 300, 312, 349, 475, 480, 488, 522, 530, 536, 608, 617, 642, 664, 704, 753, 774, 808, 881, 897, 899] 
106
[5, 16, 24, 50, 56, 66, 101, 217, 245, 252, 259, 266, 294, 307, 310, 329, 345, 378, 385, 389, 390, 392, 396, 397, 449, 463, 467, 508, 533, 534, 571, 595, 645, 650, 697, 700, 706, 707, 735, 744, 749, 752, 775, 780, 791, 793, 798, 815, 827, 846, 848, 864, 871, 886, 889, 893, 896, 905, 908, 934, 956, 971] 
107
[14, 15, 23, 27, 36, 49, 58, 69, 110, 115, 118, 125, 146, 152, 154, 168, 176, 186, 193, 199, 209, 225, 229, 232, 264, 289, 290, 295, 311, 316, 320, 321, 325, 330, 333, 343, 355, 356, 366, 371, 410, 412, 413, 426, 437, 468, 483, 494, 495, 504, 515, 521, 524, 526, 565, 568, 579, 580, 585, 594, 598, 599, 615, 616, 626, 670, 726, 769, 778, 840, 894, 926, 935, 938, 963, 964, 973, 977, 978, 982] 
