1
[301, 332, 472, 791] 
2
[121, 577, 781, 858] 
3
[62, 423, 480, 728] 
4
[139, 508, 555, 986] 
5
[55, 236, 377, 867] 
6
[104, 407, 462, 721] 
7
[133, 229, 293, 896] 
8
[89, 366, 691, 794] 
9
[300, 529, 535, 557] 
10
[44, 115, 267, 686] 
11
[26, 82, 350, 718] 
12
[214, 594, 827, 969] 
13
[388, 424, 615, 754] 
14
[217, 598, 735, 877] 
15
[380, 490, 811, 896] 
16
[222, 280, 474, 948] 
17
[73, 111, 335, 664] 
18
[19, 459, 514, 996] 
19
[835, 838, 886, 978] 
20
[5, 440, 928, 941] 
21
[263, 534, 589, 860, 945] 
22
[137, 525, 776, 941, 994] 
23
[206, 299, 448, 585] 
24
[85, 369, 394, 681] 
25
[349, 612, 779, 823, 824] 
26
[88, 749, 855, 873, 965] 
27
[616, 679, 765, 771, 989] 
28
[3, 154, 187, 280, 356] 
29
[43, 121, 160, 577, 665] 
30
[178, 358, 572, 679, 989] 
31
[59, 264, 359, 399, 503] 
32
[68, 195, 211, 295, 367, 415] 
33
[264, 379, 503, 700, 707, 709] 
34
[54, 560, 649, 875, 942, 953] 
35
[37, 276, 438, 455, 620, 825] 
36
[50, 361, 411, 527, 602, 863] 
37
[79, 141, 271, 740, 805] 
38
[93, 212, 426, 511, 758, 888] 
39
[207, 223, 467, 560, 826, 875] 
40
[40, 575, 722, 866, 924, 946] 
41
[46, 129, 240, 429, 619, 806] 
42
[87, 121, 436, 710, 724, 781] 
43
[14, 178, 301, 472, 802, 989] 
44
[470, 749, 763, 773, 836, 855, 912] 
45
[13, 72, 314, 361, 493, 676, 848] 
46
[4, 187, 225, 356, 388, 419, 712] 
47
[109, 186, 360, 807, 835, 838, 984] 
48
[238, 253, 275, 332, 497, 610, 937] 
49
[73, 232, 335, 716, 803, 821, 840] 
50
[63, 95, 340, 658, 688, 870, 995] 
51
[227, 306, 546, 597, 692, 698, 784] 
52
[101, 208, 256, 514, 605, 648, 903, 914] 
53
[183, 316, 395, 478, 755, 785, 862, 927] 
54
[196, 210, 389, 523, 828, 875, 942, 949] 
55
[40, 53, 265, 337, 575, 590, 705, 717] 
56
[59, 106, 116, 135, 258, 359, 399, 962] 
57
[30, 55, 103, 330, 376, 377, 508, 578] 
58
[29, 124, 189, 288, 430, 488, 760, 994] 
59
[296, 343, 395, 478, 687, 894, 931] 
60
[53, 123, 132, 481, 521, 530, 590, 647] 
61
[183, 299, 448, 785, 817, 837, 878, 959] 
62
[110, 132, 407, 437, 521, 778, 918] 
63
[95, 185, 238, 247, 397, 645, 734, 852] 
64
[83, 308, 435, 549, 663, 683, 760, 916] 
65
[70, 273, 299, 365, 457, 746, 865, 959] 
66
[18, 325, 348, 417, 529, 535, 657, 688, 908] 
67
[0, 94, 217, 539, 598, 890, 944] 
68
[181, 228, 318, 530, 595, 666, 746, 797, 866, 946] 
69
[58, 101, 130, 220, 519, 543, 599, 759, 789, 914] 
70
[80, 115, 230, 487, 572, 601, 652, 702, 708, 812, 831, 874] 
71
[103, 105, 117, 207, 223, 499, 593, 621, 879, 889, 943] 
72
[13, 70, 181, 278, 336, 584, 739, 924, 946, 991] 
73
[89, 136, 324, 379, 443, 503, 573, 610, 709, 791, 794, 902] 
74
[43, 182, 633, 651, 665, 724, 872, 917, 966, 980] 
75
[24, 187, 358, 388, 424, 449, 518, 565, 615, 629, 675, 851] 
76
[107, 113, 139, 222, 326, 330, 555, 578, 609, 674, 820, 948] 
77
[81, 138, 269, 424, 513, 604, 617, 642, 754, 787, 818, 851, 930] 
78
[11, 47, 398, 426, 511, 544, 678, 758, 884, 904, 910, 923] 
79
[68, 150, 295, 307, 400, 456, 505, 556, 804, 882, 939] 
80
[59, 135, 164, 209, 237, 262, 337, 384, 443, 503, 570, 854, 871, 893, 932] 
81
[107, 152, 165, 169, 216, 302, 304, 326, 414, 428, 463, 522, 782, 839, 976] 
82
[17, 129, 160, 188, 224, 383, 475, 537, 554, 577, 653, 772, 800, 806, 858] 
83
[25, 30, 111, 170, 207, 236, 246, 251, 320, 335, 374, 499, 664, 684, 737, 821] 
84
[40, 96, 106, 116, 118, 151, 265, 272, 319, 461, 495, 509, 532, 562, 602, 697, 722, 933, 935] 
85
[4, 6, 75, 81, 191, 225, 345, 371, 388, 419, 434, 582, 639, 642, 754, 786, 787, 930] 
86
[76, 86, 118, 120, 151, 193, 258, 259, 270, 373, 390, 396, 545, 750, 766, 808, 923, 934, 962] 
87
[39, 74, 97, 134, 143, 148, 182, 285, 354, 371, 453, 538, 638, 639, 770, 849, 966, 997] 
88
[32, 60, 127, 221, 279, 285, 321, 322, 409, 483, 520, 564, 579, 586, 633, 644, 768, 792, 907] 
89
[6, 134, 152, 165, 214, 222, 280, 292, 302, 313, 356, 434, 474, 559, 574, 582, 628, 712, 770, 969] 
90
[119, 149, 254, 294, 305, 353, 403, 452, 482, 498, 668, 752, 808, 810, 933, 934] 
91
[16, 21, 92, 155, 243, 245, 253, 259, 264, 286, 355, 364, 396, 397, 399, 412, 504, 545, 553, 700, 707, 727, 744, 745, 774, 798, 850, 859, 897, 936] 
92
[1, 20, 32, 52, 79, 87, 158, 192, 329, 344, 401, 406, 408, 409, 421, 427, 442, 468, 512, 541, 558, 579, 586, 588, 619, 635, 671, 690, 703, 710, 740, 756, 781, 783, 801, 805, 806, 841, 842, 858, 909] 
93
[8, 26, 27, 56, 66, 77, 82, 98, 159, 180, 190, 226, 227, 229, 231, 252, 263, 266, 306, 315, 334, 350, 380, 413, 420, 450, 454, 458, 484, 490, 546, 550, 589, 597, 623, 643, 659, 692, 694, 698, 714, 729, 795, 796, 809, 840, 843, 883, 887, 892, 896, 900, 945, 957, 971] 
94
[3, 24, 33, 44, 56, 80, 113, 154, 159, 171, 172, 190, 232, 247, 267, 312, 315, 320, 340, 348, 385, 417, 439, 447, 449, 524, 561, 583, 601, 609, 634, 646, 657, 674, 686, 693, 702, 711, 718, 729, 730, 741, 765, 771, 795, 830, 831, 834, 852, 867, 870, 874, 880, 887, 895, 911, 913, 952, 979, 981, 982, 987] 
95
[19, 37, 58, 65, 68, 90, 97, 109, 125, 128, 130, 144, 146, 174, 195, 201, 220, 234, 260, 287, 304, 307, 311, 339, 357, 362, 392, 414, 422, 428, 433, 441, 451, 455, 456, 459, 463, 466, 485, 501, 505, 510, 522, 543, 574, 576, 593, 594, 620, 627, 628, 632, 637, 655, 672, 696, 715, 723, 789, 804, 827, 828, 835, 844, 849, 857, 861, 869, 872, 879, 882, 917, 939, 949, 956, 960, 966, 969, 993, 996] 
