1
[18, 119, 355, 407] 
2
[250, 675, 747, 790] 
3
[107, 622, 749, 871] 
4
[130, 232, 496, 587] 
5
[65, 150, 344, 800] 
6
[97, 200, 408, 892] 
7
[185, 309, 745, 834] 
8
[14, 208, 467, 493] 
9
[411, 488, 783, 870] 
10
[125, 222, 428, 658] 
11
[337, 615, 774, 879] 
12
[43, 316, 752, 776] 
13
[305, 452, 805, 979] 
14
[84, 239, 427, 596] 
15
[727, 737, 837, 867] 
16
[12, 228, 323, 923] 
17
[80, 322, 615, 879] 
18
[23, 395, 737, 937] 
19
[181, 217, 426, 773] 
20
[61, 127, 676, 695] 
21
[110, 425, 806, 951] 
22
[161, 419, 525, 758] 
23
[257, 307, 633, 649] 
24
[30, 668, 679, 698] 
25
[13, 282, 365, 807] 
26
[156, 594, 862, 992] 
27
[346, 412, 519, 848] 
28
[547, 559, 600, 854] 
29
[504, 677, 755, 884] 
30
[302, 509, 606, 825] 
31
[203, 270, 296, 648] 
32
[110, 619, 806, 873] 
33
[264, 337, 704, 879] 
34
[83, 150, 243, 344] 
35
[101, 203, 453, 648] 
36
[40, 509, 512, 825] 
37
[635, 641, 703, 769] 
38
[143, 246, 577, 671, 865] 
39
[185, 309, 335, 662] 
40
[7, 347, 756, 816, 984] 
41
[52, 449, 608, 943] 
42
[275, 319, 490, 540, 576] 
43
[182, 310, 478, 569] 
44
[112, 207, 286, 484, 565] 
45
[54, 154, 481, 772, 811] 
46
[82, 255, 342, 427, 707] 
47
[115, 466, 779, 918, 960] 
48
[364, 544, 593, 603] 
49
[59, 132, 314, 387] 
50
[128, 165, 203, 296, 354] 
51
[211, 464, 466, 915, 960] 
52
[22, 220, 527, 792, 891] 
53
[226, 283, 577, 784, 920] 
54
[335, 662, 670, 863, 959] 
55
[4, 27, 62, 317, 339] 
56
[330, 501, 727, 737, 937] 
57
[0, 259, 459, 724, 948] 
58
[128, 189, 296, 992] 
59
[54, 123, 562, 604, 636] 
60
[217, 310, 426, 478, 635, 703] 
61
[161, 343, 419, 450, 928] 
62
[198, 212, 391, 528, 847, 980] 
63
[97, 200, 202, 336, 494, 551] 
64
[80, 88, 264, 368, 402] 
65
[123, 562, 618, 656, 884] 
66
[23, 156, 189, 395, 664, 992] 
67
[10, 76, 318, 349, 468, 785] 
68
[186, 396, 490, 576, 658, 963] 
69
[148, 213, 590, 673, 910, 918] 
70
[444, 483, 717, 753, 778, 815] 
71
[156, 523, 544, 594, 858, 972] 
72
[23, 378, 523, 664, 740, 810] 
73
[130, 300, 437, 574, 607, 851] 
74
[43, 134, 362, 586, 776] 
75
[37, 93, 380, 766, 782, 818, 998] 
76
[143, 226, 451, 620, 754, 771] 
77
[68, 162, 233, 331, 578, 642, 762] 
78
[82, 312, 427, 670, 877, 917, 959] 
79
[12, 56, 228, 347, 816, 897, 973] 
80
[141, 266, 314, 429, 517, 624] 
81
[37, 375, 421, 766, 818, 906, 982] 
82
[86, 107, 118, 300, 607, 751] 
83
[151, 269, 273, 386, 522, 875] 
84
[70, 376, 478, 498, 569, 641, 703] 
85
[10, 69, 209, 339, 548, 666, 780] 
86
[91, 99, 381, 397, 536, 537, 710] 
87
[55, 169, 464, 466, 910, 918, 968] 
88
[62, 317, 318, 621, 647, 765, 881] 
89
[133, 320, 448, 535, 575, 622, 729, 749] 
90
[39, 66, 268, 311, 375, 421, 566] 
91
[74, 498, 546, 572, 583, 641, 805, 979] 
92
[318, 468, 621, 647, 660, 733, 812, 861] 
93
[9, 67, 159, 258, 409, 627, 654, 833] 
94
[149, 252, 325, 423, 706, 728, 821, 961, 999] 
95
[275, 287, 346, 353, 519, 576, 763, 848, 963, 967] 
96
[36, 48, 211, 445, 516, 779, 832, 904, 960] 
97
[45, 79, 150, 340, 355, 407, 604, 800, 803] 
98
[59, 105, 111, 253, 387, 555, 592, 603, 750, 813, 919] 
99
[1, 29, 58, 170, 210, 378, 456, 611, 734, 740, 810] 
100
[50, 100, 171, 283, 462, 547, 646, 854, 905, 944] 
101
[99, 166, 326, 381, 425, 489, 536, 568, 831, 894, 898, 957] 
102
[218, 294, 338, 560, 575, 729, 783, 870, 871] 
103
[11, 36, 51, 101, 165, 203, 445, 446, 470, 505, 591, 823, 889] 
104
[160, 176, 272, 322, 329, 461, 502, 508, 615, 774, 899, 916, 945] 
105
[8, 138, 173, 207, 231, 321, 416, 482, 565, 644, 653, 689, 705] 
106
[78, 89, 183, 206, 247, 374, 451, 513, 674, 732, 771, 853, 876] 
107
[140, 358, 411, 425, 437, 500, 568, 738, 830, 851, 903, 951] 
108
[60, 183, 230, 290, 377, 382, 420, 613, 674, 684, 696, 798, 804] 
109
[139, 180, 393, 406, 433, 442, 566, 663, 741, 845, 967, 989, 997] 
110
[177, 304, 420, 497, 613, 631, 674, 716, 724, 768, 804, 808, 841, 882, 950] 
111
[179, 239, 379, 458, 503, 526, 550, 612, 626, 659, 669, 744, 767, 863, 877, 917, 924] 
112
[155, 270, 424, 429, 453, 474, 485, 517, 522, 657, 934, 966, 971, 983, 991] 
113
[67, 163, 166, 363, 521, 586, 619, 693, 731, 752, 776, 833, 836, 873, 913, 980] 
114
[15, 33, 71, 77, 120, 137, 220, 291, 527, 538, 590, 602, 673, 687, 821, 867, 895, 896, 927, 985] 
115
[46, 53, 95, 98, 127, 135, 142, 267, 419, 436, 525, 529, 539, 637, 651, 717, 753, 758, 958] 
116
[2, 8, 13, 24, 89, 134, 362, 374, 398, 471, 479, 482, 632, 732, 797, 807, 817, 952, 977] 
117
[14, 40, 63, 85, 90, 185, 208, 255, 261, 292, 303, 312, 367, 401, 403, 493, 496, 512, 533, 606, 640, 662, 670, 707, 713, 719, 739, 746, 751, 757, 880, 941, 996] 
118
[5, 6, 157, 173, 198, 201, 309, 321, 335, 416, 458, 464, 516, 612, 617, 644, 721, 767, 832, 834, 855, 890, 904, 931, 970, 978] 
119
[19, 20, 31, 75, 171, 234, 241, 245, 246, 265, 327, 348, 405, 455, 462, 524, 547, 559, 584, 595, 605, 623, 688, 712, 748, 781, 797, 905, 952, 993] 
120
[20, 70, 102, 122, 181, 182, 193, 217, 224, 228, 310, 323, 346, 353, 361, 389, 412, 422, 433, 435, 455, 515, 552, 599, 629, 667, 690, 720, 848, 897, 949, 953, 967, 990, 997] 
121
[11, 17, 19, 31, 36, 38, 42, 46, 48, 53, 57, 74, 75, 109, 131, 138, 174, 191, 234, 236, 241, 245, 249, 262, 267, 269, 273, 282, 289, 299, 305, 327, 360, 365, 372, 373, 386, 404, 405, 413, 431, 452, 453, 477, 485, 487, 498, 510, 530, 532, 543, 546, 549, 563, 630, 639, 650, 657, 660, 688, 689, 691, 705, 714, 748, 764, 765, 781, 787, 788, 801, 812, 815, 819, 824, 886, 889, 922, 933, 955, 956, 974, 979] 
