1000
0 0.578106 0.151564
1 0.014065 0.581867
2 0.900850 0.267488
3 0.695413 0.508606
4 0.684221 0.473937
5 0.615427 0.499483
6 0.360982 0.929393
7 0.778393 0.198357
8 0.232057 0.429200
9 0.577937 0.045237
10 0.465980 0.873178
11 0.428604 0.365653
12 0.710420 0.907635
13 0.166686 0.521226
14 0.781745 0.559557
15 0.602786 0.422106
16 0.770681 0.748139
17 0.183779 0.597502
18 0.430417 0.532445
19 0.453300 0.322240
20 0.898104 0.833886
21 0.887552 0.005327
22 0.641489 0.158318
23 0.727223 0.160721
24 0.019516 0.534959
25 0.626433 0.801064
26 0.999039 0.487949
27 0.296127 0.021839
28 0.379352 0.361260
29 0.832010 0.876456
30 0.342092 0.728806
31 0.086054 0.382030
32 0.266097 0.938963
33 0.265814 0.641085
34 0.525158 0.066380
35 0.927243 0.616227
36 0.421166 0.673792
37 0.664360 0.052798
38 0.495958 0.822738
39 0.093119 0.408800
40 0.212254 0.714415
41 0.176969 0.421874
42 0.397396 0.190575
43 0.548084 0.119891
44 0.903167 0.079226
45 0.240913 0.664708
46 0.650778 0.031047
47 0.173646 0.407904
48 0.602201 0.059800
49 0.788407 0.932815
50 0.227336 0.473666
51 0.492402 0.658953
52 0.721064 0.264300
53 0.929972 0.792901
54 0.565071 0.306544
55 0.659423 0.024019
56 0.026396 0.914121
57 0.508722 0.383822
58 0.837955 0.395255
59 0.740569 0.114637
60 0.615909 0.257051
61 0.170083 0.226173
62 0.534513 0.618612
63 0.547248 0.657854
64 0.401183 0.210226
65 0.841488 0.610325
66 0.552838 0.059625
67 0.929136 0.596164
68 0.766580 0.738656
69 0.269039 0.439932
70 0.620664 0.888909
71 0.624224 0.585164
72 0.488443 0.047788
73 0.286180 0.035980
74 0.681918 0.698779
75 0.783373 0.207339
76 0.426406 0.386595
77 0.820730 0.565238
78 0.434979 0.542769
79 0.905702 0.047576
80 0.940944 0.975760
81 0.933555 0.780719
82 0.783726 0.679798
83 0.189042 0.486698
84 0.031209 0.324672
85 0.062484 0.762103
86 0.665558 0.902925
87 0.275310 0.102112
88 0.059716 0.531449
89 0.563482 0.141733
90 0.328228 0.331210
91 0.576739 0.091222
92 0.148730 0.641843
93 0.217463 0.753762
94 0.319404 0.567127
95 0.765023 0.830888
96 0.142870 0.992842
97 0.909763 0.444748
98 0.708457 0.770287
99 0.255390 0.936216
100 0.282467 0.716721
101 0.939324 0.033957
102 0.310019 0.448270
103 0.767645 0.431960
104 0.982213 0.831342
105 0.664602 0.661681
106 0.928853 0.015338
107 0.296201 0.899809
108 0.359619 0.592480
109 0.443234 0.013821
110 0.895541 0.419810
111 0.071147 0.714849
112 0.407830 0.033944
113 0.072510 0.161045
114 0.412548 0.390891
115 0.957312 0.871299
116 0.187657 0.000788
117 0.480170 0.105713
118 0.068775 0.053075
119 0.820955 0.194941
120 0.324988 0.540371
121 0.421921 0.327404
122 0.844606 0.685629
123 0.767111 0.628332
124 0.606935 0.509539
125 0.278867 0.314929
126 0.644948 0.293742
127 0.215115 0.877158
128 0.255995 0.040672
129 0.592451 0.055513
130 0.222395 0.317151
131 0.797803 0.845206
132 0.394639 0.404977
133 0.345344 0.620409
134 0.236933 0.124139
135 0.185566 0.742724
136 0.838187 0.042928
137 0.079837 0.694805
138 0.451082 0.044077
139 0.816475 0.863062
140 0.837709 0.377231
141 0.463325 0.582640
142 0.572302 0.395387
143 0.426999 0.953366
144 0.979954 0.146612
145 0.820402 0.237123
146 0.574716 0.872218
147 0.527859 0.355111
148 0.701370 0.248694
149 0.401097 0.117721
150 0.582171 0.903099
151 0.219536 0.340245
152 0.123220 0.330244
153 0.404790 0.924410
154 0.644673 0.844857
155 0.991972 0.318738
156 0.164834 0.613092
157 0.029335 0.509966
158 0.990220 0.125090
159 0.403000 0.843311
160 0.142039 0.693970
161 0.064924 0.521074
162 0.584074 0.696461
163 0.780021 0.587123
164 0.307778 0.306584
165 0.802215 0.569039
166 0.077494 0.416107
167 0.339473 0.720203
168 0.041967 0.284181
169 0.274266 0.980887
170 0.477970 0.213433
171 0.368609 0.360404
172 0.647608 0.210895
173 0.101801 0.431619
174 0.122983 0.159589
175 0.364133 0.024666
176 0.960207 0.500161
177 0.461339 0.008423
178 0.789321 0.801888
179 0.272204 0.256362
180 0.227500 0.888473
181 0.945720 0.507601
182 0.019990 0.376468
183 0.224366 0.854512
184 0.966552 0.582762
185 0.336550 0.015015
186 0.000746 0.762467
187 0.413901 0.380648
188 0.755227 0.549687
189 0.558115 0.070818
190 0.568273 0.290994
191 0.007172 0.869105
192 0.165094 0.685113
193 0.332274 0.969254
194 0.182059 0.772179
195 0.234460 0.916529
196 0.292764 0.852053
197 0.303878 0.994311
198 0.941970 0.353588
199 0.054840 0.576375
200 0.596724 0.025365
201 0.656237 0.642011
202 0.983586 0.073271
203 0.039625 0.734176
204 0.996673 0.031483
205 0.486170 0.130111
206 0.833307 0.220738
207 0.368908 0.889373
208 0.442406 0.621457
209 0.458169 0.745997
210 0.555266 0.869137
211 0.085730 0.519477
212 0.409273 0.865583
213 0.507211 0.833565
214 0.772090 0.191914
215 0.002412 0.452348
216 0.027240 0.107922
217 0.609741 0.469848
218 0.891525 0.427248
219 0.903579 0.922381
220 0.800591 0.968961
221 0.892366 0.132192
222 0.120969 0.603521
223 0.940403 0.236359
224 0.125297 0.134722
225 0.597786 0.906747
226 0.101938 0.389126
227 0.360609 0.224779
228 0.061088 0.920585
229 0.677499 0.039064
230 0.246494 0.679882
231 0.968755 0.904417
232 0.065247 0.848112
233 0.030798 0.877574
234 0.107674 0.787338
235 0.961339 0.027911
236 0.645177 0.723158
237 0.659616 0.510726
238 0.365944 0.341252
239 0.031250 0.446161
240 0.136755 0.953537
241 0.258715 0.648586
242 0.263714 0.269524
243 0.886097 0.459303
244 0.065511 0.094536
245 0.010789 0.549641
246 0.569941 0.468862
247 0.574949 0.582062
248 0.797668 0.860558
249 0.605980 0.043633
250 0.268022 0.399242
251 0.438061 0.091166
252 0.755356 0.951168
253 0.520847 0.126998
254 0.383833 0.437160
255 0.181981 0.409817
256 0.717884 0.450902
257 0.829510 0.945163
258 0.208361 0.226776
259 0.577968 0.563565
260 0.610408 0.195076
261 0.326939 0.242105
262 0.400742 0.984332
263 0.408580 0.682020
264 0.520195 0.224189
265 0.679245 0.423979
266 0.030035 0.585248
267 0.146183 0.943825
268 0.689553 0.981580
269 0.092363 0.238929
270 0.037580 0.757090
271 0.190775 0.388964
272 0.292063 0.978710
273 0.284157 0.454775
274 0.269492 0.667360
275 0.346888 0.865149
276 0.569964 0.911919
277 0.642878 0.133685
278 0.473810 0.331914
279 0.246601 0.346590
280 0.352205 0.281439
281 0.903984 0.367108
282 0.906841 0.519771
283 0.675686 0.113422
284 0.222709 0.813454
285 0.927371 0.584261
286 0.443226 0.080109
287 0.009917 0.530064
288 0.858377 0.235974
289 0.407027 0.797441
290 0.334263 0.867220
291 0.218591 0.410807
292 0.306358 0.209310
293 0.595163 0.397447
294 0.009010 0.689203
295 0.142270 0.210893
296 0.220124 0.461941
297 0.562711 0.956189
298 0.001788 0.531382
299 0.323875 0.432535
300 0.249085 0.993203
301 0.827066 0.953866
302 0.345552 0.676076
303 0.624810 0.968923
304 0.120672 0.539030
305 0.166883 0.918092
306 0.892171 0.248796
307 0.142790 0.884801
308 0.874348 0.325951
309 0.397640 0.336371
310 0.975432 0.029275
311 0.163792 0.252149
312 0.468485 0.151991
313 0.548674 0.615966
314 0.378654 0.939633
315 0.943182 0.762903
316 0.805216 0.796576
317 0.955571 0.574032
318 0.150714 0.319377
319 0.589452 0.668650
320 0.457762 0.226857
321 0.924372 0.076805
322 0.695266 0.419417
323 0.446698 0.391441
324 0.492619 0.279002
325 0.855981 0.520633
326 0.864739 0.698888
327 0.953329 0.803344
328 0.819373 0.909968
329 0.647209 0.141455
330 0.093934 0.451390
331 0.247871 0.144084
332 0.091992 0.825231
333 0.617316 0.728060
334 0.568169 0.705090
335 0.500263 0.075111
336 0.984479 0.504653
337 0.188116 0.047253
338 0.868140 0.682353
339 0.374433 0.735455
340 0.366500 0.318607
341 0.547062 0.916785
342 0.506493 0.229663
343 0.275643 0.968406
344 0.972275 0.391413
345 0.770346 0.921525
346 0.393560 0.146944
347 0.193348 0.085436
348 0.348228 0.087929
349 0.000703 0.053269
350 0.117462 0.428733
351 0.359196 0.566982
352 0.321977 0.513749
353 0.018134 0.869037
354 0.552932 0.297326
355 0.439110 0.386039
356 0.989287 0.653111
357 0.329069 0.808184
358 0.467856 0.496219
359 0.737161 0.680455
360 0.062284 0.634940
361 0.213406 0.317480
362 0.827066 0.515065
363 0.868639 0.610676
364 0.838904 0.997456
365 0.707529 0.485953
366 0.321831 0.499054
367 0.554752 0.354561
368 0.886322 0.815483
369 0.779007 0.061810
370 0.821324 0.316078
371 0.150719 0.419687
372 0.135747 0.658531
373 0.414875 0.735963
374 0.073763 0.977877
375 0.366608 0.195988
376 0.025384 0.526863
377 0.881849 0.479392
378 0.482392 0.164108
379 0.289907 0.623819
380 0.065671 0.683943
381 0.537491 0.730073
382 0.066198 0.176385
383 0.335077 0.211809
384 0.439770 0.649806
385 0.923058 0.006151
386 0.895069 0.974321
387 0.206575 0.577289
388 0.233942 0.105509
389 0.320569 0.822150
390 0.923308 0.145686
391 0.358579 0.252180
392 0.010062 0.498736
393 0.429355 0.807354
394 0.867407 0.794669
395 0.055604 0.445836
396 0.101883 0.046236
397 0.973121 0.767045
398 0.447401 0.192271
399 0.588757 0.446337
400 0.625935 0.781106
401 0.712141 0.186285
402 0.964087 0.052257
403 0.688716 0.222573
404 0.020559 0.085730
405 0.601636 0.005661
406 0.067440 0.073502
407 0.320113 0.448663
408 0.519065 0.312296
409 0.287648 0.637108
410 0.233128 0.500365
411 0.621379 0.433723
412 0.620235 0.469361
413 0.192668 0.696256
414 0.972970 0.727655
415 0.449199 0.099595
416 0.859819 0.197428
417 0.201197 0.347624
418 0.148207 0.548599
419 0.978369 0.358207
420 0.429752 0.445905
421 0.936235 0.572094
422 0.318835 0.010175
423 0.344669 0.882839
424 0.169379 0.083368
425 0.982943 0.988882
426 0.040713 0.711382
427 0.698515 0.372653
428 0.903825 0.456695
429 0.609628 0.248444
430 0.136266 0.019768
431 0.025130 0.744873
432 0.371712 0.490254
433 0.799045 0.192914
434 0.413277 0.459669
435 0.092347 0.571791
436 0.103872 0.369912
437 0.014743 0.345033
438 0.162219 0.340484
439 0.768313 0.983947
440 0.795127 0.432036
441 0.174801 0.465001
442 0.127192 0.848799
443 0.213038 0.195307
444 0.056088 0.551053
445 0.153555 0.800231
446 0.418288 0.897665
447 0.292164 0.085924
448 0.006591 0.895514
449 0.272450 0.897462
450 0.806057 0.170340
451 0.423803 0.050404
452 0.295294 0.996734
453 0.069524 0.909399
454 0.788506 0.756926
455 0.549129 0.431783
456 0.207963 0.805792
457 0.838377 0.807513
458 0.773837 0.134911
459 0.576711 0.473139
460 0.921136 0.720772
461 0.725185 0.878093
462 0.963802 0.763149
463 0.534849 0.360681
464 0.772809 0.029265
465 0.575867 0.378085
466 0.310632 0.349920
467 0.703191 0.310527
468 0.359705 0.676134
469 0.161638 0.431485
470 0.269305 0.038047
471 0.855110 0.677267
472 0.229510 0.339174
473 0.781045 0.107703
474 0.639360 0.443896
475 0.652885 0.737764
476 0.819621 0.628313
477 0.842456 0.896429
478 0.824696 0.262503
479 0.055468 0.393459
480 0.339678 0.394044
481 0.837974 0.154643
482 0.036231 0.110613
483 0.352394 0.272185
484 0.304935 0.173777
485 0.858818 0.609319
486 0.981921 0.436564
487 0.990601 0.196839
488 0.544066 0.984193
489 0.222836 0.664137
490 0.259728 0.770311
491 0.898133 0.858460
492 0.950923 0.760389
493 0.796160 0.623492
494 0.348059 0.239386
495 0.511765 0.431991
496 0.499785 0.992596
497 0.841051 0.197090
498 0.338201 0.526565
499 0.965574 0.123021
500 0.293624 0.361243
501 0.471961 0.898391
502 0.803305 0.695032
503 0.664928 0.421161
504 0.051839 0.200206
505 0.448428 0.556813
506 0.580880 0.786575
507 0.598600 0.635698
508 0.110709 0.560704
509 0.436175 0.510269
510 0.338122 0.793287
511 0.996477 0.311533
512 0.618573 0.683137
513 0.532474 0.022423
514 0.443325 0.908631
515 0.552987 0.234958
516 0.694633 0.622534
517 0.467004 0.181903
518 0.471099 0.956033
519 0.261492 0.060434
520 0.084906 0.602675
521 0.152822 0.998290
522 0.298490 0.464076
523 0.820824 0.752171
524 0.659713 0.373637
525 0.217074 0.401892
526 0.461577 0.629535
527 0.076683 0.453965
528 0.085787 0.921961
529 0.862250 0.751774
530 0.961657 0.817063
531 0.750541 0.928476
532 0.721871 0.062465
533 0.666772 0.157294
534 0.870635 0.149851
535 0.029630 0.568754
536 0.153212 0.062294
537 0.795531 0.135194
538 0.212438 0.835112
539 0.593283 0.485840
540 0.193027 0.954594
541 0.768643 0.589352
542 0.185895 0.420678
543 0.842828 0.620671
544 0.792442 0.507651
545 0.229854 0.615076
546 0.632689 0.871234
547 0.054664 0.704785
548 0.321328 0.670905
549 0.567299 0.832042
550 0.292226 0.803053
551 0.957968 0.837540
552 0.864589 0.173611
553 0.112963 0.178023
554 0.319049 0.793137
555 0.428419 0.201932
556 0.742726 0.794411
557 0.139732 0.007749
558 0.364387 0.420716
559 0.201063 0.330233
560 0.489417 0.313720
561 0.746573 0.868502
562 0.124386 0.750815
563 0.262619 0.132386
564 0.950281 0.250818
565 0.234627 0.277803
566 0.029881 0.671465
567 0.371505 0.522705
568 0.064608 0.233421
569 0.343410 0.287219
570 0.840390 0.135201
571 0.461471 0.513205
572 0.243390 0.465569
573 0.257308 0.324366
574 0.291353 0.768289
575 0.774884 0.778142
576 0.634236 0.203074
577 0.740632 0.195651
578 0.276070 0.235116
579 0.605511 0.185401
580 0.210206 0.504309
581 0.814292 0.380914
582 0.344547 0.978144
583 0.520274 0.453658
584 0.099905 0.341783
585 0.511664 0.499457
586 0.887681 0.774311
587 0.904740 0.391140
588 0.915745 0.566726
589 0.110056 0.658154
590 0.358995 0.167054
591 0.564347 0.552415
592 0.680845 0.863542
593 0.776075 0.339811
594 0.771889 0.273770
595 0.895005 0.930682
596 0.801566 0.381744
597 0.841874 0.004357
598 0.438646 0.723956
599 0.687111 0.214672
600 0.704432 0.222825
601 0.305665 0.876256
602 0.401699 0.251754
603 0.191918 0.628501
604 0.054865 0.121761
605 0.770874 0.710408
606 0.791713 0.814789
607 0.107170 0.396481
608 0.453444 0.215557
609 0.222978 0.148776
610 0.232533 0.926821
611 0.201716 0.951307
612 0.876557 0.110415
613 0.263271 0.495970
614 0.181021 0.528335
615 0.586994 0.061952
616 0.127383 0.729650
617 0.338629 0.315836
618 0.248961 0.552551
619 0.014603 0.957662
620 0.323286 0.531998
621 0.700612 0.399495
622 0.325432 0.177815
623 0.555964 0.184863
624 0.620020 0.989442
625 0.968996 0.281700
626 0.153261 0.507153
627 0.019675 0.431114
628 0.960751 0.407849
629 0.284884 0.489540
630 0.049504 0.557134
631 0.801303 0.647134
632 0.455111 0.195640
633 0.536589 0.546279
634 0.714300 0.865129
635 0.945094 0.271739
636 0.980275 0.653498
637 0.979493 0.298856
638 0.817507 0.246190
639 0.561642 0.260644
640 0.963922 0.110253
641 0.523475 0.382519
642 0.307241 0.358789
643 0.798373 0.420002
644 0.303627 0.395308
645 0.078003 0.064639
646 0.204533 0.395534
647 0.240436 0.819527
648 0.751561 0.048416
649 0.602437 0.288177
650 0.449355 0.748663
651 0.452130 0.669124
652 0.132982 0.609836
653 0.377822 0.003545
654 0.308965 0.250059
655 0.624575 0.384295
656 0.668065 0.291659
657 0.082207 0.902141
658 0.243105 0.911574
659 0.536690 0.578621
660 0.916593 0.581076
661 0.501531 0.914832
662 0.286488 0.971575
663 0.115047 0.576369
664 0.958091 0.088680
665 0.931683 0.262547
666 0.499728 0.449969
667 0.925612 0.106424
668 0.788637 0.705175
669 0.391245 0.808364
670 0.866654 0.934514
671 0.076408 0.522301
672 0.957987 0.647311
673 0.944176 0.597174
674 0.113108 0.120505
675 0.494087 0.236273
676 0.544756 0.195955
677 0.722402 0.254263
678 0.849771 0.000201
679 0.572786 0.573541
680 0.126690 0.184884
681 0.520680 0.516655
682 0.966980 0.261794
683 0.211670 0.032991
684 0.329650 0.938736
685 0.052558 0.671122
686 0.888227 0.788374
687 0.644964 0.054220
688 0.428005 0.846411
689 0.850267 0.802164
690 0.690543 0.905172
691 0.641057 0.217476
692 0.029774 0.210903
693 0.815399 0.808549
694 0.257190 0.340473
695 0.157430 0.330155
696 0.555873 0.023420
697 0.042722 0.012805
698 0.929848 0.307662
699 0.251166 0.820874
700 0.912119 0.694748
701 0.517756 0.698123
702 0.551979 0.569980
703 0.095528 0.919869
704 0.312126 0.593936
705 0.448464 0.381233
706 0.578394 0.291742
707 0.275086 0.413832
708 0.720632 0.116258
709 0.309458 0.464652
710 0.842081 0.635985
711 0.780689 0.296316
712 0.649079 0.415488
713 0.540271 0.682783
714 0.043882 0.796529
715 0.858789 0.328470
716 0.371036 0.808296
717 0.869513 0.219082
718 0.032778 0.713225
719 0.948794 0.147766
720 0.756561 0.869698
721 0.204038 0.837695
722 0.349854 0.148422
723 0.592630 0.585284
724 0.264466 0.694784
725 0.127981 0.935786
726 0.385562 0.045981
727 0.952032 0.107267
728 0.431063 0.293988
729 0.284548 0.538315
730 0.198912 0.775548
731 0.976783 0.096090
732 0.617625 0.481860
733 0.116008 0.648834
734 0.221112 0.290726
735 0.687325 0.312832
736 0.266981 0.589647
737 0.053027 0.489448
738 0.080232 0.947755
739 0.002784 0.586328
740 0.561509 0.742598
741 0.887414 0.596793
742 0.492627 0.341032
743 0.659223 0.038105
744 0.559035 0.534672
745 0.028161 0.857196
746 0.578409 0.663432
747 0.639522 0.650655
748 0.164048 0.206718
749 0.051636 0.043212
750 0.814024 0.999419
751 0.904244 0.193667
752 0.833828 0.089597
753 0.800346 0.235354
754 0.114707 0.611368
755 0.048604 0.863884
756 0.008295 0.169675
757 0.614008 0.287541
758 0.415542 0.998343
759 0.730392 0.196135
760 0.218590 0.207884
761 0.049831 0.692802
762 0.589930 0.705584
763 0.995889 0.835179
764 0.718108 0.566824
765 0.474487 0.476807
766 0.417813 0.221124
767 0.507993 0.690791
768 0.959125 0.307869
769 0.195626 0.185418
770 0.112605 0.807547
771 0.887238 0.366926
772 0.877218 0.868799
773 0.719546 0.343293
774 0.011323 0.850248
775 0.520349 0.589649
776 0.796594 0.100930
777 0.430520 0.914301
778 0.109857 0.920690
779 0.002417 0.196327
780 0.049694 0.731082
781 0.778660 0.229133
782 0.088585 0.500750
783 0.451783 0.630965
784 0.396319 0.235633
785 0.674585 0.975657
786 0.079089 0.054619
787 0.010058 0.076245
788 0.454881 0.639049
789 0.530080 0.790903
790 0.175279 0.789081
791 0.941299 0.422797
792 0.249981 0.694461
793 0.643692 0.740425
794 0.712947 0.147170
795 0.869444 0.008519
796 0.400535 0.225148
797 0.234303 0.299419
798 0.199705 0.684296
799 0.874434 0.140981
800 0.838838 0.249471
801 0.129514 0.801857
802 0.560731 0.694513
803 0.699494 0.885202
804 0.040850 0.348056
805 0.841471 0.880449
806 0.729333 0.957781
807 0.111998 0.884098
808 0.959476 0.603544
809 0.645287 0.928814
810 0.398472 0.482849
811 0.630993 0.052156
812 0.002834 0.669725
813 0.041747 0.249466
814 0.534374 0.773386
815 0.169984 0.321721
816 0.220034 0.252792
817 0.697331 0.772858
818 0.814096 0.781991
819 0.537994 0.011515
820 0.095103 0.492809
821 0.057810 0.055722
822 0.305732 0.164711
823 0.386348 0.579995
824 0.930820 0.605977
825 0.537544 0.642366
826 0.847176 0.570533
827 0.987809 0.143091
828 0.249891 0.669940
829 0.789384 0.461230
830 0.519743 0.903577
831 0.564680 0.678980
832 0.672037 0.273105
833 0.291005 0.409293
834 0.150144 0.217959
835 0.523735 0.956760
836 0.032597 0.466912
837 0.840339 0.585757
838 0.254217 0.066244
839 0.102460 0.165306
840 0.513625 0.093442
841 0.253496 0.112075
842 0.657650 0.176773
843 0.105578 0.799787
844 0.784103 0.729311
845 0.272616 0.360879
846 0.783910 0.149586
847 0.064223 0.977651
848 0.217234 0.000727
849 0.674883 0.131093
850 0.965677 0.683935
851 0.617491 0.224225
852 0.117285 0.281597
853 0.052863 0.922297
854 0.878359 0.252049
855 0.254671 0.521244
856 0.197212 0.317587
857 0.861841 0.635437
858 0.207799 0.141110
859 0.337632 0.896240
860 0.010925 0.331654
861 0.632474 0.037856
862 0.169898 0.162491
863 0.172823 0.743559
864 0.198606 0.824576
865 0.371309 0.413033
866 0.376186 0.986686
867 0.788551 0.056923
868 0.130260 0.535974
869 0.120400 0.586336
870 0.949527 0.855623
871 0.977875 0.315780
872 0.513299 0.799559
873 0.598294 0.813426
874 0.269212 0.803842
875 0.159976 0.838128
876 0.134449 0.404709
877 0.482371 0.719926
878 0.551839 0.111168
879 0.733593 0.967726
880 0.372699 0.852939
881 0.659618 0.859028
882 0.763487 0.240619
883 0.714422 0.356080
884 0.838040 0.497879
885 0.413027 0.851079
886 0.270344 0.150322
887 0.852233 0.404040
888 0.875674 0.715566
889 0.226768 0.228063
890 0.281033 0.355374
891 0.184446 0.114011
892 0.654262 0.249096
893 0.052105 0.322962
894 0.482814 0.189864
895 0.468353 0.003237
896 0.779274 0.518064
897 0.415465 0.582174
898 0.110295 0.203443
899 0.417046 0.160767
900 0.328676 0.033414
901 0.141368 0.264438
902 0.556245 0.998064
903 0.397535 0.373936
904 0.660290 0.184708
905 0.720821 0.918589
906 0.118805 0.858753
907 0.938854 0.904806
908 0.887322 0.938972
909 0.524950 0.708419
910 0.579581 0.649478
911 0.050752 0.165185
912 0.240884 0.953249
913 0.556693 0.941668
914 0.582428 0.189144
915 0.208001 0.618174
916 0.288332 0.738159
917 0.877461 0.763253
918 0.992208 0.344786
919 0.680363 0.999221
920 0.835801 0.051559
921 0.708970 0.260084
922 0.446548 0.737456
923 0.208186 0.218417
924 0.136875 0.671780
925 0.306625 0.865042
926 0.578569 0.056032
927 0.141163 0.470116
928 0.835254 0.527150
929 0.290054 0.794757
930 0.093422 0.042531
931 0.900141 0.006662
932 0.839196 0.536256
933 0.352827 0.609039
934 0.930814 0.863328
935 0.586120 0.575346
936 0.716440 0.008977
937 0.490250 0.608617
938 0.225165 0.164379
939 0.814609 0.458898
940 0.483722 0.892980
941 0.203092 0.938929
942 0.964430 0.326312
943 0.417824 0.965225
944 0.013455 0.195636
945 0.724999 0.686682
946 0.517740 0.924912
947 0.195650 0.438666
948 0.103603 0.900862
949 0.956600 0.337534
950 0.043872 0.781855
951 0.882468 0.931997
952 0.572254 0.239185
953 0.597353 0.755988
954 0.947830 0.168306
955 0.274872 0.287789
956 0.000286 0.164159
957 0.233245 0.738797
958 0.745395 0.237554
959 0.465151 0.967152
960 0.091422 0.136368
961 0.000196 0.628943
962 0.920894 0.337997
963 0.191258 0.497719
964 0.827109 0.185264
965 0.068404 0.926224
966 0.055705 0.744730
967 0.986590 0.887773
968 0.280169 0.863303
969 0.534744 0.039369
970 0.539984 0.807489
971 0.192908 0.355648
972 0.956871 0.515270
973 0.509641 0.312313
974 0.464266 0.829022
975 0.173441 0.705837
976 0.791157 0.649270
977 0.015412 0.825235
978 0.324910 0.478368
979 0.914553 0.005482
980 0.901887 0.886170
981 0.282050 0.559407
982 0.955270 0.380584
983 0.545200 0.375353
984 0.727827 0.380027
985 0.162064 0.905868
986 0.570301 0.347727
987 0.979014 0.965305
988 0.968140 0.965232
989 0.068531 0.399696
990 0.217620 0.946105
991 0.666062 0.744076
992 0.606992 0.720672
993 0.462429 0.440372
994 0.549081 0.758824
995 0.302249 0.053296
996 0.358863 0.740246
997 0.288991 0.192137
998 0.272840 0.130099
999 0.403767 0.523136
5000
0 43
0 89
0 260
0 579
0 623
0 676
0 878
0 914
1 24
1 199
1 245
1 266
1 287
1 298
1 376
1 444
1 535
1 630
1 739
1 961
2 223
2 288
2 306
2 564
2 635
2 665
2 698
2 717
2 854
3 4
3 237
3 365
4 237
4 256
4 265
4 322
4 365
4 474
4 503
5 124
5 217
5 237
5 246
5 412
5 459
5 539
5 732
6 153
6 193
6 207
6 314
6 423
6 582
6 684
6 859
7 75
7 119
7 145
7 214
7 433
7 450
7 577
7 753
7 759
7 781
7 846
7 882
7 958
7 964
8 41
8 50
8 69
8 250
8 255
8 271
8 273
8 291
8 296
8 525
8 542
8 572
8 646
8 707
8 947
9 34
9 48
9 66
9 91
9 129
9 189
9 200
9 249
9 405
9 513
9 615
9 696
9 811
9 819
9 861
9 926
9 969
10 212
10 213
10 446
10 501
10 514
10 661
10 688
10 777
10 885
10 940
10 974
11 19
11 28
11 76
11 114
11 121
11 132
11 187
11 278
11 309
11 323
11 355
11 705
11 903
12 86
12 461
12 531
12 561
12 592
12 634
12 690
12 803
12 806
12 905
13 83
13 304
13 418
13 441
13 580
13 614
13 626
13 868
13 927
13 963
14 77
14 163
14 165
14 188
14 541
14 544
14 896
15 142
15 217
15 246
15 293
15 399
15 411
15 412
15 455
15 459
15 465
15 474
15 655
15 712
16 68
16 178
16 454
16 523
16 556
16 575
16 605
16 668
16 818
16 844
17 92
17 156
17 387
17 545
17 603
17 652
17 915
18 78
18 358
18 505
18 509
18 571
18 897
18 999
19 121
19 278
19 309
19 324
19 560
19 728
19 742
19 973
20 53
20 368
20 394
20 491
20 686
20 689
20 772
20 870
20 934
20 980
21 79
21 106
21 385
21 597
21 678
21 795
21 931
21 979
22 172
22 260
22 277
22 283
22 329
22 533
22 576
22 579
22 842
22 849
22 904
23 59
23 214
23 401
23 458
23 577
23 708
23 759
23 794
23 846
24 88
24 157
24 161
24 199
24 245
24 266
24 287
24 298
24 376
24 392
24 444
24 535
24 630
24 671
24 737
24 739
25 154
25 400
25 506
25 873
25 953
26 176
26 181
26 336
26 486
26 972
27 73
27 128
27 185
27 422
27 470
27 519
27 900
27 995
28 76
28 114
28 121
28 132
28 171
28 187
28 238
28 309
28 340
28 480
28 865
28 903
29 131
29 139
29 248
29 328
29 477
29 772
29 805
30 167
30 302
30 339
30 468
30 916
30 996
31 39
31 166
31 173
31 226
31 350
31 436
31 479
31 584
31 607
31 804
31 876
31 989
32 99
32 107
32 169
32 195
32 272
32 300
32 343
32 449
32 610
32 658
32 662
32 912
32 990
33 45
33 230
33 241
33 274
33 379
33 409
33 489
33 545
33 724
33 736
33 792
33 828
34 43
34 66
34 72
34 91
34 189
34 335
34 513
34 696
34 819
34 840
34 878
34 926
34 969
35 67
35 184
35 285
35 317
35 421
35 588
35 660
35 672
35 673
35 741
35 808
35 824
36 208
36 263
36 384
36 598
36 651
36 783
36 788
37 46
37 55
37 229
37 532
37 687
37 743
37 811
37 861
38 213
38 789
38 872
38 970
38 974
39 166
39 173
39 226
39 330
39 350
39 371
39 395
39 436
39 479
39 527
39 607
39 876
39 989
40 45
40 93
40 135
40 192
40 230
40 413
40 489
40 724
40 792
40 798
40 828
40 863
40 957
40 975
41 47
41 255
41 271
41 291
41 371
41 441
41 469
41 525
41 542
41 646
41 876
41 947
42 64
42 227
42 346
42 375
42 398
42 555
42 590
42 632
42 766
42 784
42 796
42 899
43 89
43 91
43 189
43 253
43 840
43 878
44 79
44 101
44 221
44 321
44 612
44 664
44 667
44 727
45 230
45 241
45 274
45 409
45 413
45 489
45 545
45 724
45 792
45 798
45 828
45 915
46 48
46 55
46 200
46 229
46 249
46 405
46 687
46 743
46 811
46 861
47 255
47 271
47 291
47 371
47 441
47 469
47 525
47 542
47 646
47 876
47 947
47 971
48 66
48 91
48 129
48 189
48 200
48 249
48 405
48 615
48 687
48 811
48 861
48 926
49 220
49 252
49 257
49 301
49 328
49 345
49 439
49 531
50 69
50 83
50 296
50 410
50 441
50 572
50 580
50 613
50 855
50 947
50 963
51 62
51 63
51 384
51 526
51 651
51 701
51 713
51 767
51 783
51 788
51 825
51 937
52 148
52 403
52 467
52 594
52 600
52 677
52 832
52 882
52 921
52 958
53 81
53 315
53 327
53 368
53 397
53 462
53 492
53 530
53 551
53 586
53 686
54 190
54 354
54 367
54 408
54 639
54 649
54 706
54 757
54 973
54 986
55 229
55 249
55 687
55 743
55 811
55 861
56 191
56 228
56 233
56 353
56 448
56 453
56 619
56 657
56 745
56 755
56 853
56 965
57 147
57 367
57 463
57 495
57 641
57 742
57 983
58 140
58 440
58 581
58 596
58 643
58 771
58 887
59 458
59 473
59 532
59 708
59 776
59 794
59 846
60 126
60 172
60 190
60 429
60 576
60 639
60 649
60 691
60 706
60 757
60 832
60 851
60 892
60 952
61 258
61 295
61 311
61 443
61 748
61 760
61 769
61 816
61 834
61 889
61 901
61 923
62 63
62 247
62 313
62 659
62 702
62 775
62 825
62 910
62 937
63 162
63 313
63 319
63 334
63 507
63 701
63 713
63 746
63 767
63 802
63 825
63 831
63 909
63 910
64 227
64 375
64 398
64 555
64 602
64 608
64 632
64 766
64 784
64 796
64 899
65 77
65 165
65 363
65 476
65 485
65 493
65 543
65 631
65 710
65 741
65 826
65 837
65 857
66 91
66 129
66 189
66 200
66 249
66 335
66 513
66 615
66 696
66 819
66 840
66 878
66 926
66 969
67 184
67 285
67 317
67 421
67 588
67 660
67 673
67 741
67 808
67 824
68 454
68 502
68 523
68 575
68 605
68 668
68 844
69 102
69 250
69 273
69 291
69 296
69 299
69 407
69 522
69 572
69 613
69 629
69 644
69 707
69 709
69 833
70 86
70 146
70 150
70 154
70 225
70 276
70 546
70 809
70 881
71 247
71 259
71 507
71 679
71 723
71 935
72 109
72 117
72 138
72 177
72 286
72 335
72 513
72 840
72 895
72 969
73 128
73 185
73 422
73 447
73 470
73 519
73 838
73 900
73 995
74 105
74 236
74 359
74 475
74 793
74 945
74 991
75 119
75 145
75 206
75 214
75 433
75 450
75 497
75 577
75 638
75 753
75 759
75 781
75 846
75 882
75 958
75 964
76 114
76 132
76 187
76 309
76 323
76 355
76 705
76 903
77 163
77 165
77 325
77 362
77 485
77 541
77 826
77 837
77 928
77 932
78 141
78 358
78 505
78 509
78 571
78 897
78 999
79 101
79 106
79 321
79 385
79 402
79 795
79 931
79 979
80 386
80 425
80 987
80 988
81 315
81 327
81 397
81 462
81 492
81 530
81 586
81 686
82 123
82 359
82 493
82 502
82 605
82 631
82 668
82 844
82 976
83 296
83 410
83 441
83 572
83 580
83 614
83 626
83 927
83 947
83 963
84 168
84 182
84 437
84 804
84 860
84 893
85 111
85 203
85 234
85 270
85 426
85 431
85 547
85 714
85 718
85 780
85 843
85 950
85 966
86 546
86 592
86 690
86 803
86 809
86 881
86 905
87 134
87 331
87 388
87 447
87 519
87 563
87 838
87 841
87 886
87 995
87 998
88 157
88 161
88 199
88 211
88 245
88 287
88 298
88 376
88 435
88 444
88 535
88 630
88 671
88 737
88 782
88 820
89 91
89 253
89 623
89 676
89 878
89 914
90 125
90 164
90 171
90 238
90 280
90 340
90 466
90 500
90 569
90 617
90 642
90 890
91 129
91 189
91 249
91 615
91 878
91 926
92 156
92 160
92 192
92 222
92 372
92 589
92 603
92 652
92 733
92 754
92 924
93 135
93 194
93 456
93 490
93 730
93 790
93 863
93 957
94 108
94 120
94 351
94 352
94 498
94 620
94 704
94 729
94 736
94 933
94 981
95 131
95 178
95 248
95 316
95 556
95 561
95 575
95 606
95 693
95 720
96 240
96 267
96 521
97 110
97 218
97 243
97 377
97 428
97 587
97 791
98 556
98 817
98 991
99 107
99 169
99 180
99 195
99 272
99 300
99 343
99 449
99 610
99 611
99 658
99 662
99 912
99 941
99 990
100 167
100 230
100 274
100 490
100 574
100 724
100 792
100 828
100 916
100 957
101 106
101 204
101 235
101 310
101 321
101 385
101 402
101 664
101 931
101 979
102 273
102 299
102 366
102 407
102 522
102 629
102 644
102 707
102 709
102 833
102 978
103 256
103 440
103 643
103 829
103 939
104 115
104 327
104 530
104 551
104 763
104 870
104 967
105 201
105 512
105 516
105 747
106 235
106 310
106 385
106 402
106 931
106 979
107 196
107 290
107 423
107 449
107 601
107 658
107 684
107 859
107 925
107 968
108 133
108 351
108 704
108 823
108 897
108 933
109 112
109 138
109 177
109 451
109 895
110 218
110 243
110 281
110 428
110 587
110 771
110 791
110 887
111 137
111 203
111 270
111 380
111 426
111 431
111 547
111 616
111 685
111 718
111 761
111 780
111 966
112 138
112 175
112 286
112 451
112 653
112 726
113 174
113 382
113 504
113 553
113 604
113 674
113 839
113 898
113 911
113 960
114 132
114 171
114 187
114 254
114 309
114 323
114 355
114 420
114 558
114 705
114 865
114 903
115 231
115 530
115 551
115 763
115 870
115 907
115 934
115 967
115 980
116 337
116 430
116 557
116 683
116 848
117 205
117 251
117 253
117 286
117 312
117 335
117 378
117 415
117 840
118 244
118 396
118 404
118 406
118 645
118 697
118 749
118 786
118 821
118 930
119 145
119 206
119 214
119 288
119 416
119 433
119 450
119 481
119 497
119 552
119 638
119 717
119 753
119 781
119 800
119 846
119 964
120 351
120 352
120 366
120 498
120 567
120 620
120 704
120 729
120 981
121 187
121 238
121 278
121 309
121 340
121 728
121 903
122 326
122 338
122 471
122 502
122 631
122 710
122 857
122 888
123 163
123 476
123 493
123 541
123 631
123 976
124 217
124 237
124 246
124 412
124 459
124 539
124 732
124 744
125 130
125 164
125 242
125 279
125 466
125 472
125 500
125 565
125 573
125 642
125 694
125 797
125 845
125 890
125 955
126 429
126 649
126 656
126 735
126 757
126 832
126 892
127 180
127 183
127 195
127 538
127 610
127 658
127 721
127 864
128 447
128 470
128 519
128 683
128 838
128 848
128 995
129 189
129 200
129 249
129 405
129 615
129 687
129 696
129 811
129 861
129 926
130 151
130 279
130 361
130 417
130 472
130 559
130 565
130 573
130 694
130 734
130 797
130 815
130 856
130 971
131 139
131 178
131 248
131 316
131 457
131 561
131 606
131 693
131 720
131 805
132 171
132 187
132 254
132 323
132 355
132 420
132 434
132 480
132 558
132 865
132 903
133 302
133 351
133 379
133 468
133 548
133 704
133 823
133 933
134 331
134 347
134 388
134 563
134 609
134 841
134 858
134 886
134 891
134 938
134 998
135 194
135 413
135 730
135 790
135 863
135 957
135 975
136 597
136 678
136 752
136 795
136 867
136 920
137 203
137 380
137 426
137 547
137 566
137 589
137 685
137 718
137 733
137 761
137 780
137 966
138 177
138 251
138 286
138 335
138 415
138 451
138 895
139 248
139 328
139 477
139 606
139 693
139 805
140 581
140 596
140 643
140 715
140 771
140 887
141 208
141 505
141 526
141 775
141 783
141 788
141 897
141 937
142 293
142 367
142 399
142 455
142 463
142 465
142 641
142 655
142 983
142 986
143 153
143 262
143 314
143 446
143 514
143 518
143 758
143 777
143 943
143 959
144 158
144 390
144 487
144 499
144 640
144 719
144 727
144 731
144 827
144 954
145 206
145 288
145 416
145 433
145 478
145 497
145 638
145 717
145 753
145 781
145 800
145 882
145 964
146 150
146 210
146 225
146 276
146 341
146 546
146 549
147 367
147 408
147 463
147 465
147 560
147 641
147 742
147 973
147 983
147 986
148 403
148 599
148 600
148 656
148 677
148 832
148 892
148 921
148 958
149 251
149 286
149 346
149 415
149 899
150 210
150 225
150 276
150 297
150 341
150 913
151 271
151 279
151 361
151 417
151 438
151 472
151 559
151 573
151 646
151 694
151 734
151 797
151 815
151 845
151 856
151 971
152 318
152 436
152 438
152 584
152 695
152 815
152 852
153 207
153 314
153 446
153 514
153 777
153 943
154 546
154 592
154 873
154 881
155 419
155 511
155 625
155 637
155 768
155 871
155 918
155 942
155 949
156 222
156 372
156 387
156 603
156 652
156 754
156 869
156 915
157 161
157 211
157 245
157 287
157 298
157 376
157 392
157 444
157 630
157 671
157 737
157 836
158 202
158 499
158 640
158 664
158 719
158 727
158 731
158 827
159 207
159 212
159 289
159 393
159 446
159 669
159 688
159 716
159 880
159 885
160 192
160 372
160 413
160 589
160 616
160 733
160 798
160 863
160 924
160 975
161 199
161 211
161 287
161 304
161 376
161 435
161 444
161 630
161 671
161 737
161 782
161 820
162 319
162 333
162 334
162 381
162 512
162 713
162 740
162 746
162 762
162 802
162 831
162 910
162 992
163 165
163 188
163 476
163 493
163 541
164 242
164 280
164 466
164 483
164 500
164 569
164 573
164 617
164 642
164 654
164 890
164 955
165 188
165 493
165 541
165 826
165 837
165 896
165 928
165 932
166 173
166 226
166 239
166 330
166 350
166 395
166 436
166 479
166 527
166 607
166 876
166 989
167 302
167 339
167 468
167 548
167 916
167 996
168 568
168 813
168 860
168 893
169 197
169 272
169 300
169 343
169 452
169 662
169 912
170 264
170 320
170 342
170 378
170 398
170 517
170 555
170 608
170 632
170 675
170 894
171 187
171 238
171 309
171 340
171 480
171 617
171 865
171 903
172 260
172 403
172 429
172 533
172 576
172 579
172 599
172 600
172 691
172 842
172 851
172 892
172 904
173 226
173 330
173 350
173 371
173 395
173 527
173 607
173 876
173 927
173 989
174 224
174 295
174 553
174 674
174 680
174 839
174 862
174 898
174 960
175 185
175 422
175 653
175 726
175 900
176 181
176 282
176 336
176 972
177 451
177 895
178 316
178 454
178 457
178 556
178 575
178 606
178 693
178 818
179 242
179 261
179 292
179 565
179 578
179 654
179 797
179 816
179 889
179 955
180 183
180 195
180 449
180 538
180 610
180 658
180 721
180 941
180 968
180 990
181 282
181 336
181 972
182 437
182 479
182 627
182 804
182 860
182 989
183 284
183 456
183 538
183 647
183 699
183 721
183 864
183 968
184 285
184 317
184 421
184 588
184 660
184 673
184 808
184 824
185 422
185 653
185 726
185 900
185 995
186 203
186 270
186 431
186 714
186 780
186 950
186 966
187 309
187 323
187 355
187 705
187 865
187 903
188 541
188 544
188 764
188 896
189 249
189 335
189 513
189 615
189 696
189 840
189 878
189 926
189 969
190 354
190 408
190 515
190 639
190 649
190 706
190 757
190 952
190 986
191 233
191 353
191 448
191 745
191 755
191 774
191 977
192 372
192 413
192 616
192 798
192 924
192 975
193 197
193 272
193 314
193 343
193 452
193 582
193 662
193 684
193 866
194 284
194 445
194 456
194 730
194 790
194 863
194 864
195 449
195 540
195 610
195 611
195 658
195 912
195 941
195 990
196 275
196 290
196 357
196 389
196 449
196 550
196 601
196 699
196 874
196 925
196 929
196 968
197 272
197 300
197 343
197 452
197 582
197 662
198 281
198 344
198 419
198 587
198 628
198 698
198 768
198 771
198 871
198 918
198 942
198 949
198 962
198 982
199 245
199 266
199 376
199 435
199 444
199 508
199 520
199 535
199 630
199 671
199 739
200 249
200 405
200 615
200 687
200 696
200 811
200 861
200 926
201 507
201 512
201 516
201 747
202 204
202 235
202 310
202 402
202 499
202 640
202 664
202 727
202 731
203 270
203 294
203 380
203 426
203 431
203 547
203 718
203 761
203 780
203 950
203 966
204 235
204 310
204 402
205 253
205 312
205 335
205 378
205 415
205 517
205 840
206 288
206 416
206 433
206 450
206 478
206 497
206 552
206 638
206 717
206 753
206 781
206 800
206 854
206 964
207 212
207 275
207 290
207 314
207 423
207 446
207 859
207 880
207 885
208 384
208 526
208 651
208 783
208 788
208 897
208 937
209 373
209 598
209 650
209 877
209 922
210 225
210 276
210 341
210 549
210 830
211 304
211 435
211 444
211 508
211 630
211 671
211 737
211 782
211 820
211 868
212 446
212 514
212 688
212 777
212 880
212 885
213 789
213 872
213 970
213 974
214 433
214 450
214 458
214 577
214 753
214 759
214 781
214 846
214 882
214 958
214 964
215 239
215 392
215 395
215 627
215 836
216 244
216 404
216 406
216 482
216 604
216 787
217 246
217 399
217 411
217 412
217 459
217 474
217 539
217 732
218 243
218 377
218 428
218 587
218 791
218 887
219 386
219 595
219 670
219 907
219 908
219 951
219 980
220 252
220 257
220 301
220 345
220 364
220 439
220 750
221 390
221 534
221 552
221 570
221 612
221 667
221 719
221 799
222 372
222 435
222 508
222 520
222 589
222 652
222 663
222 733
222 754
222 869
223 306
223 564
223 625
223 635
223 665
223 682
223 751
224 553
224 674
224 680
224 839
224 862
224 960
225 276
225 341
225 546
225 809
225 913
226 350
226 371
226 436
226 479
226 584
226 607
226 876
226 989
227 261
227 280
227 292
227 375
227 383
227 391
227 483
227 494
227 590
227 602
227 654
227 766
227 784
227 796
228 233
228 453
228 528
228 657
228 703
228 738
228 755
228 778
228 847
228 853
228 948
228 965
229 532
229 687
229 743
229 811
229 861
229 936
230 241
230 274
230 413
230 489
230 724
230 792
230 798
230 828
231 870
231 907
231 934
231 967
232 233
232 332
232 353
232 657
232 714
232 745
232 755
232 774
232 906
232 977
233 353
233 448
233 453
233 657
233 745
233 755
233 774
233 853
233 977
234 332
234 445
234 562
234 770
234 801
234 843
235 310
235 385
235 402
235 979
236 333
236 475
236 512
236 762
236 793
236 953
236 991
236 992
237 365
237 412
237 732
238 309
238 340
238 466
238 569
238 617
238 903
239 392
239 395
239 479
239 527
239 627
239 737
239 836
240 267
240 305
240 521
240 540
240 703
240 725
240 738
240 778
240 985
241 274
241 379
241 409
241 489
241 545
241 724
241 792
241 828
242 565
242 573
242 578
242 654
242 734
242 797
242 816
242 889
242 955
243 377
243 428
244 404
244 406
244 482
244 604
244 645
244 674
244 749
244 786
244 787
244 821
244 960
245 266
245 287
245 298
245 376
245 392
245 444
245 535
245 630
245 739
246 399
246 412
246 455
246 459
246 539
246 583
246 732
247 259
247 313
247 507
247 591
247 633
247 659
247 679
247 702
247 723
247 744
247 775
247 935
248 328
248 477
248 561
248 606
248 693
248 720
248 805
249 405
249 615
249 687
249 696
249 743
249 811
249 861
249 926
250 273
250 279
250 291
250 500
250 525
250 642
250 644
250 707
250 833
250 845
250 890
251 286
251 415
251 451
252 345
252 439
252 531
252 806
252 879
252 905
253 312
253 335
253 378
253 840
253 878
254 420
254 432
254 434
254 558
254 810
254 865
255 271
255 291
255 371
255 441
255 469
255 525
255 542
255 646
255 876
255 947
255 971
256 265
256 322
256 365
256 621
257 301
257 328
257 364
257 477
257 670
257 750
257 908
257 951
258 311
258 443
258 565
258 748
258 760
258 769
258 816
258 889
258 923
259 591
259 633
259 659
259 679
259 702
259 723
259 744
259 935
260 429
260 576
260 579
260 623
260 691
260 842
260 851
260 904
260 914
260 952
261 280
261 292
261 383
261 391
261 483
261 494
261 569
261 578
261 654
262 314
262 582
262 758
262 866
262 943
263 373
263 384
263 468
263 598
263 651
264 342
264 515
264 623
264 639
264 675
264 676
264 894
264 952
265 322
265 427
265 474
265 503
265 524
265 621
265 712
266 376
266 444
266 520
266 535
266 630
266 739
266 961
267 305
267 521
267 540
267 611
267 703
267 725
267 778
267 941
267 985
268 785
268 806
268 879
268 919
269 295
269 504
269 568
269 813
269 852
269 898
269 901
270 426
270 431
270 547
270 714
270 718
270 780
270 950
270 966
271 291
271 371
271 417
271 438
271 469
271 525
271 542
271 646
271 876
271 947
271 971
272 300
272 343
272 452
272 582
272 662
272 684
272 912
273 299
273 366
273 407
273 522
273 572
273 613
273 629
273 707
273 709
273 833
273 978
274 379
274 409
274 489
274 548
274 724
274 792
274 828
275 290
275 389
275 423
275 601
275 859
275 880
275 925
276 297
276 341
276 830
276 913
276 946
277 283
277 329
277 533
277 842
277 849
277 904
278 324
278 408
278 560
278 705
278 728
278 742
278 973
279 361
279 417
279 472
279 500
279 559
279 573
279 694
279 797
279 845
279 856
279 890
279 971
280 340
280 391
280 483
280 494
280 569
280 602
280 617
280 654
281 308
281 587
281 771
281 962
281 982
282 325
282 377
282 588
282 972
283 329
283 533
283 708
283 794
283 849
284 456
284 490
284 538
284 647
284 699
284 721
284 730
284 790
284 864
284 874
285 317
285 421
285 588
285 660
285 673
285 741
285 808
285 824
286 335
286 415
286 451
287 298
287 376
287 392
287 444
287 535
287 630
287 739
288 306
288 416
288 478
288 497
288 638
288 717
288 753
288 800
288 854
289 393
289 669
289 688
289 716
289 885
290 389
290 423
290 601
290 859
290 880
290 925
290 968
291 296
291 525
291 542
291 646
291 707
291 947
292 383
292 484
292 494
292 578
292 622
292 654
292 822
292 997
293 399
293 411
293 455
293 465
293 655
293 712
293 983
293 986
294 380
294 426
294 431
294 547
294 566
294 685
294 718
294 761
294 780
294 812
295 311
295 553
295 680
295 748
295 834
295 862
295 898
295 901
296 410
296 441
296 542
296 572
296 580
296 613
296 947
296 963
297 341
297 488
297 835
297 902
297 913
297 946
298 376
298 392
298 444
298 535
298 630
298 739
299 407
299 480
299 522
299 558
299 644
299 707
299 709
299 833
299 865
299 978
300 343
300 452
300 662
300 912
300 990
301 328
301 364
301 670
301 750
302 468
302 548
303 624
303 785
303 809
304 418
304 435
304 508
304 626
304 663
304 671
304 782
304 820
304 868
304 869
305 307
305 540
305 611
305 725
305 778
305 941
305 985
305 990
306 564
306 635
306 665
306 717
306 751
306 800
306 854
307 442
307 725
307 778
307 807
307 875
307 906
307 948
307 985
308 370
308 698
308 715
308 771
308 962
309 340
309 728
309 903
310 385
310 402
311 748
311 816
311 834
311 852
311 901
311 923
312 378
312 398
312 415
312 517
312 632
312 894
312 899
313 507
313 659
313 679
313 702
313 723
313 746
313 775
313 825
313 910
313 935
314 446
314 582
314 684
314 777
314 866
314 943
315 327
315 397
315 414
315 460
315 462
315 492
315 530
315 586
316 454
316 457
316 523
316 575
316 606
316 689
316 693
316 818
317 421
317 588
317 660
317 673
317 808
317 824
318 417
318 438
318 559
318 584
318 695
318 815
318 852
318 856
318 901
318 971
319 334
319 507
319 512
319 713
319 746
319 747
319 762
319 802
319 825
319 831
319 910
319 992
320 342
320 398
320 517
320 555
320 608
320 632
320 675
320 766
320 796
320 894
321 402
321 612
321 640
321 664
321 667
321 727
321 731
322 427
322 503
322 524
322 621
322 712
322 984
323 355
323 420
323 705
323 903
323 993
324 342
324 408
324 560
324 675
324 973
325 362
325 377
325 826
325 884
325 928
325 932
326 338
326 471
326 529
326 700
326 888
327 397
327 462
327 492
327 530
327 551
327 763
327 870
328 345
328 477
328 670
328 805
329 533
329 842
329 849
329 904
330 350
330 395
330 527
330 607
330 737
330 782
330 820
330 927
330 989
331 388
331 563
331 609
331 841
331 858
331 886
331 938
331 998
332 442
332 714
332 755
332 770
332 801
332 843
332 906
333 334
333 400
333 475
333 512
333 740
333 762
333 793
333 953
333 991
333 992
334 381
334 512
334 701
334 713
334 740
334 746
334 762
334 802
334 831
334 909
334 910
334 992
334 994
335 415
335 840
335 969
336 972
337 347
337 424
337 536
337 683
337 848
338 471
338 700
338 710
338 857
338 888
339 373
339 996
340 483
340 569
340 617
341 661
341 830
341 835
341 913
341 946
342 515
342 608
342 675
342 676
342 894
343 452
343 662
343 912
344 419
344 486
344 628
344 791
344 918
344 949
344 982
345 531
345 561
345 720
345 806
345 905
346 375
346 590
346 722
346 899
347 388
347 424
347 536
347 683
347 858
347 891
348 447
348 726
348 900
348 995
349 404
349 697
349 749
349 787
349 821
350 371
350 469
350 527
350 607
350 876
350 927
350 989
351 498
351 567
351 620
351 704
351 823
351 897
351 933
352 366
352 432
352 498
352 522
352 567
352 620
352 629
352 709
352 729
352 978
353 448
353 745
353 755
353 774
353 977
354 367
354 408
354 639
354 649
354 706
354 973
354 986
355 705
355 903
356 636
356 672
356 808
356 850
357 389
357 510
357 550
357 554
357 574
357 716
357 929
358 509
358 571
358 585
358 666
358 681
358 765
358 993
359 605
359 668
359 945
360 380
360 520
360 566
360 589
360 685
360 733
360 754
361 417
361 438
361 472
361 559
361 565
361 573
361 694
361 695
361 734
361 797
361 815
361 856
361 971
362 544
362 884
362 896
362 928
362 932
362 939
363 476
363 485
363 543
363 660
363 710
363 741
363 826
363 837
363 857
364 750
366 407
366 432
366 498
366 522
366 567
366 613
366 620
366 629
366 709
366 729
366 978
367 408
367 463
367 465
367 641
367 983
367 986
368 394
368 457
368 491
368 586
368 686
368 689
368 772
368 917
369 464
369 473
369 532
369 648
369 776
369 867
369 920
370 478
370 593
370 711
370 715
371 441
371 469
371 542
371 607
371 876
371 927
371 947
372 589
372 652
372 733
372 754
372 924
373 598
373 650
373 922
373 996
374 528
374 738
374 847
374 965
375 383
375 391
375 494
375 590
375 622
375 722
375 766
375 784
375 796
376 392
376 444
376 535
376 630
376 671
376 737
377 428
377 884
378 398
378 517
378 632
378 894
379 409
379 548
379 704
379 736
380 426
380 547
380 566
380 589
380 685
380 718
380 761
380 780
381 701
381 713
381 740
381 762
381 767
381 802
381 814
381 831
381 877
381 909
381 994
382 504
382 553
382 568
382 604
382 692
382 756
382 839
382 898
382 911
382 944
382 960
383 391
383 484
383 494
383 590
383 622
383 654
383 822
383 997
384 526
384 651
384 783
384 788
385 795
385 931
385 979
386 595
386 670
386 908
386 951
387 545
387 603
387 614
387 618
387 915
388 519
388 563
388 609
388 838
388 841
388 858
388 886
388 891
388 998
389 510
389 550
389 554
389 601
389 716
389 874
389 925
389 929
389 968
390 499
390 534
390 612
390 640
390 667
390 719
390 727
390 751
390 799
390 954
391 483
391 494
391 569
391 602
391 654
391 784
391 796
392 737
392 836
393 669
393 688
393 716
393 885
393 974
394 457
394 529
394 586
394 686
394 689
394 693
394 818
394 917
395 479
395 527
395 627
395 737
395 836
395 989
396 406
396 430
396 536
396 557
396 645
396 749
396 786
396 821
396 930
397 414
397 462
397 492
397 530
398 517
398 555
398 608
398 632
398 766
398 796
398 894
398 899
399 411
399 412
399 455
399 459
399 474
399 539
399 732
400 475
400 506
400 793
400 873
400 953
400 991
401 403
401 533
401 577
401 599
401 600
401 759
401 794
401 842
401 904
402 640
402 664
402 727
402 731
403 576
403 577
403 599
403 600
403 677
403 691
403 759
403 832
403 842
403 892
403 904
403 921
403 958
404 406
404 482
404 604
404 749
404 787
404 821
405 615
405 696
405 811
405 861
405 926
406 482
406 604
406 645
406 749
406 786
406 787
406 821
406 930
407 480
407 522
407 558
407 629
407 644
407 707
407 709
407 833
407 978
408 463
408 560
408 742
408 973
409 548
409 704
409 736
409 828
410 572
410 580
410 613
410 618
410 629
410 855
410 963
411 412
411 474
411 503
411 655
411 712
411 732
412 459
412 474
412 539
412 732
413 489
413 792
413 798
413 863
413 975
414 460
414 462
414 492
414 850
415 451
416 481
416 497
416 534
416 552
416 717
416 751
416 799
416 800
416 854
416 964
417 438
417 472
417 525
417 559
417 646
417 694
417 695
417 797
417 815
417 856
417 971
418 508
418 614
418 626
418 663
418 868
418 869
419 511
419 628
419 768
419 871
419 918
419 942
419 949
419 982
420 434
420 765
420 810
420 993
421 588
421 660
421 673
421 741
421 808
421 824
422 470
422 900
422 995
423 601
423 684
423 859
423 880
423 925
424 536
424 891
425 987
425 988
426 431
426 547
426 566
426 685
426 718
426 761
426 780
426 812
426 966
427 524
427 621
427 773
427 883
427 984
428 791
429 515
429 576
429 639
429 649
429 691
429 706
429 757
429 851
429 892
429 952
430 536
430 557
430 930
431 547
431 714
431 718
431 761
431 780
431 950
431 966
432 434
432 498
432 567
432 810
432 978
432 999
433 450
433 481
433 497
433 537
433 577
433 638
433 753
433 781
433 846
433 964
434 509
434 810
434 993
435 444
435 508
435 520
435 630
435 652
435 663
435 671
435 754
435 868
435 869
436 479
436 584
436 607
436 876
436 989
437 804
437 860
437 893
438 559
438 695
438 815
438 856
438 971
439 531
439 750
439 806
439 879
440 581
440 596
440 643
440 829
440 939
441 469
441 542
441 580
441 626
441 927
441 947
441 963
442 445
442 770
442 801
442 807
442 843
442 875
442 906
442 948
443 609
443 748
443 760
443 769
443 816
443 858
443 862
443 889
443 923
443 938
444 508
444 535
444 630
444 671
445 456
445 562
445 730
445 770
445 790
445 801
445 843
445 864
445 875
446 501
446 514
446 688
446 777
446 885
447 470
447 519
447 563
447 838
447 841
447 995
447 998
448 745
448 755
448 774
448 853
449 601
449 610
449 658
449 925
449 968
450 458
450 481
450 497
450 537
450 552
450 570
450 846
450 964
451 726
452 582
452 662
453 528
453 657
453 703
453 738
453 755
453 778
453 807
453 853
453 948
453 965
454 523
454 575
454 605
454 606
454 668
454 693
454 818
454 844
455 459
455 495
455 583
455 641
455 666
455 983
456 538
456 647
456 699
456 721
456 730
456 790
456 864
456 875
457 523
457 606
457 686
457 689
457 693
457 818
458 473
458 537
458 708
458 776
458 846
459 539
459 732
460 492
460 700
460 850
460 888
461 531
461 561
461 592
461 634
461 690
461 720
461 803
461 905
462 492
462 530
463 465
463 641
463 742
463 973
463 983
463 986
464 648
464 867
465 641
465 655
465 983
465 986
466 480
466 500
466 617
466 642
466 644
466 694
466 845
466 890
467 656
467 735
467 773
467 832
467 883
467 921
468 548
469 542
469 646
469 876
469 927
469 947
470 519
470 683
470 838
470 995
471 502
471 543
471 710
471 857
471 888
472 559
472 573
472 694
472 734
472 797
472 845
472 856
472 890
472 971
473 537
473 752
473 776
473 846
473 867
474 503
474 712
474 732
475 793
475 817
475 953
475 991
475 992
476 485
476 493
476 543
476 631
476 710
476 837
476 857
476 976
477 670
477 772
477 805
477 951
478 594
478 638
478 711
478 753
478 781
478 800
478 854
479 607
479 627
479 804
479 989
480 500
480 558
480 642
480 644
480 833
480 865
481 497
481 534
481 537
481 552
481 570
481 799
481 846
481 964
482 604
482 787
482 911
483 494
483 569
483 602
483 617
483 654
483 784
484 590
484 622
484 722
484 822
484 886
484 997
484 998
485 543
485 710
485 741
485 826
485 837
485 857
486 628
486 791
487 827
487 954
488 496
488 835
488 902
488 913
489 545
489 603
489 724
489 792
489 798
489 828
489 915
490 550
490 574
490 647
490 699
490 874
490 916
490 929
490 957
491 772
491 870
491 934
491 980
492 530
493 541
493 543
493 631
493 710
493 837
493 976
494 569
494 602
494 654
494 784
494 796
495 583
495 641
495 666
495 765
495 993
496 518
496 835
496 902
496 959
497 534
497 552
497 638
497 717
497 753
497 800
497 964
498 567
498 620
498 729
498 978
499 640
499 664
499 667
499 719
499 727
499 731
499 827
499 954
500 573
500 642
500 644
500 694
500 707
500 833
500 845
500 890
501 514
501 518
501 661
501 777
501 830
501 940
501 946
502 605
502 631
502 668
502 844
502 976
503 524
503 621
503 655
503 712
504 568
504 692
504 756
504 779
504 813
504 898
504 911
504 944
505 509
505 571
505 897
505 999
506 549
506 740
506 789
506 814
506 873
506 953
506 970
506 994
507 512
507 723
507 746
507 747
507 831
507 910
508 520
508 652
508 663
508 671
508 754
508 868
508 869
509 571
509 765
509 810
509 999
510 550
510 554
510 574
510 669
510 716
510 929
510 996
511 625
511 637
511 682
511 768
511 871
511 918
511 942
511 949
512 746
512 747
512 762
512 831
512 910
512 992
513 696
513 819
513 926
513 969
514 518
514 661
514 777
514 940
515 623
515 639
515 676
515 914
515 952
517 555
517 608
517 632
517 894
517 899
518 661
518 777
518 835
518 943
518 946
518 959
519 683
519 838
519 841
519 995
520 630
520 652
520 663
520 733
520 754
520 869
522 572
522 613
522 629
522 707
522 709
522 833
522 978
523 529
523 575
523 668
523 689
523 693
523 818
523 844
523 917
524 621
524 655
524 712
524 883
525 542
525 646
525 947
525 971
526 651
526 783
526 788
526 937
527 737
527 782
527 820
527 836
527 989
528 657
528 703
528 725
528 738
528 778
528 807
528 853
528 948
528 965
529 586
529 686
529 689
529 818
529 888
529 917
530 551
530 763
530 870
530 934
531 806
531 879
531 905
532 648
532 708
532 936
533 576
533 794
533 842
533 849
533 904
534 552
534 570
534 612
534 751
534 799
534 964
535 630
535 739
536 557
537 570
537 776
537 846
538 647
538 699
538 721
538 864
538 875
539 732
540 610
540 611
540 912
540 941
540 985
540 990
541 764
542 646
542 876
542 947
543 631
543 710
543 741
543 826
543 837
543 857
544 829
544 884
544 896
544 928
544 932
544 939
545 603
545 736
545 828
545 915
546 592
546 881
547 566
547 685
547 718
547 761
547 780
547 966
549 789
549 873
549 970
550 554
550 574
550 647
550 699
550 874
550 929
551 763
551 870
551 934
551 967
552 570
552 717
552 751
552 799
552 964
553 674
553 680
553 748
553 834
553 839
553 898
553 960
554 574
554 716
554 874
554 929
555 602
555 608
555 632
555 766
555 784
555 796
555 894
555 899
556 575
556 606
556 817
557 930
558 865
558 903
559 573
559 694
559 695
559 734
559 797
559 815
559 856
559 971
560 742
560 973
561 634
561 720
561 803
561 905
562 616
562 770
562 801
562 843
562 863
563 609
563 822
563 841
563 858
563 886
563 938
563 998
564 625
564 635
564 637
564 665
564 682
564 768
565 573
565 734
565 797
565 816
565 856
565 889
565 955
566 685
566 718
566 761
566 812
566 961
567 620
567 810
567 999
568 692
568 813
568 898
569 617
569 654
570 612
570 752
570 776
570 799
570 846
570 964
571 585
571 765
571 999
572 580
572 613
572 629
572 855
572 947
573 694
573 734
573 797
573 845
573 890
573 955
574 874
574 916
574 929
575 606
575 693
575 818
575 844
576 579
576 599
576 691
576 842
576 851
576 892
576 904
576 914
577 599
577 600
577 759
577 781
577 794
577 882
577 958
578 654
578 889
578 955
578 997
579 623
579 691
579 842
579 851
579 904
579 914
580 613
580 614
580 626
580 855
580 963
581 593
581 596
581 643
581 887
582 662
582 684
582 866
583 585
583 666
583 765
584 607
584 893
585 633
585 666
585 681
585 765
586 686
586 689
586 917
587 628
587 771
587 791
587 887
587 962
587 982
588 660
588 673
588 741
588 808
588 824
589 652
589 733
589 754
589 924
590 622
590 722
590 822
590 899
591 633
591 659
591 679
591 681
591 702
591 723
591 744
591 775
591 935
592 634
592 690
592 803
592 881
593 596
593 711
593 773
594 638
594 677
594 711
594 753
594 781
594 882
594 958
595 670
595 907
595 908
595 951
595 980
596 643
596 887
597 678
597 795
597 920
597 931
598 650
598 651
598 877
598 922
599 600
599 677
599 691
599 759
599 842
599 892
599 904
599 921
600 677
600 759
600 892
600 904
600 921
600 958
601 859
601 925
601 968
602 728
602 766
602 784
602 796
603 798
603 915
604 674
604 911
604 960
605 668
605 844
605 945
606 693
606 818
607 876
607 989
608 632
608 675
608 766
608 796
608 894
609 769
609 841
609 858
609 862
609 886
609 891
609 938
609 998
610 611
610 658
610 912
610 941
610 990
611 658
611 912
611 941
611 990
612 667
612 752
612 799
613 618
613 629
613 709
613 729
613 855
614 626
614 868
614 963
615 687
615 696
615 811
615 861
615 926
615 969
616 863
616 975
617 642
618 729
618 736
618 855
618 981
619 847
619 853
620 629
620 729
620 978
620 981
621 712
621 883
621 984
622 722
622 822
622 997
623 676
623 914
623 952
624 785
625 635
625 637
625 665
625 682
625 698
625 768
625 871
625 942
625 949
626 868
626 927
626 963
627 836
627 989
628 791
628 982
629 709
629 729
629 855
629 978
630 671
630 739
631 710
631 976
632 675
632 766
632 894
632 899
633 659
633 679
633 681
633 702
633 744
633 775
633 935
634 690
634 720
634 803
634 881
634 905
635 637
635 665
635 682
635 698
635 768
635 871
635 942
636 672
636 808
636 850
637 682
637 698
637 768
637 871
637 918
637 942
637 949
638 753
638 781
638 800
638 882
639 649
639 706
639 952
640 664
640 667
640 719
640 727
640 731
640 827
641 742
641 983
641 986
642 644
642 694
642 833
642 845
642 890
643 829
643 887
643 939
644 707
644 833
644 845
644 890
645 749
645 786
645 821
645 930
646 947
646 971
647 699
647 721
647 864
647 874
647 929
648 867
648 936
649 706
649 757
649 952
650 877
650 922
651 783
651 788
652 663
652 733
652 754
652 869
653 726
653 900
654 955
655 712
656 735
656 757
656 832
656 892
656 921
657 703
657 725
657 738
657 755
657 778
657 807
657 853
657 906
657 948
657 965
658 912
658 941
658 990
659 679
659 702
659 723
659 744
659 775
659 935
659 937
660 673
660 741
660 808
660 824
661 830
661 835
661 940
661 946
662 684
662 912
663 754
663 868
663 869
664 667
664 727
664 731
665 682
665 698
665 768
665 854
666 765
666 993
667 719
667 727
667 731
668 844
668 976
669 688
669 716
669 880
669 885
670 908
670 951
671 737
671 782
671 820
671 868
672 673
672 808
672 824
672 850
673 741
673 808
673 824
674 839
674 960
675 894
676 914
676 952
677 832
677 882
677 921
677 958
678 795
678 920
678 931
679 702
679 723
679 744
679 775
679 935
680 748
680 834
680 839
680 862
680 898
681 744
682 768
682 871
683 838
683 848
684 859
685 718
685 761
685 812
686 689
686 917
687 743
687 811
687 861
688 880
688 885
688 974
689 693
689 818
689 917
690 803
690 809
690 881
690 905
691 842
691 851
691 892
691 904
692 756
692 779
692 813
692 911
692 944
692 956
693 818
694 797
694 845
694 890
694 955
695 815
695 856
695 971
696 819
696 926
696 969
697 749
697 786
697 821
698 768
698 871
698 942
698 949
698 962
699 721
699 864
699 874
699 929
699 968
700 850
700 888
701 713
701 767
701 802
701 831
701 877
701 909
702 723
702 744
702 775
702 935
703 725
703 738
703 778
703 807
703 853
703 948
703 965
704 736
704 933
704 981
705 903
706 757
706 952
706 986
707 833
707 845
708 794
708 849
709 833
709 978
710 837
710 857
710 976
711 882
713 746
713 762
713 767
713 802
713 825
713 831
713 909
713 910
714 950
714 966
714 977
715 771
716 880
717 751
717 800
717 854
717 964
718 761
718 780
718 812
718 966
719 727
719 827
719 954
721 790
721 864
721 875
722 822
723 935
724 792
724 828
724 916
724 957
725 738
725 778
725 807
725 948
725 985
726 900
727 731
727 827
729 736
729 855
729 981
730 790
730 863
730 864
730 957
731 827
733 754
733 924
734 797
734 816
734 856
734 955
735 773
735 832
735 883
735 921
736 981
737 782
737 820
737 836
738 778
738 847
738 853
738 948
738 965
739 961
740 762
740 789
740 802
740 814
740 909
740 953
740 992
740 994
741 824
741 826
741 837
741 857
742 973
743 811
743 861
744 935
745 755
745 774
745 977
746 762
746 802
746 825
746 831
746 910
748 760
748 769
748 834
748 862
748 898
748 923
749 786
749 787
749 821
749 930
751 954
752 776
752 867
752 920
753 781
753 800
753 882
753 958
753 964
754 869
755 774
755 853
755 977
756 779
756 911
756 944
756 956
757 892
758 866
758 943
758 959
759 781
759 794
759 882
759 958
760 769
760 816
760 889
760 923
760 938
761 780
761 812
761 966
762 802
762 831
762 910
762 953
762 992
763 870
763 967
765 993
766 784
766 796
767 802
767 825
767 831
767 877
767 909
768 871
768 918
768 942
768 949
768 962
769 834
769 858
769 862
769 889
769 923
769 938
770 801
770 843
770 875
770 906
771 887
771 962
772 805
772 934
772 980
773 883
773 984
774 977
775 825
775 937
776 846
776 867
777 940
777 943
778 807
778 853
778 948
778 965
778 985
779 911
779 944
779 956
780 950
780 966
781 882
781 958
782 820
782 868
783 788
783 937
784 796
785 806
785 809
785 919
786 821
786 930
787 821
788 937
789 814
789 872
789 970
789 994
790 801
790 863
790 864
790 875
791 982
792 798
792 828
792 916
792 957
793 953
793 991
793 992
794 849
795 920
795 931
795 979
797 816
797 856
797 955
798 828
798 975
800 854
801 843
801 875
801 906
802 825
802 831
802 909
802 910
802 992
803 881
803 905
804 860
804 893
804 989
806 879
806 905
807 906
807 948
807 985
808 824
810 999
811 861
811 926
812 961
814 872
814 970
814 994
815 856
815 971
816 889
816 923
817 991
819 969
820 868
820 927
821 930
822 886
822 997
822 998
823 897
823 933
825 831
825 910
825 937
826 837
826 928
826 932
827 954
829 896
829 939
830 835
830 913
830 940
830 946
831 909
831 910
832 892
832 921
833 845
833 890
834 898
834 901
834 923
835 902
835 913
835 946
837 857
837 932
838 841
838 995
839 898
839 911
839 960
840 878
840 969
841 858
841 886
841 998
842 849
842 904
845 890
846 964
847 853
847 965
849 904
851 892
851 904
851 914
851 952
852 901
853 948
853 965
855 981
856 971
858 862
858 891
858 938
859 880
859 925
860 893
861 926
862 891
862 938
863 975
864 875
865 903
866 943
867 920
868 869
870 907
870 934
870 967
870 980
871 918
871 942
871 949
872 970
872 974
872 994
873 953
873 970
874 929
875 906
877 909
877 922
879 905
880 885
882 921
882 958
883 984
884 928
884 932
884 939
885 974
886 938
886 997
886 998
888 917
889 923
892 921
896 928
900 995
902 913
906 948
907 934
907 967
907 980
908 951
908 980
909 994
911 944
911 956
911 960
912 941
912 990
913 946
914 952
916 929
916 957
918 942
918 949
918 982
921 958
923 938
924 975
925 968
926 969
927 963
928 932
931 979
934 980
940 946
941 985
941 990
942 949
942 962
942 982
943 959
944 956
948 965
949 962
949 982
950 966
950 977
951 980
953 992
953 994
962 982
970 994
983 986
987 988
