1000
0 0.502513 0.886499
1 0.640162 0.156721
2 0.914028 0.293360
3 0.991500 0.785056
4 0.911453 0.906206
5 0.838173 0.860050
6 0.632538 0.382968
7 0.744911 0.677070
8 0.738536 0.105244
9 0.983639 0.772755
10 0.725769 0.944973
11 0.660239 0.177684
12 0.248903 0.233619
13 0.535226 0.948434
14 0.966102 0.516548
15 0.359527 0.470351
16 0.389831 0.406694
17 0.848336 0.207010
18 0.107022 0.739349
19 0.123993 0.413079
20 0.518379 0.273819
21 0.573112 0.824438
22 0.939038 0.387910
23 0.583696 0.492690
24 0.501403 0.567635
25 0.554706 0.740773
26 0.805863 0.007243
27 0.903600 0.682219
28 0.676235 0.303595
29 0.536580 0.868652
30 0.694158 0.054150
31 0.410295 0.149205
32 0.217638 0.334201
33 0.260086 0.686796
34 0.705796 0.086804
35 0.247921 0.732556
36 0.463950 0.732411
37 0.405990 0.597066
38 0.082306 0.930093
39 0.882705 0.909642
40 0.725863 0.729011
41 0.270455 0.530234
42 0.266870 0.989016
43 0.443607 0.260017
44 0.961281 0.590871
45 0.745042 0.386491
46 0.068559 0.630593
47 0.833133 0.330317
48 0.615881 0.476958
49 0.880983 0.048840
50 0.715853 0.912062
51 0.105854 0.395171
52 0.461068 0.571884
53 0.799099 0.331911
54 0.439370 0.557111
55 0.125558 0.755045
56 0.340428 0.394083
57 0.966246 0.696214
58 0.957244 0.491498
59 0.989301 0.840541
60 0.125473 0.860630
61 0.951547 0.622364
62 0.788935 0.145088
63 0.956648 0.642681
64 0.431465 0.940753
65 0.025717 0.789813
66 0.573253 0.977337
67 0.872390 0.238719
68 0.894080 0.980054
69 0.216732 0.454619
70 0.816368 0.933265
71 0.320999 0.432996
72 0.057713 0.027478
73 0.685149 0.670773
74 0.745596 0.786933
75 0.001127 0.782380
76 0.176193 0.747066
77 0.532347 0.249638
78 0.194746 0.579465
79 0.058408 0.525828
80 0.476699 0.746505
81 0.696798 0.608651
82 0.364865 0.187577
83 0.687650 0.404532
84 0.508858 0.857320
85 0.209696 0.677147
86 0.983178 0.873526
87 0.881352 0.529199
88 0.895731 0.904587
89 0.151049 0.556317
90 0.304124 0.530320
91 0.932186 0.429045
92 0.135946 0.249520
93 0.667501 0.872747
94 0.595445 0.686668
95 0.141119 0.229204
96 0.740558 0.832419
97 0.314573 0.874447
98 0.950441 0.446439
99 0.827312 0.514474
100 0.946000 0.201359
101 0.572743 0.783800
102 0.874555 0.753056
103 0.937616 0.631385
104 0.724661 0.685174
105 0.875544 0.694260
106 0.998251 0.194721
107 0.974732 0.231297
108 0.134622 0.460807
109 0.075481 0.217846
110 0.654448 0.870005
111 0.794811 0.886550
112 0.371861 0.659525
113 0.523520 0.340470
114 0.308799 0.083334
115 0.075292 0.861715
116 0.138178 0.906553
117 0.187954 0.192107
118 0.081096 0.889900
119 0.503736 0.371954
120 0.188150 0.938650
121 0.488415 0.688863
122 0.846084 0.759529
123 0.988459 0.910546
124 0.168372 0.194151
125 0.770816 0.253956
126 0.651958 0.879042
127 0.441731 0.477585
128 0.112283 0.520024
129 0.599004 0.074650
130 0.444834 0.862628
131 0.936329 0.791902
132 0.203853 0.390451
133 0.288906 0.602165
134 0.337469 0.889775
135 0.286222 0.818230
136 0.673403 0.281488
137 0.360952 0.251606
138 0.910512 0.540284
139 0.352170 0.191646
140 0.938857 0.096311
141 0.836548 0.508929
142 0.284566 0.845889
143 0.623023 0.371324
144 0.355691 0.785602
145 0.554385 0.901987
146 0.951352 0.328033
147 0.873493 0.605628
148 0.188873 0.557588
149 0.932376 0.542677
150 0.602237 0.041311
151 0.949182 0.040577
152 0.670059 0.322277
153 0.850979 0.197230
154 0.442429 0.892123
155 0.979658 0.553710
156 0.253348 0.264414
157 0.583704 0.091662
158 0.729106 0.752070
159 0.570342 0.145388
160 0.432859 0.689691
161 0.950590 0.909433
162 0.521761 0.135617
163 0.774006 0.969562
164 0.735419 0.538747
165 0.120411 0.688330
166 0.883052 0.461554
167 0.892647 0.336033
168 0.751639 0.213480
169 0.737416 0.573618
170 0.018435 0.167793
171 0.410529 0.266246
172 0.318673 0.610211
173 0.298370 0.634477
174 0.092852 0.199033
175 0.609172 0.434639
176 0.217916 0.504222
177 0.955681 0.200772
178 0.712773 0.636809
179 0.665064 0.577582
180 0.000949 0.680211
181 0.172399 0.427177
182 0.311857 0.491478
183 0.280886 0.701940
184 0.806991 0.453188
185 0.904859 0.041677
186 0.928524 0.925659
187 0.151023 0.675288
188 0.285158 0.474335
189 0.238754 0.485504
190 0.113709 0.428654
191 0.812147 0.029810
192 0.984790 0.966387
193 0.654426 0.901508
194 0.957092 0.711407
195 0.679654 0.061911
196 0.827146 0.783030
197 0.347140 0.678022
198 0.470074 0.341493
199 0.320728 0.559581
200 0.521735 0.936882
201 0.278142 0.505226
202 0.813787 0.387706
203 0.264831 0.739531
204 0.040577 0.490563
205 0.882264 0.151066
206 0.110416 0.593751
207 0.902374 0.226141
208 0.513654 0.955395
209 0.607869 0.413742
210 0.826116 0.850589
211 0.272378 0.154249
212 0.158859 0.592267
213 0.714914 0.957801
214 0.963803 0.986948
215 0.789886 0.727810
216 0.109709 0.259188
217 0.006912 0.990872
218 0.554101 0.147553
219 0.213920 0.816459
220 0.254093 0.700064
221 0.422571 0.988061
222 0.182735 0.278584
223 0.406749 0.422007
224 0.447370 0.419230
225 0.662901 0.921060
226 0.542628 0.489916
227 0.685271 0.096901
228 0.713054 0.536268
229 0.249016 0.313643
230 0.815272 0.646685
231 0.294410 0.265639
232 0.900196 0.777897
233 0.405829 0.128458
234 0.949349 0.698485
235 0.670208 0.915670
236 0.516686 0.146343
237 0.661647 0.269371
238 0.059280 0.967557
239 0.897936 0.551411
240 0.011830 0.143411
241 0.743493 0.592343
242 0.663622 0.303916
243 0.897754 0.715910
244 0.350513 0.816877
245 0.706754 0.513338
246 0.901319 0.851100
247 0.540448 0.854427
248 0.110976 0.778142
249 0.389511 0.791326
250 0.252091 0.899078
251 0.652703 0.336121
252 0.282026 0.761107
253 0.809550 0.574787
254 0.454407 0.263341
255 0.302932 0.217744
256 0.501953 0.341996
257 0.492351 0.481229
258 0.421795 0.272217
259 0.980985 0.143864
260 0.164940 0.527158
261 0.968321 0.729255
262 0.208303 0.694422
263 0.534984 0.028164
264 0.070755 0.165884
265 0.927563 0.592717
266 0.323856 0.188897
267 0.978588 0.410333
268 0.543486 0.395270
269 0.770453 0.696481
270 0.950321 0.108948
271 0.531962 0.633087
272 0.542317 0.923338
273 0.859048 0.742735
274 0.509726 0.233852
275 0.759744 0.413109
276 0.490479 0.951593
277 0.080662 0.322118
278 0.919176 0.195641
279 0.674128 0.257727
280 0.731971 0.692855
281 0.882045 0.951648
282 0.330507 0.731855
283 0.770170 0.149577
284 0.822287 0.301634
285 0.243101 0.288102
286 0.177317 0.198196
287 0.848671 0.461853
288 0.025352 0.111538
289 0.978850 0.539904
290 0.093668 0.743075
291 0.380645 0.163029
292 0.825316 0.895393
293 0.269628 0.723584
294 0.941985 0.913633
295 0.979875 0.371602
296 0.348373 0.502098
297 0.624151 0.516375
298 0.566519 0.233184
299 0.665961 0.484958
300 0.489342 0.126017
301 0.618219 0.628398
302 0.331559 0.999381
303 0.837216 0.090969
304 0.750068 0.745617
305 0.419359 0.037832
306 0.472083 0.734230
307 0.739988 0.064817
308 0.562925 0.561027
309 0.511817 0.946623
310 0.888602 0.416957
311 0.657936 0.946658
312 0.354166 0.749212
313 0.149511 0.050904
314 0.050713 0.247413
315 0.575039 0.969382
316 0.080775 0.339766
317 0.888682 0.630961
318 0.043504 0.620778
319 0.220880 0.903410
320 0.905435 0.887966
321 0.649103 0.069363
322 0.391524 0.693965
323 0.491618 0.177990
324 0.114139 0.536245
325 0.848333 0.811085
326 0.180103 0.377508
327 0.646062 0.128004
328 0.691553 0.781342
329 0.422945 0.471061
330 0.080773 0.122985
331 0.657995 0.727073
332 0.441255 0.029249
333 0.243516 0.923785
334 0.508561 0.021260
335 0.422255 0.501595
336 0.144214 0.833044
337 0.526589 0.093402
338 0.959664 0.252851
339 0.698752 0.561970
340 0.672552 0.005559
341 0.417199 0.208287
342 0.318174 0.740026
343 0.747636 0.198609
344 0.259413 0.930164
345 0.627698 0.669815
346 0.896408 0.589282
347 0.530403 0.266645
348 0.341503 0.444340
349 0.793880 0.314584
350 0.095515 0.620076
351 0.753523 0.438608
352 0.938111 0.942528
353 0.567579 0.200691
354 0.828116 0.687302
355 0.288339 0.247933
356 0.598801 0.970004
357 0.298448 0.538353
358 0.628740 0.004571
359 0.705536 0.442833
360 0.470549 0.139817
361 0.627856 0.925313
362 0.912455 0.420060
363 0.285101 0.454814
364 0.890501 0.170247
365 0.815259 0.888737
366 0.317352 0.366791
367 0.340090 0.682626
368 0.268623 0.487672
369 0.708098 0.119340
370 0.615498 0.154789
371 0.723918 0.767041
372 0.272966 0.865336
373 0.486007 0.040666
374 0.053775 0.454580
375 0.158071 0.523034
376 0.506842 0.898045
377 0.008538 0.021369
378 0.721012 0.870909
379 0.896693 0.453313
380 0.708478 0.057741
381 0.643741 0.240459
382 0.585400 0.603541
383 0.552475 0.086270
384 0.559757 0.688881
385 0.358466 0.457919
386 0.630099 0.232804
387 0.996832 0.417114
388 0.255197 0.881206
389 0.456212 0.109637
390 0.736075 0.455279
391 0.659758 0.637773
392 0.273402 0.272452
393 0.642315 0.516986
394 0.816498 0.528500
395 0.948756 0.548448
396 0.083709 0.395682
397 0.807043 0.426533
398 0.256810 0.033633
399 0.675684 0.453049
400 0.260494 0.676625
401 0.813737 0.209438
402 0.431092 0.356811
403 0.757439 0.044324
404 0.899502 0.502327
405 0.933218 0.382201
406 0.580353 0.044180
407 0.307108 0.001470
408 0.910615 0.144476
409 0.064497 0.176783
410 0.052183 0.041784
411 0.197467 0.616894
412 0.986207 0.743669
413 0.610826 0.018917
414 0.652691 0.368001
415 0.034884 0.238427
416 0.709154 0.939412
417 0.820509 0.113310
418 0.426546 0.929214
419 0.439540 0.377344
420 0.062793 0.059659
421 0.713795 0.290359
422 0.526134 0.014101
423 0.299377 0.559046
424 0.787743 0.089990
425 0.520894 0.174958
426 0.945732 0.129255
427 0.309846 0.552310
428 0.220476 0.272066
429 0.113836 0.177927
430 0.686812 0.760715
431 0.257623 0.786875
432 0.072860 0.079625
433 0.391257 0.719099
434 0.363661 0.103590
435 0.486536 0.935182
436 0.753315 0.958521
437 0.662750 0.047796
438 0.392759 0.313602
439 0.717088 0.301118
440 0.463402 0.039576
441 0.396246 0.849431
442 0.513157 0.261343
443 0.549961 0.590274
444 0.369077 0.705061
445 0.759494 0.777265
446 0.939585 0.893035
447 0.344364 0.314139
448 0.988326 0.158110
449 0.423692 0.059186
450 0.081216 0.257087
451 0.547964 0.249049
452 0.108009 0.034513
453 0.465930 0.027139
454 0.072638 0.120982
455 0.039324 0.595876
456 0.747635 0.403242
457 0.009762 0.462946
458 0.109462 0.916018
459 0.320794 0.534109
460 0.137234 0.998029
461 0.942684 0.904910
462 0.657395 0.549126
463 0.506069 0.867012
464 0.921609 0.331511
465 0.239721 0.430827
466 0.462271 0.859922
467 0.010822 0.515169
468 0.560990 0.323131
469 0.456792 0.900843
470 0.528658 0.884390
471 0.726108 0.855506
472 0.932495 0.860804
473 0.740196 0.010058
474 0.441315 0.240404
475 0.485566 0.610277
476 0.902702 0.081111
477 0.319081 0.114373
478 0.065805 0.306270
479 0.421817 0.152659
480 0.029802 0.285533
481 0.814362 0.756560
482 0.497539 0.221922
483 0.801164 0.968940
484 0.231718 0.334461
485 0.622625 0.116656
486 0.350264 0.447859
487 0.911048 0.351450
488 0.743003 0.879060
489 0.270175 0.546736
490 0.927921 0.275530
491 0.248293 0.006873
492 0.948057 0.388716
493 0.738648 0.212858
494 0.928978 0.663045
495 0.133246 0.005406
496 0.466313 0.094700
497 0.073467 0.017721
498 0.911027 0.676957
499 0.528767 0.200723
500 0.497474 0.893420
501 0.929787 0.941501
502 0.175745 0.704274
503 0.257284 0.746176
504 0.722882 0.832487
505 0.733732 0.145883
506 0.429827 0.232264
507 0.984730 0.220436
508 0.308787 0.205177
509 0.881201 0.135741
510 0.272279 0.393874
511 0.372939 0.176950
512 0.969990 0.642297
513 0.307827 0.808937
514 0.830065 0.226669
515 0.218182 0.002495
516 0.182500 0.317914
517 0.620625 0.223776
518 0.458798 0.324182
519 0.558094 0.770721
520 0.864029 0.897716
521 0.893886 0.323783
522 0.086222 0.739430
523 0.478942 0.403019
524 0.020666 0.871299
525 0.001177 0.107157
526 0.573011 0.773292
527 0.024915 0.693848
528 0.818903 0.234192
529 0.893889 0.073333
530 0.292700 0.758682
531 0.469371 0.672714
532 0.507718 0.527009
533 0.540192 0.075760
534 0.262174 0.155126
535 0.472034 0.065015
536 0.868821 0.714083
537 0.700034 0.373243
538 0.263738 0.622136
539 0.815595 0.085309
540 0.258060 0.308923
541 0.058983 0.507393
542 0.751113 0.343045
543 0.134589 0.681341
544 0.588221 0.189994
545 0.071825 0.110066
546 0.679363 0.861724
547 0.267041 0.900664
548 0.346279 0.410412
549 0.290838 0.700894
550 0.980966 0.238237
551 0.393806 0.911108
552 0.775214 0.754591
553 0.898561 0.916412
554 0.363873 0.127926
555 0.827132 0.502783
556 0.713797 0.751555
557 0.485905 0.570995
558 0.257526 0.994197
559 0.399562 0.605056
560 0.291626 0.850802
561 0.836503 0.833671
562 0.447214 0.312019
563 0.035760 0.122536
564 0.751581 0.007973
565 0.608486 0.264015
566 0.173069 0.974956
567 0.825414 0.383436
568 0.237289 0.327113
569 0.955187 0.274699
570 0.206846 0.869531
571 0.994407 0.855925
572 0.528446 0.403570
573 0.165652 0.103212
574 0.540697 0.467401
575 0.409790 0.520855
576 0.557445 0.846863
577 0.745359 0.312983
578 0.217152 0.128258
579 0.407497 0.085379
580 0.759391 0.968050
581 0.527583 0.512681
582 0.066220 0.813986
583 0.869591 0.168887
584 0.889272 0.528000
585 0.800328 0.638006
586 0.672610 0.733310
587 0.238076 0.096903
588 0.776925 0.736445
589 0.797829 0.793840
590 0.712401 0.559517
591 0.731155 0.233876
592 0.195599 0.958866
593 0.544892 0.426296
594 0.459934 0.303266
595 0.375224 0.249366
596 0.269876 0.838235
597 0.098750 0.788637
598 0.031993 0.359486
599 0.056096 0.001592
600 0.321247 0.657014
601 0.519628 0.067820
602 0.829023 0.566181
603 0.155568 0.081487
604 0.440828 0.017997
605 0.189050 0.885683
606 0.960693 0.527287
607 0.982343 0.473309
608 0.433289 0.073909
609 0.405893 0.255760
610 0.099033 0.889296
611 0.918116 0.137024
612 0.826323 0.799365
613 0.352858 0.546701
614 0.026179 0.193764
615 0.121970 0.266634
616 0.682005 0.940807
617 0.620497 0.905496
618 0.554530 0.999616
619 0.710629 0.492585
620 0.620129 0.256635
621 0.101802 0.926879
622 0.867200 0.575332
623 0.019753 0.842710
624 0.773962 0.617891
625 0.171629 0.364817
626 0.031514 0.499376
627 0.753144 0.591318
628 0.199183 0.794500
629 0.030160 0.762760
630 0.323741 0.635810
631 0.420007 0.802709
632 0.190381 0.645065
633 0.055537 0.795001
634 0.584116 0.704602
635 0.527731 0.068606
636 0.524474 0.852279
637 0.598849 0.484550
638 0.265527 0.250043
639 0.212653 0.543058
640 0.841985 0.733244
641 0.915094 0.656480
642 0.464186 0.652953
643 0.241535 0.453259
644 0.385827 0.112912
645 0.344293 0.562485
646 0.940135 0.757359
647 0.453141 0.694116
648 0.293078 0.291597
649 0.423379 0.595864
650 0.335018 0.075409
651 0.719906 0.091787
652 0.385933 0.824022
653 0.686210 0.512512
654 0.131820 0.220488
655 0.503459 0.104157
656 0.333887 0.355450
657 0.089355 0.905829
658 0.301564 0.731135
659 0.687630 0.204252
660 0.417804 0.635893
661 0.950839 0.608651
662 0.635055 0.333280
663 0.777092 0.379826
664 0.396381 0.303624
665 0.025636 0.894430
666 0.878636 0.726218
667 0.803184 0.496739
668 0.317798 0.806154
669 0.314580 0.337143
670 0.588722 0.974303
671 0.930009 0.195049
672 0.899410 0.938779
673 0.173965 0.056411
674 0.845832 0.266607
675 0.501315 0.301091
676 0.323424 0.274655
677 0.606657 0.624072
678 0.033852 0.957355
679 0.604695 0.086517
680 0.666484 0.569731
681 0.949500 0.784326
682 0.159317 0.750236
683 0.080848 0.188454
684 0.173199 0.556218
685 0.903838 0.826993
686 0.145987 0.717577
687 0.911881 0.482234
688 0.412160 0.822794
689 0.197054 0.416722
690 0.457309 0.058398
691 0.324528 0.347185
692 0.694174 0.736965
693 0.841065 0.444549
694 0.140926 0.777641
695 0.529867 0.021703
696 0.179902 0.535108
697 0.465243 0.741484
698 0.666455 0.977010
699 0.340578 0.114399
700 0.286207 0.213366
701 0.697367 0.195445
702 0.339133 0.606017
703 0.988764 0.820093
704 0.352754 0.840482
705 0.364161 0.063207
706 0.693901 0.859763
707 0.249813 0.343913
708 0.212369 0.749712
709 0.180728 0.559618
710 0.773822 0.427706
711 0.454586 0.614308
712 0.796330 0.273458
713 0.913230 0.627163
714 0.660829 0.492418
715 0.639794 0.954522
716 0.258458 0.650281
717 0.049792 0.663961
718 0.103264 0.996321
719 0.619985 0.704800
720 0.696357 0.027409
721 0.437963 0.882473
722 0.810318 0.520894
723 0.371327 0.900207
724 0.294830 0.276103
725 0.185394 0.431434
726 0.457231 0.772517
727 0.337803 0.183871
728 0.770434 0.214031
729 0.869375 0.489066
730 0.942562 0.541999
731 0.087438 0.783763
732 0.707089 0.606159
733 0.039549 0.534038
734 0.572176 0.570277
735 0.483603 0.993947
736 0.553999 0.673255
737 0.174521 0.687510
738 0.611267 0.666653
739 0.808274 0.656187
740 0.096767 0.606037
741 0.046630 0.186232
742 0.131686 0.294686
743 0.539165 0.479532
744 0.704254 0.529955
745 0.672494 0.761088
746 0.854171 0.110996
747 0.933835 0.087171
748 0.896728 0.251509
749 0.863178 0.429670
750 0.595956 0.296120
751 0.950225 0.464154
752 0.285462 0.197697
753 0.645856 0.559010
754 0.860706 0.366858
755 0.218004 0.119620
756 0.949254 0.846922
757 0.936714 0.204236
758 0.148584 0.483406
759 0.734282 0.247144
760 0.444625 0.955249
761 0.072873 0.433101
762 0.422673 0.619724
763 0.869715 0.327907
764 0.258193 0.392380
765 0.383913 0.632426
766 0.369546 0.324229
767 0.217813 0.355806
768 0.639300 0.208880
769 0.422104 0.431297
770 0.317562 0.390039
771 0.414555 0.591251
772 0.847583 0.435873
773 0.091859 0.866278
774 0.031515 0.322965
775 0.011930 0.845888
776 0.599708 0.050915
777 0.142846 0.553968
778 0.070982 0.280820
779 0.737752 0.259071
780 0.764135 0.361957
781 0.072905 0.239954
782 0.076959 0.584972
783 0.929925 0.845254
784 0.127544 0.710638
785 0.821810 0.579705
786 0.110825 0.276148
787 0.002580 0.205070
788 0.967700 0.949742
789 0.162335 0.985891
790 0.170207 0.152978
791 0.989376 0.376334
792 0.997686 0.609163
793 0.494078 0.431443
794 0.540932 0.356781
795 0.761022 0.150520
796 0.817877 0.908699
797 0.800878 0.191301
798 0.994813 0.250936
799 0.214803 0.909342
800 0.286164 0.171479
801 0.428075 0.446399
802 0.420900 0.684437
803 0.988987 0.713651
804 0.574499 0.893958
805 0.341497 0.592189
806 0.895921 0.521883
807 0.869853 0.133890
808 0.655899 0.291048
809 0.481844 0.202946
810 0.072240 0.485478
811 0.589402 0.312877
812 0.254618 0.334864
813 0.727801 0.268549
814 0.896955 0.653291
815 0.702779 0.689676
816 0.331291 0.836777
817 0.978202 0.667028
818 0.545120 0.787154
819 0.624344 0.397171
820 0.501456 0.317862
821 0.759444 0.279747
822 0.921913 0.084392
823 0.170770 0.922662
824 0.070175 0.500866
825 0.172803 0.644569
826 0.001952 0.649774
827 0.965736 0.580371
828 0.079198 0.165304
829 0.321491 0.902147
830 0.420421 0.049893
831 0.443235 0.798235
832 0.329259 0.053550
833 0.314310 0.945527
834 0.899825 0.159515
835 0.660093 0.587675
836 0.152584 0.321736
837 0.131974 0.973223
838 0.172102 0.584361
839 0.690047 0.170108
840 0.631806 0.897250
841 0.146397 0.369861
842 0.449482 0.464369
843 0.819382 0.549439
844 0.977232 0.579402
845 0.752825 0.522890
846 0.393508 0.836085
847 0.191444 0.159174
848 0.239385 0.477468
849 0.888727 0.846215
850 0.098176 0.696932
851 0.426763 0.774607
852 0.239310 0.886367
853 0.240070 0.212132
854 0.263871 0.022040
855 0.740275 0.438970
856 0.635224 0.677543
857 0.940704 0.214906
858 0.573194 0.341498
859 0.362127 0.812297
860 0.352419 0.536093
861 0.997747 0.216543
862 0.673488 0.532814
863 0.495722 0.681144
864 0.682834 0.574676
865 0.647684 0.573781
866 0.791321 0.587550
867 0.383249 0.775846
868 0.255747 0.355590
869 0.543192 0.937782
870 0.065153 0.126667
871 0.191857 0.721465
872 0.914587 0.665415
873 0.404026 0.628494
874 0.088973 0.353409
875 0.584504 0.222041
876 0.352418 0.352675
877 0.589529 0.357075
878 0.875186 0.418018
879 0.510802 0.042220
880 0.021606 0.104227
881 0.657020 0.235495
882 0.285767 0.992162
883 0.464910 0.470226
884 0.183727 0.701816
885 0.004560 0.416448
886 0.742549 0.177131
887 0.885151 0.031389
888 0.483928 0.973336
889 0.368857 0.572704
890 0.094089 0.164720
891 0.327751 0.301224
892 0.252307 0.072431
893 0.274746 0.174024
894 0.266298 0.114712
895 0.891192 0.200345
896 0.173814 0.327063
897 0.017548 0.069376
898 0.827335 0.251929
899 0.727697 0.284697
900 0.699758 0.073763
901 0.046404 0.819756
902 0.957840 0.074749
903 0.815699 0.454387
904 0.073420 0.764923
905 0.377748 0.588878
906 0.120118 0.481834
907 0.487896 0.077152
908 0.598937 0.330499
909 0.646654 0.254399
910 0.571478 0.375816
911 0.815615 0.973688
912 0.791647 0.516746
913 0.164499 0.295926
914 0.933240 0.373764
915 0.798557 0.298790
916 0.465238 0.603739
917 0.557975 0.257476
918 0.378546 0.358162
919 0.307886 0.952189
920 0.590758 0.405498
921 0.647853 0.600780
922 0.800599 0.211181
923 0.465910 0.990683
924 0.602481 0.719312
925 0.657670 0.526886
926 0.519868 0.986678
927 0.196767 0.701351
928 0.124503 0.624757
929 0.786754 0.414223
930 0.275085 0.634328
931 0.322493 0.038362
932 0.040045 0.043909
933 0.258304 0.954109
934 0.530215 0.793682
935 0.390052 0.370025
936 0.918955 0.256695
937 0.633680 0.124158
938 0.995212 0.483463
939 0.965333 0.132400
940 0.393231 0.159718
941 0.256495 0.610884
942 0.405036 0.046050
943 0.418969 0.731561
944 0.850678 0.249951
945 0.766188 0.597988
946 0.400345 0.874341
947 0.026928 0.446007
948 0.051391 0.267003
949 0.098343 0.726858
950 0.502851 0.652898
951 0.389777 0.893773
952 0.968549 0.027245
953 0.715863 0.828223
954 0.817443 0.137879
955 0.386138 0.259157
956 0.783565 0.227387
957 0.215971 0.070527
958 0.029999 0.711879
959 0.244863 0.681821
960 0.673686 0.407004
961 0.332022 0.715733
962 0.610569 0.533809
963 0.222117 0.175089
964 0.616509 0.852912
965 0.346634 0.032816
966 0.813420 0.220890
967 0.691279 0.091636
968 0.884506 0.195370
969 0.849098 0.597144
970 0.845133 0.368229
971 0.970104 0.858544
972 0.621873 0.816941
973 0.244558 0.034374
974 0.748764 0.072133
975 0.373791 0.316367
976 0.504398 0.990150
977 0.964087 0.908558
978 0.543127 0.100749
979 0.611100 0.144825
980 0.232454 0.639677
981 0.989019 0.980573
982 0.993483 0.258997
983 0.764884 0.927496
984 0.042939 0.408154
985 0.120942 0.181807
986 0.540995 0.444739
987 0.868985 0.766975
988 0.926850 0.390839
989 0.352365 0.013286
990 0.781831 0.149211
991 0.256636 0.495521
992 0.624013 0.753466
993 0.074409 0.000701
994 0.686823 0.331794
995 0.664871 0.893189
996 0.207597 0.584664
997 0.508805 0.738414
998 0.463384 0.163475
999 0.477408 0.779059
6000
0 29
0 84
0 130
0 145
0 154
0 200
0 247
0 272
0 309
0 376
0 435
0 463
0 466
0 469
0 470
0 500
0 636
1 11
1 327
1 370
1 485
1 544
1 768
1 839
1 937
1 979
2 146
2 167
2 338
2 464
2 487
2 490
2 521
2 569
2 748
2 763
2 936
3 9
3 59
3 131
3 261
3 412
3 646
3 681
3 703
4 39
4 88
4 161
4 186
4 246
4 281
4 294
4 320
4 352
4 446
4 461
4 472
4 501
4 520
4 553
4 672
4 783
4 849
4 977
5 111
5 210
5 246
5 292
5 325
5 365
5 520
5 561
5 612
5 796
5 849
6 83
6 143
6 175
6 209
6 251
6 414
6 662
6 819
6 877
6 908
6 910
6 920
6 960
7 40
7 73
7 104
7 178
7 269
7 280
7 815
8 34
8 227
8 283
8 307
8 369
8 380
8 403
8 424
8 505
8 651
8 795
8 900
8 967
8 974
8 990
9 131
9 261
9 412
9 646
9 681
9 703
9 803
10 50
10 163
10 213
10 235
10 416
10 436
10 580
10 616
10 983
11 327
11 370
11 386
11 517
11 659
11 701
11 768
11 839
11 881
11 937
11 979
12 156
12 231
12 255
12 285
12 355
12 392
12 428
12 638
12 700
12 724
12 752
12 853
13 66
13 145
13 200
13 208
13 272
13 276
13 309
13 315
13 376
13 435
13 618
13 670
13 869
13 888
13 926
13 976
14 58
14 138
14 149
14 155
14 289
14 395
14 606
14 607
14 687
14 730
14 751
14 827
14 844
14 938
15 71
15 182
15 296
15 329
15 348
15 385
15 486
15 548
16 56
16 223
16 224
16 348
16 385
16 419
16 486
16 548
16 769
16 801
16 918
16 935
17 67
17 153
17 207
17 364
17 401
17 514
17 528
17 583
17 674
17 797
17 895
17 898
17 922
17 944
17 966
17 968
18 55
18 165
18 248
18 290
18 522
18 597
18 682
18 686
18 694
18 731
18 784
18 850
18 904
18 949
19 51
19 108
19 181
19 190
19 396
19 725
19 761
19 841
20 77
20 274
20 298
20 347
20 442
20 451
20 482
20 675
20 820
20 917
21 29
21 101
21 247
21 519
21 526
21 576
21 636
21 818
21 934
21 964
21 972
22 91
22 98
22 146
22 267
22 295
22 310
22 362
22 405
22 464
22 487
22 492
22 791
22 914
22 988
23 48
23 175
23 226
23 297
23 393
23 574
23 581
23 637
23 743
23 962
23 986
24 52
24 54
24 308
24 443
24 475
24 532
24 557
24 581
24 916
25 101
25 384
25 519
25 526
25 634
25 818
25 924
25 934
25 997
26 191
26 403
26 564
27 57
27 103
27 105
27 194
27 234
27 243
27 317
27 494
27 498
27 536
27 641
27 666
27 713
27 814
27 872
28 136
28 152
28 237
28 242
28 251
28 279
28 421
28 439
28 662
28 808
28 813
28 899
28 909
28 994
29 84
29 145
29 247
29 272
29 376
29 463
29 470
29 500
29 576
29 636
29 804
30 34
30 195
30 227
30 307
30 321
30 340
30 380
30 403
30 437
30 473
30 651
30 720
30 900
30 967
30 974
31 82
31 233
31 291
31 341
31 360
31 389
31 479
31 511
31 554
31 579
31 644
31 940
31 998
32 132
32 229
32 285
32 326
32 428
32 484
32 516
32 540
32 568
32 625
32 707
32 767
32 812
32 868
32 896
33 35
33 85
33 183
33 203
33 220
33 262
33 293
33 400
33 503
33 549
33 658
33 716
33 930
33 959
33 980
34 195
34 227
34 307
34 321
34 369
34 380
34 437
34 651
34 720
34 900
34 967
34 974
35 183
35 203
35 220
35 252
35 262
35 293
35 400
35 431
35 503
35 530
35 549
35 658
35 708
35 871
35 927
35 959
36 80
36 121
36 160
36 306
36 531
36 647
36 697
36 726
36 851
36 863
36 943
36 997
36 999
37 52
37 54
37 559
37 649
37 660
37 711
37 762
37 765
37 771
37 873
37 889
37 905
37 916
38 116
38 118
38 238
38 458
38 610
38 621
38 657
38 678
39 88
39 186
39 246
39 281
39 292
39 294
39 320
39 446
39 461
39 501
39 520
39 553
39 672
39 849
40 74
40 104
40 158
40 215
40 269
40 280
40 304
40 328
40 371
40 430
40 445
40 552
40 556
40 586
40 588
40 692
40 745
40 815
41 90
41 176
41 182
41 188
41 189
41 199
41 201
41 357
41 368
41 423
41 427
41 459
41 489
41 639
41 848
41 991
42 344
42 558
42 882
42 919
42 933
43 171
43 254
43 258
43 341
43 474
43 506
43 562
43 594
43 609
43 955
44 61
44 63
44 103
44 149
44 155
44 265
44 289
44 395
44 512
44 606
44 661
44 713
44 730
44 792
44 827
44 844
45 83
45 275
45 351
45 456
45 537
45 542
45 663
45 710
45 780
45 855
45 929
46 206
46 318
46 350
46 455
46 717
46 740
46 782
46 928
47 53
47 167
47 202
47 284
47 349
47 521
47 567
47 754
47 763
47 915
47 970
48 175
48 209
48 297
48 299
48 393
48 637
48 714
48 962
49 185
49 303
49 476
49 529
49 822
49 887
50 93
50 193
50 213
50 225
50 235
50 378
50 416
50 436
50 471
50 488
50 546
50 616
50 706
50 983
50 995
51 190
51 316
51 396
51 761
51 841
51 874
52 54
52 475
52 557
52 649
52 711
52 762
52 771
52 916
53 202
53 284
53 349
53 542
53 567
53 577
53 663
53 712
53 780
53 915
53 970
54 335
54 557
54 559
54 575
54 649
54 711
54 771
54 916
55 76
55 248
55 290
55 522
55 597
55 682
55 686
55 694
55 731
55 784
55 904
55 949
56 71
56 348
56 366
56 486
56 548
56 656
56 669
56 691
56 770
56 876
56 918
56 935
57 63
57 194
57 234
57 261
57 412
57 494
57 498
57 512
57 803
57 817
57 872
58 98
58 149
58 289
58 395
58 404
58 606
58 607
58 687
58 730
58 751
58 938
59 86
59 472
59 571
59 703
59 756
59 783
59 971
60 115
60 116
60 118
60 336
60 458
60 610
60 657
60 773
61 63
61 103
61 265
61 317
61 494
61 512
61 641
61 661
61 713
61 792
61 814
61 817
61 827
61 844
61 872
62 283
62 417
62 424
62 505
62 795
62 797
62 886
62 954
62 990
63 103
63 234
63 265
63 494
63 498
63 512
63 641
63 661
63 713
63 792
63 814
63 817
63 827
63 872
64 154
64 221
64 276
64 418
64 435
64 469
64 551
64 721
64 760
64 888
64 923
64 951
65 75
65 582
65 623
65 629
65 633
65 731
65 775
65 901
65 904
66 208
66 272
66 315
66 356
66 618
66 670
66 869
66 926
67 153
67 207
67 278
67 514
67 528
67 674
67 748
67 895
67 898
67 936
67 944
67 966
67 968
68 281
68 352
68 501
68 553
68 672
69 176
69 181
69 189
69 368
69 465
69 643
69 689
69 725
69 848
69 991
70 111
70 163
70 292
70 365
70 483
70 520
70 796
70 911
70 983
71 182
71 188
71 348
71 363
71 385
71 486
71 510
71 548
71 770
72 377
72 410
72 420
72 432
72 452
72 497
72 599
72 897
72 932
72 993
73 81
73 104
73 178
73 280
73 331
73 345
73 391
73 586
73 815
73 856
74 96
74 158
74 304
74 328
74 371
74 445
74 504
74 552
74 556
74 588
74 589
74 953
75 623
75 629
75 633
75 901
76 262
76 502
76 628
76 682
76 686
76 694
76 708
76 737
76 784
76 871
76 884
76 927
77 274
77 298
77 347
77 353
77 442
77 451
77 482
77 499
77 675
77 875
77 917
78 89
78 148
78 212
78 260
78 411
78 639
78 684
78 696
78 709
78 777
78 838
78 996
79 128
79 204
79 324
79 467
79 541
79 626
79 733
79 782
79 810
79 824
80 121
80 306
80 647
80 697
80 726
80 831
80 851
80 943
80 997
80 999
81 169
81 178
81 179
81 241
81 339
81 391
81 590
81 627
81 680
81 732
81 835
81 864
81 865
81 921
82 137
82 139
82 266
82 291
82 341
82 508
82 511
82 554
82 595
82 727
82 940
83 359
83 399
83 414
83 456
83 537
83 819
83 855
83 960
84 145
84 247
84 376
84 463
84 466
84 470
84 500
84 576
84 636
85 187
85 220
85 262
85 400
85 411
85 502
85 632
85 716
85 737
85 825
85 871
85 884
85 927
85 959
85 980
86 123
86 161
86 294
86 446
86 461
86 472
86 571
86 703
86 756
86 783
86 971
86 977
87 99
87 138
87 141
87 149
87 239
87 346
87 404
87 555
87 584
87 602
87 622
87 687
87 729
87 730
87 806
88 161
88 186
88 246
88 281
88 294
88 320
88 352
88 446
88 461
88 472
88 501
88 520
88 553
88 672
88 849
89 128
89 148
89 206
89 212
89 260
89 324
89 375
89 639
89 684
89 696
89 709
89 777
89 838
89 996
90 182
90 188
90 199
90 201
90 296
90 357
90 368
90 423
90 427
90 459
90 489
90 613
90 645
90 860
90 991
91 98
91 166
91 267
91 310
91 362
91 379
91 405
91 492
91 687
91 751
91 878
91 914
91 988
92 95
92 124
92 216
92 222
92 450
92 615
92 654
92 742
92 781
92 786
92 913
93 110
93 126
93 193
93 225
93 235
93 378
93 471
93 546
93 617
93 706
93 840
93 964
93 995
94 301
94 345
94 384
94 634
94 677
94 719
94 736
94 738
94 856
94 924
95 117
95 124
95 174
95 216
95 286
95 429
95 615
95 654
95 786
95 985
96 378
96 445
96 471
96 488
96 504
96 706
96 953
97 134
97 135
97 142
97 372
97 388
97 547
97 560
97 596
97 704
97 723
97 816
97 829
98 267
98 362
98 379
98 387
98 492
98 607
98 687
98 751
98 938
98 988
99 141
99 253
99 287
99 394
99 555
99 584
99 602
99 667
99 722
99 729
99 843
99 903
99 912
100 106
100 107
100 177
100 207
100 278
100 338
100 364
100 448
100 507
100 550
100 671
100 757
100 834
100 857
100 861
100 895
100 936
100 968
101 519
101 526
101 818
101 934
101 972
101 992
102 105
102 122
102 196
102 232
102 243
102 273
102 325
102 481
102 536
102 640
102 666
102 987
103 265
103 317
103 346
103 494
103 498
103 512
103 641
103 661
103 713
103 792
103 814
103 817
103 827
103 872
104 178
104 269
104 280
104 692
104 815
105 243
105 273
105 354
105 494
105 498
105 536
105 640
105 641
105 666
105 814
105 872
106 107
106 177
106 259
106 448
106 507
106 550
106 757
106 798
106 857
106 861
107 177
107 338
107 507
107 550
107 569
107 671
107 757
107 798
107 857
107 861
107 936
107 982
108 128
108 181
108 190
108 725
108 758
108 906
109 174
109 216
109 264
109 314
109 409
109 415
109 429
109 450
109 614
109 654
109 683
109 741
109 778
109 781
109 828
109 890
109 948
109 985
110 126
110 193
110 225
110 235
110 361
110 546
110 617
110 706
110 840
110 964
110 972
110 995
111 210
111 292
111 365
111 488
111 796
111 983
112 197
112 322
112 367
112 433
112 444
112 559
112 600
112 630
112 660
112 702
112 765
112 802
112 873
113 119
113 198
113 256
113 268
113 468
113 572
113 675
113 794
113 820
113 858
113 910
114 434
114 477
114 650
114 699
114 705
114 832
114 892
114 894
114 931
114 965
115 118
115 458
115 524
115 582
115 610
115 623
115 657
115 665
115 773
115 901
116 118
116 120
116 458
116 605
116 610
116 621
116 657
116 773
116 823
117 124
117 286
117 654
117 790
117 847
117 853
117 963
118 458
118 524
118 610
118 621
118 657
118 665
118 773
119 198
119 256
119 268
119 523
119 572
119 793
119 794
119 820
120 319
120 333
120 566
120 592
120 605
120 789
120 799
120 823
121 160
121 306
121 531
121 642
121 647
121 697
121 863
121 950
121 997
122 196
122 232
122 273
122 325
122 481
122 536
122 589
122 612
122 640
122 666
122 987
123 161
123 186
123 192
123 294
123 352
123 446
123 461
123 571
123 788
123 971
123 977
124 286
124 429
124 654
124 790
124 847
124 963
124 985
125 168
125 343
125 401
125 493
125 528
125 591
125 712
125 728
125 759
125 779
125 813
125 821
125 898
125 899
125 915
125 922
125 956
125 966
126 193
126 225
126 235
126 361
126 546
126 617
126 706
126 840
126 964
126 995
127 224
127 257
127 329
127 335
127 575
127 769
127 801
127 842
127 883
128 260
128 324
128 375
128 541
128 758
128 777
128 810
128 824
128 906
129 150
129 157
129 321
129 383
129 406
129 413
129 485
129 533
129 679
129 776
129 937
129 978
130 154
130 441
130 463
130 466
130 469
130 500
130 688
130 721
130 846
130 946
130 951
131 232
131 646
131 681
131 685
131 703
131 756
131 783
132 181
132 326
132 465
132 484
132 625
132 689
132 725
132 764
132 767
132 841
132 868
133 172
133 173
133 199
133 423
133 427
133 489
133 538
133 600
133 630
133 702
133 716
133 805
133 930
133 941
134 551
134 560
134 704
134 723
134 816
134 829
134 833
134 951
135 142
135 252
135 372
135 431
135 513
135 530
135 560
135 596
135 668
135 816
136 152
136 237
136 242
136 251
136 279
136 381
136 421
136 439
136 620
136 808
136 813
136 881
136 899
136 909
136 994
137 139
137 171
137 595
137 609
137 664
137 676
137 891
137 955
138 149
138 239
138 265
138 346
138 395
138 404
138 584
138 606
138 622
138 687
138 730
138 806
139 255
139 266
139 291
139 508
139 511
139 595
139 727
139 940
140 151
140 259
140 270
140 408
140 426
140 476
140 529
140 611
140 747
140 822
140 902
140 939
141 184
141 287
141 394
141 404
141 555
141 584
141 602
141 667
141 722
141 729
141 806
141 843
141 903
141 912
142 250
142 372
142 388
142 513
142 547
142 560
142 596
142 668
142 816
142 852
143 209
143 251
143 414
143 662
143 819
143 858
143 877
143 908
143 910
143 920
143 960
144 244
144 249
144 282
144 312
144 342
144 513
144 652
144 668
144 704
144 816
144 846
144 859
144 867
145 200
145 247
145 272
145 309
145 376
145 463
145 470
145 500
145 576
145 636
145 804
145 869
146 167
146 295
146 405
146 464
146 487
146 490
146 492
146 521
146 569
146 791
146 914
147 239
147 265
147 317
147 346
147 602
147 622
147 713
147 785
147 814
147 969
148 176
148 212
148 260
148 375
148 411
148 639
148 684
148 696
148 709
148 777
148 838
148 996
149 155
149 239
149 265
149 289
149 346
149 395
149 404
149 584
149 606
149 687
149 730
149 806
149 827
149 844
150 157
150 321
150 358
150 406
150 413
150 437
150 679
150 776
151 185
151 476
151 747
151 822
151 902
151 952
152 237
152 242
152 251
152 414
152 421
152 439
152 537
152 662
152 808
152 994
153 205
153 207
153 364
153 401
153 514
153 528
153 583
153 797
153 834
153 895
153 898
153 922
153 944
153 966
153 968
154 418
154 435
154 441
154 466
154 469
154 500
154 551
154 721
154 760
154 946
154 951
155 289
155 395
155 606
155 661
155 730
155 792
155 827
155 844
156 229
156 231
156 285
156 355
156 392
156 428
156 540
156 638
156 648
156 700
156 724
156 853
157 159
157 218
157 337
157 383
157 406
157 485
157 533
157 635
157 679
157 776
157 937
157 978
157 979
158 280
158 304
158 328
158 371
158 430
158 445
158 552
158 556
158 586
158 588
158 692
158 745
159 162
159 218
159 236
159 353
159 370
159 383
159 425
159 485
159 544
159 978
159 979
160 306
160 322
160 433
160 531
160 642
160 647
160 660
160 697
160 802
160 863
160 943
161 186
161 294
161 320
161 352
161 446
161 461
161 472
161 501
161 553
161 672
161 756
161 788
161 971
161 977
162 218
162 236
162 300
162 323
162 337
162 360
162 383
162 425
162 533
162 655
162 978
163 213
163 436
163 483
163 580
163 911
163 983
164 169
164 228
164 241
164 245
164 339
164 590
164 619
164 627
164 653
164 744
164 845
164 862
164 864
164 912
165 187
165 290
165 502
165 522
165 543
165 686
165 737
165 784
165 850
165 928
165 949
166 287
166 310
166 362
166 379
166 404
166 687
166 693
166 729
166 749
166 772
166 806
166 878
167 405
167 464
167 487
167 521
167 754
167 763
167 914
167 970
168 343
168 401
168 493
168 591
168 701
168 728
168 759
168 779
168 795
168 797
168 813
168 886
168 922
168 956
168 966
169 228
169 241
169 339
169 590
169 624
169 627
169 732
169 744
169 845
169 864
169 866
169 945
170 240
170 264
170 288
170 409
170 525
170 563
170 614
170 741
170 787
170 828
170 870
170 880
171 254
171 258
171 341
171 438
171 474
171 506
171 562
171 594
171 595
171 609
171 664
171 955
171 975
172 173
172 199
172 423
172 427
172 538
172 600
172 630
172 645
172 702
172 805
172 889
172 905
172 930
172 941
173 367
173 400
173 538
173 600
173 630
173 702
173 716
173 805
173 930
173 941
174 216
174 264
174 314
174 409
174 429
174 450
174 654
174 683
174 741
174 781
174 828
174 890
174 985
175 209
175 637
175 819
175 920
176 189
176 201
176 260
176 368
176 375
176 639
176 643
176 696
176 848
176 991
177 207
177 259
177 278
177 338
177 448
177 507
177 550
177 671
177 757
177 798
177 857
177 861
178 241
178 280
178 391
178 624
178 627
178 732
178 815
179 228
179 339
179 391
179 462
179 590
179 680
179 732
179 744
179 753
179 835
179 862
179 864
179 865
179 921
179 925
180 527
180 717
180 826
180 958
181 190
181 326
181 625
181 689
181 725
181 758
181 841
182 188
182 201
182 296
182 348
182 357
182 363
182 368
182 385
182 427
182 459
182 486
182 860
182 991
183 203
183 220
183 252
183 282
183 293
183 342
183 367
183 400
183 503
183 530
183 549
183 600
183 658
183 716
183 959
183 961
184 275
184 287
184 351
184 397
184 555
184 667
184 693
184 710
184 749
184 772
184 903
184 929
185 476
185 529
185 747
185 822
185 887
185 902
186 281
186 294
186 320
186 352
186 446
186 461
186 501
186 553
186 672
186 788
186 977
187 262
187 502
187 543
187 632
187 686
187 737
187 784
187 825
187 850
187 871
187 884
187 927
187 928
188 189
188 201
188 348
188 363
188 368
188 465
188 643
188 848
188 991
189 201
189 363
189 368
189 465
189 639
189 643
189 848
189 991
190 396
190 761
190 906
191 403
191 539
192 214
192 352
192 501
192 788
192 977
192 981
193 225
193 235
193 311
193 361
193 546
193 616
193 617
193 706
193 715
193 840
193 964
193 995
194 234
194 243
194 261
194 412
194 494
194 498
194 646
194 803
194 817
194 872
195 227
195 307
195 321
195 340
195 369
195 380
195 437
195 651
195 720
195 900
195 967
196 273
196 325
196 481
196 552
196 561
196 589
196 612
196 640
196 987
197 282
197 322
197 367
197 433
197 444
197 549
197 600
197 630
197 765
197 961
198 256
198 402
198 419
198 518
198 523
198 562
198 594
198 675
198 820
199 296
199 357
199 423
199 427
199 459
199 489
199 613
199 645
199 702
199 805
199 860
199 889
199 905
200 208
200 272
200 276
200 309
200 315
200 376
200 435
200 470
200 500
200 869
200 888
200 926
200 976
201 357
201 363
201 368
201 423
201 427
201 459
201 489
201 643
201 848
201 991
202 275
202 397
202 567
202 663
202 693
202 710
202 754
202 772
202 780
202 929
202 970
203 220
203 252
203 293
203 342
203 400
203 431
203 503
203 530
203 549
203 658
203 708
203 959
204 374
204 457
204 467
204 541
204 626
204 733
204 810
204 824
204 947
205 278
205 364
205 408
205 509
205 583
205 611
205 746
205 807
205 834
205 895
205 968
206 212
206 324
206 350
206 740
206 777
206 782
206 838
206 928
207 278
207 338
207 364
207 490
207 671
207 748
207 757
207 857
207 895
207 936
207 944
207 968
208 272
208 276
208 309
208 315
208 376
208 435
208 500
208 618
208 735
208 869
208 888
208 923
208 926
208 976
209 414
209 593
209 819
209 877
209 910
209 920
210 292
210 325
210 365
210 520
210 561
210 589
210 612
210 796
210 849
211 266
211 477
211 508
211 534
211 578
211 700
211 752
211 800
211 893
211 894
211 963
212 411
212 632
212 684
212 696
212 709
212 740
212 777
212 825
212 838
212 928
212 996
213 225
213 235
213 311
213 416
213 436
213 580
213 616
213 698
213 983
214 352
214 501
214 788
214 981
215 269
215 304
215 354
215 445
215 481
215 552
215 588
215 640
216 314
216 450
216 615
216 654
216 742
216 778
216 781
216 786
216 948
217 238
217 678
218 236
218 337
218 353
218 370
218 383
218 425
218 499
218 544
218 978
218 979
219 431
219 570
219 596
219 628
220 262
220 293
220 400
220 503
220 549
220 658
220 716
220 927
220 959
220 980
221 418
221 735
221 760
221 888
221 923
222 285
222 428
222 516
222 615
222 742
222 836
222 896
222 913
223 224
223 329
223 385
223 419
223 486
223 548
223 769
223 801
223 842
223 935
224 329
224 419
224 523
224 769
224 793
224 801
224 842
224 883
225 235
225 311
225 361
225 416
225 546
225 616
225 617
225 698
225 715
225 840
225 995
226 257
226 532
226 574
226 581
226 593
226 637
226 743
226 986
227 307
227 321
227 327
227 369
227 380
227 437
227 651
227 900
227 937
227 967
228 241
228 245
228 339
228 462
228 590
228 619
228 653
228 680
228 744
228 845
228 862
228 864
228 925
229 285
229 392
229 428
229 484
229 540
229 568
229 648
229 707
229 724
229 767
229 812
229 868
230 354
230 585
230 624
230 739
230 866
230 969
231 255
231 285
231 355
231 392
231 508
231 540
231 638
231 648
231 676
231 700
231 724
231 891
232 243
232 273
232 325
232 646
232 666
232 681
232 685
232 987
233 291
233 389
233 434
233 479
233 511
233 554
233 579
233 608
233 644
233 940
234 243
234 261
234 412
234 494
234 498
234 512
234 641
234 646
234 803
234 817
234 872
235 311
235 361
235 416
235 546
235 616
235 617
235 698
235 706
235 715
235 840
235 995
236 300
236 323
236 337
236 360
236 425
236 499
236 655
236 978
236 998
237 242
237 279
237 381
237 386
237 421
237 439
237 517
237 565
237 620
237 808
237 881
237 909
238 621
238 678
238 718
239 265
239 346
239 395
239 404
239 584
239 622
239 730
239 806
240 264
240 288
240 409
240 525
240 563
240 614
240 741
240 787
240 870
240 880
241 339
241 590
241 624
241 627
241 732
241 864
241 866
241 945
242 251
242 279
242 421
242 439
242 662
242 808
242 909
242 994
243 273
243 494
243 498
243 536
243 640
243 641
243 646
243 666
243 814
243 872
243 987
244 249
244 441
244 513
244 652
244 668
244 688
244 704
244 816
244 846
244 859
244 867
245 299
245 339
245 462
245 590
245 619
245 653
245 714
245 744
245 845
245 862
245 925
246 320
246 446
246 472
246 520
246 685
246 756
246 783
246 849
247 376
247 463
247 470
247 500
247 576
247 636
247 804
247 934
248 290
248 336
248 522
248 582
248 597
248 633
248 682
248 694
248 731
248 904
248 949
249 312
249 441
249 631
249 652
249 688
249 704
249 831
249 846
249 851
249 859
249 867
250 319
250 333
250 344
250 372
250 388
250 547
250 560
250 570
250 596
250 799
250 852
250 933
251 414
251 537
251 662
251 808
251 908
251 994
252 282
252 293
252 342
252 431
252 503
252 513
252 530
252 549
252 658
252 668
253 394
253 585
253 602
253 622
253 624
253 627
253 722
253 785
253 843
253 866
253 912
253 945
253 969
254 258
254 274
254 442
254 474
254 482
254 506
254 518
254 562
254 594
254 609
254 675
255 266
255 355
255 392
255 508
255 638
255 676
255 700
255 724
255 727
255 752
255 800
255 853
255 893
256 468
256 518
256 562
256 594
256 675
256 794
256 820
257 532
257 574
257 581
257 743
257 793
257 842
257 883
257 986
258 341
258 438
258 474
258 506
258 518
258 562
258 594
258 595
258 609
258 664
258 955
259 270
259 426
259 448
259 611
259 939
260 324
260 375
260 639
260 684
260 696
260 709
260 758
260 777
260 838
260 906
261 412
261 646
261 681
261 803
261 817
262 400
262 502
262 632
262 708
262 737
262 825
262 871
262 884
262 927
262 959
262 980
263 334
263 373
263 383
263 406
263 422
263 533
263 601
263 635
263 695
263 879
264 330
264 409
264 429
264 454
264 545
264 563
264 614
264 683
264 741
264 828
264 870
264 890
264 985
265 317
265 346
265 395
265 622
265 661
265 713
265 730
265 827
265 844
266 291
266 508
266 511
266 700
266 727
266 752
266 800
266 893
267 295
267 387
267 405
267 492
267 607
267 751
267 791
267 914
267 988
268 572
268 593
268 793
268 794
268 858
268 877
268 910
268 920
268 986
269 280
269 304
269 354
269 552
269 588
269 739
270 408
270 426
270 448
270 476
270 611
270 747
270 822
270 902
270 939
271 382
271 384
271 443
271 475
271 736
271 863
271 950
272 276
272 309
272 315
272 376
272 435
272 470
272 500
272 804
272 869
273 354
273 481
273 536
273 640
273 666
273 987
274 298
274 323
274 347
274 425
274 442
274 451
274 482
274 499
274 809
274 917
275 351
275 359
275 390
275 397
275 456
275 663
275 710
275 780
275 855
275 929
276 309
276 376
276 435
276 469
276 500
276 735
276 760
276 869
276 888
276 923
276 926
276 976
277 316
277 478
277 480
277 598
277 742
277 774
277 778
277 786
277 874
277 948
278 364
278 408
278 583
278 611
278 671
278 748
278 757
278 834
278 857
278 895
278 936
278 968
279 381
279 386
279 421
279 439
279 517
279 591
279 620
279 659
279 759
279 768
279 779
279 808
279 813
279 881
279 899
279 909
280 304
280 556
280 588
280 692
280 815
281 352
281 501
281 520
281 553
281 672
282 293
282 312
282 342
282 367
282 433
282 444
282 530
282 549
282 658
282 961
283 343
283 417
283 424
283 505
283 795
283 797
283 886
283 954
283 990
284 349
284 674
284 712
284 763
284 898
284 915
284 944
285 355
285 392
285 428
285 484
285 540
285 568
285 638
285 648
285 707
285 724
285 812
286 654
286 790
286 847
286 963
286 985
287 310
287 379
287 397
287 555
287 667
287 693
287 729
287 749
287 772
287 878
287 903
288 330
288 420
288 432
288 454
288 525
288 545
288 563
288 870
288 880
288 897
289 395
289 606
289 730
289 827
289 844
289 938
290 522
290 597
290 686
290 694
290 731
290 784
290 850
290 904
290 949
291 341
291 434
291 479
291 511
291 554
291 644
291 699
291 727
291 940
292 365
292 520
292 561
292 796
293 342
293 400
293 503
293 530
293 549
293 658
293 708
293 959
293 961
294 320
294 352
294 446
294 461
294 472
294 501
294 553
294 672
294 788
294 971
294 977
295 387
295 405
295 492
295 791
295 914
295 988
296 348
296 357
296 385
296 427
296 459
296 486
296 575
296 613
296 645
296 860
297 299
297 393
297 462
297 637
297 653
297 714
297 753
297 862
297 865
297 925
297 962
298 347
298 353
298 386
298 442
298 451
298 499
298 517
298 544
298 565
298 620
298 875
298 917
299 359
299 393
299 399
299 619
299 653
299 714
299 744
299 862
299 925
300 323
300 337
300 360
300 389
300 425
300 496
300 535
300 655
300 907
300 978
300 998
301 345
301 382
301 391
301 677
301 738
301 835
301 856
301 865
301 921
302 833
302 882
302 919
303 417
303 424
303 509
303 529
303 539
303 746
303 807
303 954
304 371
304 445
304 552
304 556
304 588
304 692
305 332
305 440
305 449
305 453
305 535
305 579
305 604
305 608
305 690
305 705
305 830
305 942
306 531
306 647
306 697
306 726
306 851
306 863
306 943
306 997
306 999
307 369
307 380
307 403
307 424
307 473
307 564
307 651
307 720
307 900
307 967
307 974
308 382
308 443
308 581
308 734
308 962
309 376
309 435
309 500
309 735
309 869
309 888
309 923
309 926
309 976
310 362
310 379
310 405
310 693
310 749
310 754
310 772
310 878
310 914
310 988
311 356
311 361
311 416
311 616
311 617
311 698
311 715
311 840
311 995
312 342
312 433
312 444
312 530
312 658
312 859
312 867
312 961
313 452
313 495
313 573
313 603
313 673
314 415
314 450
314 478
314 480
314 614
314 741
314 778
314 781
314 787
314 948
315 356
315 618
315 670
315 869
315 926
316 396
316 478
316 598
316 774
316 778
316 874
317 346
317 494
317 498
317 622
317 641
317 713
317 814
317 872
317 969
318 350
318 455
318 717
318 740
318 782
318 826
319 333
319 344
319 388
319 547
319 570
319 592
319 605
319 799
319 823
319 852
319 933
320 352
320 446
320 461
320 472
320 501
320 520
320 553
320 672
320 685
320 756
320 783
320 849
320 977
321 327
321 380
321 413
321 437
321 485
321 679
321 720
321 776
321 900
321 937
321 967
322 367
322 433
322 444
322 647
322 660
322 765
322 802
322 943
322 961
323 360
323 425
323 482
323 499
323 809
323 998
324 375
324 541
324 684
324 758
324 777
324 782
324 824
324 906
325 561
325 589
325 612
325 685
325 849
325 987
326 516
326 625
326 689
326 725
326 767
326 836
326 841
326 896
327 369
327 370
327 485
327 679
327 839
327 937
327 967
327 979
328 331
328 371
328 430
328 504
328 556
328 586
328 692
328 745
328 953
329 335
329 575
329 769
329 801
329 842
329 883
330 409
330 429
330 432
330 454
330 545
330 563
330 828
330 870
330 880
330 890
331 430
331 556
331 586
331 692
331 719
331 745
331 815
331 856
331 924
331 992
332 373
332 440
332 449
332 453
332 535
332 604
332 608
332 690
332 830
332 942
333 344
333 388
333 547
333 592
333 799
333 852
333 933
334 373
334 422
334 440
334 453
334 533
334 535
334 601
334 635
334 690
334 695
334 879
334 907
335 575
335 801
335 842
335 883
336 597
336 694
336 773
337 383
337 496
337 533
337 535
337 601
337 635
337 655
337 879
337 907
337 978
338 490
338 507
338 550
338 569
338 748
338 757
338 798
338 857
338 861
338 936
338 982
339 462
339 590
339 627
339 653
339 680
339 732
339 744
339 753
339 835
339 862
339 864
339 865
339 921
339 925
340 358
340 380
340 413
340 437
340 720
341 474
341 479
341 506
341 511
341 595
341 609
341 940
341 955
342 367
342 444
342 503
342 530
342 549
342 658
342 961
343 493
343 505
343 591
343 659
343 701
343 728
343 759
343 779
343 795
343 797
343 886
343 922
343 956
343 990
344 388
344 547
344 558
344 799
344 833
344 852
344 919
344 933
345 391
345 634
345 677
345 719
345 738
345 856
345 924
346 584
346 622
346 661
346 713
346 814
346 969
347 442
347 451
347 482
347 675
347 820
347 917
348 363
348 385
348 486
348 548
348 770
349 542
349 577
349 712
349 780
349 821
349 915
350 455
350 717
350 740
350 782
350 928
351 359
351 390
351 397
351 456
351 663
351 710
351 855
351 903
351 929
352 446
352 461
352 501
352 553
352 672
352 788
352 977
352 981
353 425
353 451
353 499
353 517
353 544
353 875
353 917
354 536
354 585
354 640
354 666
354 739
355 392
355 508
355 638
355 648
355 676
355 700
355 724
355 752
355 853
356 361
356 618
356 670
356 715
357 368
357 423
357 427
357 459
357 489
357 613
357 645
357 860
357 991
358 406
358 413
358 437
358 776
359 390
359 399
359 456
359 619
359 855
359 960
360 389
360 425
360 479
360 496
360 655
360 809
360 998
361 616
361 617
361 670
361 715
361 804
361 840
361 995
362 379
362 405
362 492
362 687
362 749
362 751
362 878
362 914
362 988
363 368
363 465
363 510
363 643
363 848
363 991
364 408
364 509
364 583
364 611
364 671
364 757
364 807
364 834
364 895
364 968
365 520
365 561
365 796
365 983
366 447
366 510
366 548
366 656
366 669
366 691
366 770
366 868
366 876
366 918
367 433
367 444
367 549
367 600
367 630
367 658
367 961
368 465
368 489
368 643
368 848
368 991
369 380
369 505
369 651
369 795
369 839
369 900
369 967
369 974
370 485
370 544
370 768
370 937
370 979
371 430
371 445
371 552
371 556
371 586
371 588
371 692
371 745
371 953
372 388
372 547
372 560
372 596
372 829
372 852
373 422
373 440
373 453
373 496
373 535
373 601
373 604
373 608
373 635
373 690
373 695
373 879
373 907
374 457
374 541
374 626
374 761
374 810
374 824
374 885
374 947
374 984
375 639
375 684
375 696
375 709
375 758
375 777
375 838
375 906
376 435
376 463
376 466
376 469
376 470
376 500
376 636
376 869
377 410
377 599
377 897
377 932
378 471
378 488
378 504
378 546
378 706
378 953
378 995
379 404
379 687
379 693
379 729
379 749
379 751
379 772
379 878
380 403
380 437
380 473
380 651
380 720
380 900
380 967
380 974
381 386
381 517
381 565
381 620
381 659
381 768
381 808
381 875
381 881
381 909
382 443
382 677
382 734
382 921
383 406
383 533
383 601
383 635
383 655
383 679
383 776
383 879
383 978
384 634
384 719
384 736
384 738
384 924
385 486
385 548
386 517
386 544
386 565
386 620
386 768
386 808
386 875
386 881
386 909
387 492
387 607
387 791
388 547
388 560
388 570
388 596
388 799
388 852
389 449
389 479
389 496
389 535
389 579
389 608
389 655
389 690
389 907
389 998
390 399
390 456
390 619
390 710
390 855
391 677
391 732
391 738
391 835
391 856
391 921
392 428
392 540
392 638
392 648
392 676
392 700
392 724
392 891
393 462
393 637
393 653
393 680
393 714
393 744
393 753
393 862
393 865
393 925
393 962
394 555
394 602
394 667
394 722
394 785
394 843
394 845
394 866
394 912
395 584
395 606
395 661
395 730
395 806
395 827
395 844
396 598
396 761
396 874
396 984
397 456
397 567
397 663
397 693
397 710
397 749
397 772
397 903
397 929
398 407
398 491
398 515
398 854
398 892
398 957
398 973
399 619
399 653
399 714
399 960
400 538
400 549
400 600
400 716
400 930
400 959
400 980
401 514
401 528
401 728
401 797
401 898
401 922
401 944
401 956
401 966
402 419
402 438
402 518
402 562
402 594
402 664
402 918
402 935
403 424
403 473
403 564
403 651
403 720
403 974
404 584
404 687
404 729
404 730
404 751
404 806
405 464
405 487
405 492
405 791
405 914
405 988
406 413
406 422
406 533
406 635
406 679
406 695
406 776
407 491
407 832
407 854
407 931
407 965
407 989
408 426
408 476
408 509
408 583
408 611
408 671
408 747
408 807
408 822
408 834
408 895
408 939
408 968
409 429
409 454
409 563
409 614
409 683
409 741
409 781
409 828
409 870
409 890
409 985
410 420
410 432
410 452
410 497
410 599
410 897
410 932
410 993
411 632
411 709
411 825
411 838
411 941
411 980
411 996
412 646
412 681
412 803
413 437
413 776
414 537
414 662
414 819
414 877
414 960
414 994
415 450
415 480
415 614
415 741
415 778
415 781
415 787
415 948
416 436
416 580
416 616
416 698
416 983
416 995
417 424
417 539
417 746
417 807
417 954
417 990
418 435
418 469
418 551
418 721
418 723
418 760
418 946
418 951
419 518
419 523
419 769
419 918
419 935
420 432
420 452
420 454
420 497
420 545
420 599
420 880
420 897
420 932
420 993
421 439
421 577
421 591
421 759
421 779
421 808
421 813
421 821
421 899
421 994
422 453
422 533
422 601
422 635
422 695
422 879
423 427
423 459
423 489
423 613
423 645
423 702
423 805
423 860
424 539
424 954
424 974
424 990
425 482
425 499
425 809
425 998
426 448
426 611
426 747
426 822
426 834
426 902
426 939
427 459
427 489
427 613
427 645
427 702
427 805
427 860
427 889
428 484
428 516
428 540
428 568
428 638
428 853
428 913
429 654
429 683
429 790
429 828
429 890
429 985
430 556
430 586
430 692
430 745
430 992
431 503
431 513
431 530
431 596
431 628
431 668
431 708
432 452
432 454
432 497
432 545
432 563
432 870
432 880
432 897
432 932
433 444
433 802
433 867
433 943
433 961
434 477
434 554
434 579
434 644
434 650
434 699
434 705
434 832
434 940
435 469
435 500
435 735
435 760
435 869
435 888
435 923
435 926
435 976
436 483
436 580
436 911
436 983
437 720
437 776
437 900
437 967
438 447
438 562
438 609
438 664
438 766
438 876
438 918
438 935
438 955
438 975
439 542
439 577
439 759
439 779
439 808
439 813
439 821
439 899
439 994
440 449
440 453
440 496
440 535
440 601
440 604
440 608
440 690
440 830
440 879
440 907
440 942
441 551
441 631
441 652
441 688
441 704
441 721
441 723
441 846
441 859
441 946
441 951
442 451
442 482
442 499
442 675
442 820
442 917
443 734
444 802
444 943
444 961
445 481
445 552
445 556
445 588
445 589
446 461
446 472
446 501
446 553
446 672
446 756
446 783
446 788
446 971
446 977
447 648
447 656
447 664
447 669
447 676
447 691
447 724
447 766
447 876
447 891
447 918
447 975
448 507
448 861
448 939
449 453
449 496
449 535
449 579
449 604
449 608
449 690
449 705
449 830
449 942
450 478
450 480
450 615
450 654
450 742
450 778
450 781
450 786
450 948
451 482
451 499
451 565
451 875
451 917
452 495
452 497
452 599
452 993
453 535
453 604
453 608
453 690
453 695
453 830
453 879
453 907
453 942
454 545
454 563
454 828
454 870
454 880
454 890
455 733
455 740
455 782
456 537
456 542
456 663
456 710
456 780
456 855
456 929
457 467
457 626
457 885
457 947
457 984
458 610
458 621
458 657
458 773
458 823
458 837
459 489
459 613
459 645
459 805
459 860
459 889
460 566
460 718
460 789
460 837
461 472
461 501
461 553
461 672
461 756
461 783
461 788
461 971
461 977
462 590
462 653
462 680
462 714
462 744
462 753
462 835
462 862
462 864
462 865
462 921
462 925
462 962
463 466
463 469
463 470
463 500
463 576
463 636
464 487
464 490
464 492
464 521
464 763
464 914
464 988
465 510
465 643
465 689
465 725
465 764
465 848
466 469
466 500
466 636
466 688
466 721
466 946
467 541
467 626
467 733
467 824
468 675
468 750
468 794
468 811
468 820
468 858
468 877
468 908
468 910
469 500
469 551
469 721
469 760
469 946
470 500
470 576
470 636
470 804
470 869
471 488
471 504
471 546
471 706
471 953
472 571
472 685
472 756
472 783
472 849
472 971
472 977
473 564
473 720
473 974
474 482
474 506
474 609
474 809
474 955
475 557
475 642
475 649
475 711
475 762
475 916
475 950
476 509
476 529
476 611
476 746
476 747
476 807
476 822
476 887
476 902
477 554
477 650
477 699
477 832
477 894
478 480
478 598
478 774
478 778
478 786
478 874
478 948
479 511
479 554
479 644
479 940
479 998
480 774
480 778
480 781
480 948
481 552
481 588
481 589
481 612
481 640
481 987
482 499
482 809
483 580
483 796
483 911
483 983
484 516
484 540
484 568
484 707
484 764
484 767
484 812
484 868
484 896
485 679
485 937
485 979
486 548
487 492
487 521
487 754
487 763
487 914
487 988
488 504
488 706
488 953
488 983
489 639
489 991
490 521
490 569
490 748
490 857
490 936
491 515
491 854
491 973
492 791
492 914
492 988
493 591
493 659
493 701
493 728
493 759
493 779
493 813
493 886
493 922
493 956
494 498
494 512
494 641
494 661
494 713
494 814
494 817
494 872
495 497
495 993
496 535
496 579
496 601
496 608
496 655
496 690
496 830
496 907
497 599
497 932
497 993
498 536
498 641
498 666
498 713
498 814
498 872
499 544
499 809
499 875
499 917
500 636
500 721
500 869
501 553
501 672
501 788
501 977
502 543
502 632
502 682
502 686
502 708
502 737
502 784
502 825
502 871
502 884
502 927
503 530
503 549
503 658
503 708
504 546
504 706
504 953
505 651
505 701
505 795
505 839
505 886
505 990
506 595
506 609
506 809
506 955
507 550
507 569
507 671
507 757
507 798
507 857
507 861
507 982
508 638
508 700
508 727
508 752
508 800
508 893
509 529
509 583
509 611
509 746
509 807
509 834
509 954
509 968
510 707
510 764
510 770
510 812
510 868
511 554
511 727
511 940
512 641
512 661
512 713
512 792
512 817
512 827
512 844
512 872
513 530
513 560
513 596
513 668
513 704
513 816
513 859
514 528
514 674
514 712
514 728
514 797
514 898
514 922
514 944
514 956
514 966
514 968
515 854
515 973
516 568
516 625
516 742
516 767
516 836
516 841
516 896
516 913
517 544
517 565
517 620
517 768
517 875
517 881
517 909
518 562
518 594
518 675
518 820
519 526
519 818
519 934
519 997
520 553
520 672
520 796
520 849
521 754
521 763
521 914
522 597
522 629
522 633
522 686
522 731
522 784
522 850
522 904
522 949
522 958
523 572
523 769
523 793
524 623
524 665
524 775
524 901
525 563
525 880
525 897
526 818
526 924
526 934
526 992
527 717
527 826
527 958
528 674
528 712
528 728
528 797
528 898
528 922
528 944
528 956
528 966
529 746
529 747
529 822
529 887
529 902
530 549
530 658
530 668
530 961
531 642
531 647
531 660
531 711
531 802
531 863
531 950
532 557
532 581
532 743
533 601
533 635
533 655
533 695
533 879
533 907
533 978
534 578
534 587
534 700
534 752
534 755
534 800
534 853
534 893
534 894
534 963
535 601
535 604
535 608
535 635
535 655
535 690
535 830
535 879
535 907
536 640
536 666
536 987
537 542
537 960
537 994
538 630
538 716
538 930
538 941
538 959
538 980
539 746
539 954
540 568
540 638
540 648
540 669
540 707
540 724
540 767
540 812
540 868
541 626
541 733
541 810
541 824
542 577
542 663
542 780
542 821
542 899
543 686
543 737
543 784
543 825
543 850
543 884
543 928
543 949
544 768
544 875
544 979
545 563
545 828
545 870
545 880
545 890
546 706
546 840
546 953
546 964
546 995
547 560
547 596
547 799
547 829
547 852
547 933
548 656
548 770
548 876
548 918
548 935
549 600
549 658
549 716
549 959
549 961
550 569
550 757
550 798
550 857
550 861
550 982
551 721
551 723
551 946
551 951
552 556
552 588
552 589
553 672
554 579
554 644
554 650
554 699
554 727
554 940
555 602
555 667
555 693
555 722
555 729
555 843
555 903
555 912
556 586
556 692
556 745
556 815
557 711
557 916
558 882
558 933
559 649
559 660
559 702
559 711
559 762
559 765
559 771
559 805
559 873
559 889
559 905
560 596
560 668
560 704
560 816
560 829
560 852
561 589
561 612
561 849
562 594
562 664
562 675
562 820
563 828
563 870
563 880
563 897
564 720
565 620
565 750
565 768
565 808
565 811
565 875
565 881
565 909
565 917
566 592
566 789
566 823
566 837
567 663
567 693
567 749
567 754
567 772
567 878
567 929
567 970
568 707
568 767
568 812
568 868
568 896
569 748
569 798
569 857
569 936
569 982
570 605
570 799
570 852
571 703
571 756
571 971
571 977
572 593
572 793
572 794
572 910
572 920
572 986
573 578
573 603
573 673
573 755
573 790
573 847
573 957
574 581
574 593
574 637
574 743
574 793
574 986
575 613
575 860
576 636
576 804
576 818
576 934
576 964
577 779
577 780
577 813
577 821
577 899
577 915
577 994
578 587
578 755
578 790
578 847
578 894
578 957
578 963
579 608
579 644
579 690
579 705
579 830
579 942
580 911
580 983
581 743
582 597
582 623
582 629
582 633
582 731
582 773
582 775
582 901
582 904
583 611
583 746
583 807
583 834
583 895
583 954
583 968
584 622
584 687
584 729
584 730
584 806
585 624
585 739
585 785
585 866
585 945
585 969
586 692
586 719
586 745
586 815
586 992
587 755
587 892
587 894
587 957
587 973
588 589
589 612
590 627
590 653
590 680
590 732
590 744
590 835
590 845
590 862
590 864
590 925
591 659
591 701
591 728
591 759
591 779
591 813
591 821
591 886
591 899
591 956
592 789
592 799
592 823
592 933
593 743
593 793
593 910
593 920
593 986
594 664
594 675
594 820
595 609
595 664
595 676
595 955
596 668
596 816
596 852
597 633
597 694
597 731
597 901
597 904
597 949
598 774
598 874
598 885
598 984
599 932
599 993
600 630
600 702
600 716
600 930
600 961
601 635
601 655
601 690
601 695
601 879
601 907
601 978
602 622
602 722
602 785
602 843
602 866
602 912
602 969
603 673
603 957
604 608
604 690
604 830
604 942
605 799
605 823
605 852
606 607
606 730
606 751
606 827
606 844
606 938
607 751
607 938
608 644
608 690
608 830
608 907
608 942
609 664
609 955
610 621
610 657
610 773
611 671
611 747
611 807
611 822
611 834
611 939
612 987
613 645
613 702
613 805
613 860
613 889
613 905
614 683
614 741
614 787
614 828
615 654
615 742
615 778
615 781
615 786
615 836
615 913
616 698
616 715
616 995
617 715
617 804
617 840
617 964
617 995
618 670
618 869
618 926
618 976
619 653
619 714
619 744
619 845
619 855
619 862
619 925
620 750
620 768
620 808
620 811
620 875
620 881
620 909
620 917
621 657
621 773
621 837
622 785
622 806
622 843
622 969
623 633
623 665
623 775
623 901
624 627
624 739
624 785
624 866
624 945
625 689
625 767
625 836
625 841
625 896
626 733
626 810
626 824
626 947
627 732
627 866
627 945
628 682
628 694
628 708
629 633
629 731
629 901
629 904
629 958
630 702
630 765
630 805
630 930
631 652
631 688
631 726
631 831
631 846
631 851
631 859
631 867
631 999
632 737
632 825
632 838
632 884
632 927
632 980
632 996
633 731
633 901
633 904
634 719
634 736
634 738
634 856
634 924
634 992
635 655
635 695
635 879
635 907
635 978
636 934
637 714
637 743
637 962
638 648
638 676
638 700
638 724
638 752
638 853
639 684
639 696
639 709
639 838
639 996
640 666
640 987
641 661
641 713
641 814
641 817
641 872
642 647
642 660
642 711
642 762
642 802
642 863
642 916
642 950
643 689
643 725
643 764
643 848
643 991
644 650
644 699
644 705
644 940
645 702
645 805
645 860
645 889
645 905
646 681
647 697
647 802
647 863
647 943
648 669
648 676
648 691
648 724
648 812
648 891
649 660
649 711
649 762
649 765
649 771
649 873
649 889
649 905
649 916
650 699
650 705
650 832
650 931
650 965
651 900
651 967
651 974
652 688
652 704
652 816
652 831
652 846
652 851
652 859
652 867
652 946
653 680
653 714
653 744
653 753
653 862
653 864
653 925
654 683
654 781
654 786
654 985
655 879
655 907
655 978
656 669
656 691
656 766
656 770
656 876
656 891
656 918
656 935
656 975
657 773
658 961
659 701
659 759
659 768
659 839
659 881
659 886
660 711
660 762
660 765
660 771
660 802
660 873
660 905
660 916
661 713
661 792
661 827
661 844
662 750
662 808
662 811
662 858
662 877
662 908
662 994
663 710
663 780
663 929
664 766
664 918
664 955
664 975
665 678
665 775
666 987
667 722
667 843
667 845
667 903
667 912
668 704
668 816
668 859
669 676
669 691
669 724
669 766
669 770
669 812
669 868
669 876
669 891
669 975
670 715
670 869
671 757
671 834
671 857
671 895
671 936
671 968
673 957
674 712
674 748
674 898
674 915
674 944
674 966
675 820
676 724
676 891
677 734
677 738
677 856
677 921
679 776
679 937
679 978
679 979
680 732
680 744
680 753
680 835
680 862
680 864
680 865
680 921
680 925
681 685
681 703
681 756
681 783
682 686
682 694
682 708
682 784
682 871
682 884
682 927
683 741
683 781
683 828
683 870
683 890
683 985
684 696
684 709
684 777
684 838
684 996
685 756
685 783
685 849
686 694
686 737
686 784
686 850
686 871
686 884
686 927
686 949
687 729
687 751
687 806
688 704
688 831
688 846
688 851
688 859
688 867
688 946
689 725
690 830
690 879
690 907
690 942
691 766
691 770
691 876
691 891
691 918
691 975
692 745
692 815
693 729
693 749
693 772
693 878
693 903
693 929
694 731
695 879
696 709
696 758
696 777
696 838
696 996
697 726
697 831
697 851
697 943
697 997
697 999
698 715
699 705
699 832
700 724
700 727
700 752
700 800
700 853
700 893
701 759
701 768
701 839
701 881
701 886
702 765
702 805
702 889
702 905
703 756
703 783
703 971
704 723
704 816
704 846
704 859
704 946
705 830
705 832
705 931
705 942
705 965
705 989
706 953
706 995
707 764
707 767
707 812
707 868
708 871
708 884
708 927
709 777
709 838
709 996
710 855
710 903
710 929
711 762
711 771
711 873
711 916
711 950
712 779
712 821
712 898
712 915
712 922
712 944
712 956
712 966
713 814
713 872
714 744
714 862
714 925
715 840
716 930
716 941
716 959
716 980
717 826
717 850
717 958
718 789
718 837
719 738
719 856
719 924
719 992
720 900
721 946
721 951
722 785
722 843
722 845
722 912
723 829
723 946
723 951
724 891
725 758
726 831
726 851
726 943
726 997
726 999
727 752
727 800
727 893
727 940
728 759
728 779
728 795
728 797
728 886
728 922
728 956
728 966
729 749
729 772
729 806
729 903
730 806
730 827
730 844
731 901
731 904
731 949
732 835
732 864
732 921
732 945
733 782
733 810
733 824
734 962
735 760
735 888
735 923
735 926
735 976
736 738
736 863
736 950
737 784
737 825
737 871
737 884
737 927
738 856
738 924
740 782
740 928
741 781
741 787
741 828
741 870
741 890
742 778
742 786
742 836
742 896
742 913
743 986
744 845
744 862
744 864
744 925
745 992
746 807
746 954
747 822
747 902
747 939
748 757
748 857
748 895
748 936
748 944
748 968
749 754
749 772
749 878
749 903
749 970
750 808
750 811
750 858
750 877
750 908
750 917
751 938
752 800
752 853
752 893
753 835
753 862
753 864
753 865
753 921
753 925
753 962
754 763
754 878
754 970
755 790
755 847
755 892
755 894
755 957
755 963
756 783
756 849
756 971
756 977
757 834
757 857
757 861
757 895
757 936
757 968
758 906
759 779
759 813
759 821
759 899
759 956
760 888
760 923
761 810
761 947
761 984
762 765
762 771
762 873
762 905
762 916
763 970
764 767
764 770
764 812
764 868
765 771
765 802
765 805
765 873
765 889
765 905
766 876
766 891
766 918
766 935
766 975
767 812
767 868
767 896
768 839
768 875
768 881
768 909
769 801
769 842
769 883
770 876
771 873
771 889
771 905
771 916
772 878
772 903
774 778
774 948
775 901
777 838
778 781
778 786
778 948
779 813
779 821
779 899
779 956
780 929
781 786
781 948
782 928
783 849
783 971
784 850
784 884
784 949
785 843
785 866
785 945
785 969
786 836
786 913
786 948
788 977
788 981
789 823
789 837
790 847
790 963
790 985
791 914
791 988
792 817
792 827
792 844
793 842
793 883
793 986
794 820
794 858
794 877
794 908
794 910
795 797
795 886
795 954
795 990
796 983
797 886
797 922
797 954
797 956
797 966
797 990
798 861
798 982
799 823
799 852
799 933
800 853
800 893
800 894
800 963
801 842
801 883
802 873
802 943
803 817
804 840
804 869
804 964
805 860
805 889
805 905
807 834
807 954
807 968
808 881
808 909
808 994
809 998
810 824
810 906
810 947
811 858
811 877
811 908
811 917
812 868
813 821
813 899
814 872
816 846
816 859
817 872
818 934
818 997
819 877
819 910
819 920
819 960
821 899
821 915
821 956
822 902
823 837
824 906
825 838
825 884
825 927
825 928
825 980
827 844
828 870
828 890
828 985
829 833
829 919
830 942
831 846
831 851
831 867
831 999
832 931
832 965
832 989
833 882
833 919
833 933
834 895
834 968
835 862
835 864
835 865
835 921
835 925
836 841
836 896
836 913
838 928
838 996
839 886
840 964
840 995
841 874
841 896
842 883
843 866
843 912
843 969
845 912
846 859
846 867
846 946
846 951
847 963
848 991
850 949
851 867
851 943
851 999
853 893
853 963
854 892
854 931
854 973
855 929
856 924
857 861
857 895
857 936
857 968
858 877
858 908
858 910
859 867
860 889
860 905
861 982
862 864
862 865
862 925
862 962
863 950
863 997
864 865
864 921
864 925
865 921
865 925
865 962
866 945
866 969
867 943
869 926
870 880
870 890
871 884
871 927
873 905
875 917
876 891
876 918
876 935
876 975
877 908
877 910
877 920
878 970
878 988
879 907
880 897
880 932
881 909
882 919
882 933
884 927
885 947
885 984
886 990
888 923
888 926
888 976
889 905
890 985
891 975
892 894
892 957
892 973
893 894
893 963
895 936
895 944
895 968
896 913
897 932
898 915
898 922
898 944
898 956
898 966
899 994
900 967
900 974
901 904
902 939
902 952
903 929
904 949
907 978
908 910
910 920
914 988
916 950
918 935
918 975
919 933
920 986
922 944
922 956
922 966
923 926
923 976
924 992
925 962
926 976
927 959
930 941
930 959
930 980
931 965
931 989
932 993
934 997
934 999
935 975
937 979
941 980
941 996
942 965
942 989
944 966
944 968
946 951
947 984
954 990
955 975
956 966
957 973
959 980
964 972
964 995
965 989
967 974
971 977
972 992
980 996
997 999
