1000
0 0.387155 0.024265
1 0.525893 0.738484
2 0.436523 0.630384
3 0.421578 0.283223
4 0.217719 0.899342
5 0.041866 0.254775
6 0.051616 0.453934
7 0.488615 0.955194
8 0.747028 0.713844
9 0.661681 0.982151
10 0.001370 0.572211
11 0.744893 0.308708
12 0.426475 0.136878
13 0.082300 0.395137
14 0.982927 0.179313
15 0.972640 0.411798
16 0.384604 0.157785
17 0.891498 0.203838
18 0.469648 0.811314
19 0.788245 0.586499
20 0.624957 0.356994
21 0.398849 0.924057
22 0.098322 0.265710
23 0.965821 0.715938
24 0.435658 0.439881
25 0.363003 0.090310
26 0.340380 0.371755
27 0.385597 0.688456
28 0.967752 0.521905
29 0.884810 0.412497
30 0.039128 0.724972
31 0.501640 0.904532
32 0.189345 0.903311
33 0.985800 0.427027
34 0.645041 0.749114
35 0.473477 0.022295
36 0.672566 0.321672
37 0.641553 0.443158
38 0.231152 0.698865
39 0.356111 0.367400
40 0.920384 0.920565
41 0.289510 0.835362
42 0.620554 0.466551
43 0.992989 0.683061
44 0.190309 0.422644
45 0.080723 0.982460
46 0.208068 0.306156
47 0.506434 0.146003
48 0.022023 0.245407
49 0.395111 0.404345
50 0.308080 0.837904
51 0.530095 0.824134
52 0.925944 0.547934
53 0.389723 0.897047
54 0.110602 0.946717
55 0.577918 0.001708
56 0.939787 0.446866
57 0.599563 0.716937
58 0.577581 0.437803
59 0.194194 0.047757
60 0.010125 0.889927
61 0.860485 0.114838
62 0.861481 0.562668
63 0.779198 0.753587
64 0.073716 0.770839
65 0.078174 0.778833
66 0.234967 0.315102
67 0.581511 0.930587
68 0.516177 0.356539
69 0.825725 0.385751
70 0.475114 0.010215
71 0.173495 0.293829
72 0.614253 0.695713
73 0.897514 0.875869
74 0.360501 0.139158
75 0.993206 0.956000
76 0.289423 0.466482
77 0.351538 0.424206
78 0.859761 0.640827
79 0.864375 0.953630
80 0.447405 0.936519
81 0.015767 0.717410
82 0.172136 0.138506
83 0.806485 0.214357
84 0.757520 0.098495
85 0.309323 0.083253
86 0.067660 0.127696
87 0.759123 0.962314
88 0.024098 0.460927
89 0.844186 0.033387
90 0.321943 0.688006
91 0.784666 0.879689
92 0.736410 0.615692
93 0.858746 0.681403
94 0.839255 0.497116
95 0.268836 0.575229
96 0.629156 0.945498
97 0.627735 0.211967
98 0.920934 0.135077
99 0.888640 0.160469
100 0.335549 0.084592
101 0.243071 0.826840
102 0.386148 0.917242
103 0.367250 0.984469
104 0.465013 0.995982
105 0.410141 0.843534
106 0.502045 0.744100
107 0.285325 0.827844
108 0.687544 0.778452
109 0.154060 0.872405
110 0.930319 0.706301
111 0.468336 0.106862
112 0.656746 0.566666
113 0.580432 0.247952
114 0.147233 0.433146
115 0.719402 0.888393
116 0.853585 0.137620
117 0.085151 0.140113
118 0.044116 0.422831
119 0.917177 0.766497
120 0.682895 0.086746
121 0.657760 0.021337
122 0.665372 0.842726
123 0.748328 0.901419
124 0.404650 0.686927
125 0.172920 0.415203
126 0.291038 0.537955
127 0.594117 0.771785
128 0.732059 0.793728
129 0.814499 0.102382
130 0.320914 0.236585
131 0.340636 0.440773
132 0.026825 0.209716
133 0.667294 0.189681
134 0.132210 0.387043
135 0.485275 0.773869
136 0.637633 0.858196
137 0.613343 0.734518
138 0.337513 0.201205
139 0.712407 0.081233
140 0.047228 0.295613
141 0.344137 0.519239
142 0.247927 0.698612
143 0.824181 0.209641
144 0.628415 0.689684
145 0.607404 0.377219
146 0.277658 0.249251
147 0.851796 0.053239
148 0.731699 0.007408
149 0.210994 0.089444
150 0.685167 0.375514
151 0.964953 0.334228
152 0.940316 0.656455
153 0.314115 0.523161
154 0.085424 0.918647
155 0.034483 0.003389
156 0.272531 0.324628
157 0.518032 0.593059
158 0.855253 0.621263
159 0.622559 0.077512
160 0.122238 0.850282
161 0.750838 0.135848
162 0.324972 0.662132
163 0.527488 0.395402
164 0.593887 0.740405
165 0.973627 0.512367
166 0.498092 0.413975
167 0.282462 0.053076
168 0.101309 0.676670
169 0.679666 0.341253
170 0.307643 0.584108
171 0.445851 0.278445
172 0.772217 0.049112
173 0.112998 0.774780
174 0.289441 0.515076
175 0.437544 0.963270
176 0.365609 0.850962
177 0.999888 0.813318
178 0.632700 0.082085
179 0.183391 0.107665
180 0.866737 0.247611
181 0.845526 0.001947
182 0.636722 0.758701
183 0.209661 0.547127
184 0.029139 0.120492
185 0.377996 0.622477
186 0.468177 0.776608
187 0.394543 0.700385
188 0.383307 0.136660
189 0.971562 0.744189
190 0.363519 0.555199
191 0.833719 0.326335
192 0.481478 0.144842
193 0.131290 0.746549
194 0.671054 0.826792
195 0.527047 0.528363
196 0.398118 0.948755
197 0.371049 0.177190
198 0.755608 0.758452
199 0.066901 0.058446
200 0.011528 0.619688
201 0.794662 0.870499
202 0.117940 0.005708
203 0.074892 0.301399
204 0.807520 0.637277
205 0.259028 0.377750
206 0.496588 0.770898
207 0.385572 0.229171
208 0.005907 0.086840
209 0.113979 0.959502
210 0.020387 0.074326
211 0.987560 0.229394
212 0.117535 0.787436
213 0.368142 0.052823
214 0.927325 0.838224
215 0.515767 0.144366
216 0.055478 0.876448
217 0.518191 0.955814
218 0.086713 0.185233
219 0.162596 0.748701
220 0.325342 0.308091
221 0.385931 0.663611
222 0.927661 0.815124
223 0.640423 0.767606
224 0.733917 0.414856
225 0.367315 0.487886
226 0.417168 0.623034
227 0.784525 0.672809
228 0.532221 0.110860
229 0.362909 0.760639
230 0.669867 0.672504
231 0.690975 0.181913
232 0.199957 0.475387
233 0.909357 0.173065
234 0.021460 0.886590
235 0.534050 0.636965
236 0.328422 0.704895
237 0.281355 0.550271
238 0.647858 0.070336
239 0.457664 0.688019
240 0.308896 0.671775
241 0.583685 0.112623
242 0.185377 0.957463
243 0.783547 0.578140
244 0.102827 0.524510
245 0.070908 0.587547
246 0.243497 0.610917
247 0.065873 0.442933
248 0.437688 0.281307
249 0.023387 0.797969
250 0.941814 0.010451
251 0.987723 0.410620
252 0.178967 0.235312
253 0.433128 0.408936
254 0.506492 0.875937
255 0.879924 0.119763
256 0.156712 0.311436
257 0.306505 0.999820
258 0.009656 0.630282
259 0.643545 0.619753
260 0.525570 0.713445
261 0.990200 0.854360
262 0.118826 0.573979
263 0.207282 0.171512
264 0.749966 0.048380
265 0.910350 0.027390
266 0.208814 0.737710
267 0.459949 0.031874
268 0.023153 0.053564
269 0.842511 0.978563
270 0.464718 0.948985
271 0.593597 0.239375
272 0.576162 0.737524
273 0.030935 0.725697
274 0.090043 0.120785
275 0.101575 0.513673
276 0.249733 0.856493
277 0.222736 0.626688
278 0.570501 0.972761
279 0.727317 0.269886
280 0.263564 0.814090
281 0.912777 0.019555
282 0.386755 0.490815
283 0.235999 0.084477
284 0.782482 0.496044
285 0.896981 0.776850
286 0.910622 0.757137
287 0.844728 0.158945
288 0.778570 0.450216
289 0.686554 0.808623
290 0.042053 0.269460
291 0.234399 0.486283
292 0.321791 0.930875
293 0.571044 0.753056
294 0.932556 0.191195
295 0.130077 0.175073
296 0.797630 0.801833
297 0.410981 0.979488
298 0.182340 0.334842
299 0.611664 0.666331
300 0.716081 0.807566
301 0.743986 0.852950
302 0.278658 0.709383
303 0.357473 0.882701
304 0.212154 0.890657
305 0.756994 0.073933
306 0.113592 0.086497
307 0.621350 0.305501
308 0.651453 0.988377
309 0.453859 0.642081
310 0.767560 0.221453
311 0.465619 0.231791
312 0.920182 0.280878
313 0.620731 0.737707
314 0.108378 0.351453
315 0.450168 0.235367
316 0.173547 0.874767
317 0.918678 0.453065
318 0.604897 0.059534
319 0.909821 0.330407
320 0.541367 0.941971
321 0.563177 0.609899
322 0.784609 0.920431
323 0.522954 0.321817
324 0.415954 0.912168
325 0.138685 0.574380
326 0.044865 0.409951
327 0.796383 0.019251
328 0.807185 0.752427
329 0.852473 0.726649
330 0.978570 0.864459
331 0.093029 0.974867
332 0.471817 0.572359
333 0.247258 0.635739
334 0.546361 0.353756
335 0.846906 0.420614
336 0.642174 0.240663
337 0.677326 0.580624
338 0.859953 0.330818
339 0.484387 0.367999
340 0.821606 0.588451
341 0.825251 0.785858
342 0.973842 0.794564
343 0.741415 0.929910
344 0.697584 0.963364
345 0.471143 0.062710
346 0.510461 0.903807
347 0.272090 0.223891
348 0.083720 0.174691
349 0.970802 0.128137
350 0.615262 0.167419
351 0.248365 0.350852
352 0.040336 0.532801
353 0.511770 0.460312
354 0.684590 0.509764
355 0.344811 0.586487
356 0.590114 0.761838
357 0.170001 0.374651
358 0.335908 0.863402
359 0.546964 0.136206
360 0.421292 0.020092
361 0.482940 0.279637
362 0.237488 0.781253
363 0.784952 0.158124
364 0.366170 0.538425
365 0.005176 0.819452
366 0.166937 0.937233
367 0.477078 0.909822
368 0.268155 0.861992
369 0.494778 0.751872
370 0.828615 0.675841
371 0.737426 0.379658
372 0.707613 0.409630
373 0.077925 0.733434
374 0.007092 0.510560
375 0.588054 0.022558
376 0.477607 0.521644
377 0.519895 0.997128
378 0.857797 0.897744
379 0.934001 0.266425
380 0.998929 0.921955
381 0.421899 0.449535
382 0.731970 0.555626
383 0.943441 0.208502
384 0.735930 0.969445
385 0.191965 0.322343
386 0.230562 0.511347
387 0.501032 0.105333
388 0.158106 0.010222
389 0.671346 0.060112
390 0.125737 0.327941
391 0.546586 0.426622
392 0.773390 0.464707
393 0.373387 0.926591
394 0.943380 0.891154
395 0.896527 0.953915
396 0.234084 0.881267
397 0.726542 0.319175
398 0.740810 0.440515
399 0.514168 0.948513
400 0.922951 0.753623
401 0.975922 0.326401
402 0.063216 0.893102
403 0.483850 0.349944
404 0.521069 0.412974
405 0.408357 0.737290
406 0.469959 0.079841
407 0.739877 0.948499
408 0.833242 0.640271
409 0.622718 0.338186
410 0.229164 0.110539
411 0.845572 0.598401
412 0.866541 0.763796
413 0.413143 0.086208
414 0.099312 0.612431
415 0.956157 0.617129
416 0.347425 0.897149
417 0.813457 0.187873
418 0.322552 0.211542
419 0.752171 0.932399
420 0.696682 0.854571
421 0.821204 0.467099
422 0.426080 0.319545
423 0.264126 0.324641
424 0.356876 0.079184
425 0.895649 0.490886
426 0.473214 0.134149
427 0.936415 0.340962
428 0.658945 0.859955
429 0.119650 0.736235
430 0.296921 0.161138
431 0.217350 0.569492
432 0.551068 0.245413
433 0.505705 0.449304
434 0.175069 0.594241
435 0.483867 0.606045
436 0.121441 0.212621
437 0.935099 0.779490
438 0.419940 0.522912
439 0.412888 0.650585
440 0.292903 0.692082
441 0.779134 0.054125
442 0.379262 0.565118
443 0.199839 0.432700
444 0.920409 0.929144
445 0.438302 0.122126
446 0.898783 0.790745
447 0.376615 0.094772
448 0.414008 0.713303
449 0.443373 0.729499
450 0.031586 0.031624
451 0.027963 0.433228
452 0.559713 0.016083
453 0.369032 0.133013
454 0.009146 0.790965
455 0.754640 0.166842
456 0.222641 0.253797
457 0.873945 0.293035
458 0.353438 0.128025
459 0.026590 0.820930
460 0.797135 0.846731
461 0.557669 0.827627
462 0.566863 0.451896
463 0.423013 0.651949
464 0.273313 0.210243
465 0.768626 0.180375
466 0.197252 0.982228
467 0.447862 0.601743
468 0.369465 0.612255
469 0.498820 0.505559
470 0.285673 0.199158
471 0.376321 0.765465
472 0.599446 0.293027
473 0.186111 0.559820
474 0.613455 0.539017
475 0.394197 0.430477
476 0.277073 0.981737
477 0.436653 0.583279
478 0.721349 0.987512
479 0.466028 0.301297
480 0.390739 0.205982
481 0.146091 0.764393
482 0.893819 0.319377
483 0.754669 0.122236
484 0.754011 0.638497
485 0.313999 0.555570
486 0.742034 0.692301
487 0.754217 0.853467
488 0.719113 0.530242
489 0.404425 0.595141
490 0.478370 0.466813
491 0.105630 0.068682
492 0.635075 0.546407
493 0.506158 0.491005
494 0.209588 0.014044
495 0.985016 0.693449
496 0.186827 0.236204
497 0.114471 0.848620
498 0.005053 0.255277
499 0.695224 0.131471
500 0.175834 0.431200
501 0.827501 0.179036
502 0.702652 0.360481
503 0.970568 0.257352
504 0.137325 0.844635
505 0.840596 0.450275
506 0.126016 0.515754
507 0.795379 0.976928
508 0.707778 0.985413
509 0.112768 0.162447
510 0.666703 0.975924
511 0.287682 0.739814
512 0.986895 0.033246
513 0.959699 0.004448
514 0.706726 0.182936
515 0.274888 0.672680
516 0.635350 0.594785
517 0.986175 0.489857
518 0.077684 0.479155
519 0.703127 0.694019
520 0.569931 0.179009
521 0.614708 0.098286
522 0.898447 0.397309
523 0.920392 0.941740
524 0.618219 0.001368
525 0.364048 0.660752
526 0.264208 0.368793
527 0.191977 0.877740
528 0.939615 0.112886
529 0.962683 0.488488
530 0.940814 0.772997
531 0.698792 0.422782
532 0.641202 0.257420
533 0.934713 0.841895
534 0.565298 0.257835
535 0.647080 0.701485
536 0.962304 0.732865
537 0.368206 0.038960
538 0.069717 0.362507
539 0.683379 0.213729
540 0.817133 0.130083
541 0.575543 0.411768
542 0.936224 0.349503
543 0.499831 0.215198
544 0.645625 0.933062
545 0.962237 0.388001
546 0.575263 0.691261
547 0.316204 0.987627
548 0.027407 0.532317
549 0.834662 0.896280
550 0.560882 0.714304
551 0.595803 0.961408
552 0.434081 0.351928
553 0.535295 0.594392
554 0.369476 0.866706
555 0.024904 0.514865
556 0.777024 0.212238
557 0.279139 0.536599
558 0.961497 0.693236
559 0.803762 0.363781
560 0.674417 0.353254
561 0.973943 0.118085
562 0.584027 0.294460
563 0.504259 0.938846
564 0.193320 0.966175
565 0.198850 0.140987
566 0.344257 0.024877
567 0.074564 0.379608
568 0.380619 0.498955
569 0.925239 0.050946
570 0.491164 0.557544
571 0.495558 0.635301
572 0.962807 0.282737
573 0.254741 0.268339
574 0.640394 0.553152
575 0.910170 0.781430
576 0.886940 0.303245
577 0.533133 0.238439
578 0.747097 0.673358
579 0.943471 0.955045
580 0.883683 0.795285
581 0.679839 0.179922
582 0.198310 0.315122
583 0.385035 0.718130
584 0.220379 0.276647
585 0.701129 0.566710
586 0.085977 0.226069
587 0.769330 0.231392
588 0.557952 0.440211
589 0.904148 0.545488
590 0.771515 0.528248
591 0.297599 0.095383
592 0.059870 0.529786
593 0.871786 0.878132
594 0.975251 0.688819
595 0.439763 0.178852
596 0.488313 0.271397
597 0.911311 0.238629
598 0.212905 0.022947
599 0.356207 0.395729
600 0.406931 0.112198
601 0.286654 0.430736
602 0.733253 0.463980
603 0.449283 0.632490
604 0.546275 0.441951
605 0.714243 0.172437
606 0.964517 0.201652
607 0.416749 0.260230
608 0.987149 0.190867
609 0.247421 0.837327
610 0.378271 0.685370
611 0.456711 0.304598
612 0.164784 0.565537
613 0.963890 0.925436
614 0.942544 0.097649
615 0.056044 0.935848
616 0.592188 0.645412
617 0.781643 0.968954
618 0.099576 0.646799
619 0.443585 0.834507
620 0.730149 0.201316
621 0.703077 0.771662
622 0.893081 0.631228
623 0.770749 0.273868
624 0.067078 0.309555
625 0.897119 0.103452
626 0.506509 0.609175
627 0.530310 0.083714
628 0.843555 0.940445
629 0.403026 0.941129
630 0.954186 0.243298
631 0.310798 0.381334
632 0.164634 0.341751
633 0.109719 0.438892
634 0.355544 0.381833
635 0.892023 0.016016
636 0.776058 0.016399
637 0.737407 0.705598
638 0.662952 0.577022
639 0.396082 0.043143
640 0.334134 0.338691
641 0.360429 0.060335
642 0.688303 0.830542
643 0.258507 0.505068
644 0.457276 0.809056
645 0.813795 0.092338
646 0.894545 0.537748
647 0.844452 0.704859
648 0.257310 0.970367
649 0.141672 0.236630
650 0.195719 0.016531
651 0.827390 0.418845
652 0.949942 0.588653
653 0.937213 0.628118
654 0.394849 0.837479
655 0.982636 0.365103
656 0.554794 0.943762
657 0.059765 0.126684
658 0.025858 0.234571
659 0.134282 0.761537
660 0.627394 0.369841
661 0.586732 0.256617
662 0.042421 0.916238
663 0.210603 0.034008
664 0.615936 0.953950
665 0.563925 0.566615
666 0.908437 0.687414
667 0.730820 0.252408
668 0.636113 0.314386
669 0.812324 0.294941
670 0.546690 0.065913
671 0.517191 0.064064
672 0.435074 0.991615
673 0.199856 0.848126
674 0.611294 0.196528
675 0.450256 0.919500
676 0.647060 0.010600
677 0.229739 0.057165
678 0.292483 0.119249
679 0.710186 0.689838
680 0.909951 0.273418
681 0.895761 0.231181
682 0.998419 0.630997
683 0.555303 0.030801
684 0.753703 0.970794
685 0.300802 0.346980
686 0.961209 0.580670
687 0.914136 0.746172
688 0.045312 0.844340
689 0.744924 0.263956
690 0.880858 0.009687
691 0.019366 0.284244
692 0.130734 0.088441
693 0.361034 0.921768
694 0.914055 0.810723
695 0.754440 0.523773
696 0.012703 0.651879
697 0.975939 0.451607
698 0.214742 0.946710
699 0.164181 0.351695
700 0.653421 0.788706
701 0.833989 0.401053
702 0.052518 0.179290
703 0.481858 0.626773
704 0.423703 0.997685
705 0.160246 0.282598
706 0.595372 0.453727
707 0.804747 0.905514
708 0.535457 0.961861
709 0.616310 0.772056
710 0.298195 0.195626
711 0.131552 0.795952
712 0.161677 0.099551
713 0.110048 0.304824
714 0.211205 0.846451
715 0.568868 0.762362
716 0.633672 0.155638
717 0.342250 0.259602
718 0.679353 0.189307
719 0.783283 0.422242
720 0.951162 0.079832
721 0.248559 0.026278
722 0.296978 0.705232
723 0.838789 0.059539
724 0.671818 0.329770
725 0.017815 0.336414
726 0.806091 0.429591
727 0.384826 0.378261
728 0.939840 0.385450
729 0.229308 0.302584
730 0.911210 0.198196
731 0.044676 0.212434
732 0.843665 0.520943
733 0.088970 0.297860
734 0.725205 0.511266
735 0.215759 0.921581
736 0.057754 0.339421
737 0.426684 0.269030
738 0.177463 0.040074
739 0.121819 0.231878
740 0.577675 0.542469
741 0.547653 0.980703
742 0.407933 0.376274
743 0.693160 0.578485
744 0.916780 0.291304
745 0.053675 0.649216
746 0.720945 0.583787
747 0.564003 0.050761
748 0.432687 0.896208
749 0.955373 0.287854
750 0.895344 0.033283
751 0.283596 0.485606
752 0.334007 0.473312
753 0.339301 0.601926
754 0.142563 0.244971
755 0.533968 0.021827
756 0.853309 0.475506
757 0.864014 0.438706
758 0.844145 0.433686
759 0.269448 0.050200
760 0.653406 0.541776
761 0.598655 0.152945
762 0.691374 0.622183
763 0.387142 0.847179
764 0.493712 0.004350
765 0.608225 0.049479
766 0.949626 0.198337
767 0.586345 0.774193
768 0.498820 0.309153
769 0.178295 0.459284
770 0.315768 0.506894
771 0.223756 0.046713
772 0.855193 0.765025
773 0.225889 0.944144
774 0.930643 0.128550
775 0.779648 0.602934
776 0.176812 0.777712
777 0.344673 0.990569
778 0.262816 0.483872
779 0.740671 0.740199
780 0.857226 0.363038
781 0.738390 0.016069
782 0.281958 0.994153
783 0.583014 0.053585
784 0.109845 0.659082
785 0.296612 0.639057
786 0.929378 0.826442
787 0.798116 0.458562
788 0.843696 0.913802
789 0.783184 0.856967
790 0.430220 0.004315
791 0.351931 0.467832
792 0.726168 0.173508
793 0.342423 0.924752
794 0.389322 0.882881
795 0.706821 0.222833
796 0.471229 0.483189
797 0.197904 0.232655
798 0.565174 0.515793
799 0.912015 0.592702
800 0.572752 0.552232
801 0.169055 0.836129
802 0.970522 0.770143
803 0.800975 0.143858
804 0.252197 0.327970
805 0.119238 0.841339
806 0.521344 0.180859
807 0.694678 0.412604
808 0.433393 0.053820
809 0.539771 0.970174
810 0.629611 0.002069
811 0.927918 0.457014
812 0.415480 0.764275
813 0.218418 0.446244
814 0.331577 0.346419
815 0.091746 0.892112
816 0.751400 0.771478
817 0.932039 0.932647
818 0.224684 0.265056
819 0.668664 0.622236
820 0.707880 0.470313
821 0.953539 0.374455
822 0.306143 0.972596
823 0.941375 0.185481
824 0.900235 0.918135
825 0.371876 0.389950
826 0.429842 0.877292
827 0.974592 0.625485
828 0.871480 0.916634
829 0.807597 0.711981
830 0.017500 0.121392
831 0.139333 0.398954
832 0.807201 0.158619
833 0.053459 0.235557
834 0.001489 0.110828
835 0.345694 0.397729
836 0.491524 0.808294
837 0.212289 0.756866
838 0.945830 0.292922
839 0.303907 0.552855
840 0.181317 0.535310
841 0.781085 0.834543
842 0.540721 0.615124
843 0.379581 0.892764
844 0.450076 0.909036
845 0.074855 0.436288
846 0.180133 0.095219
847 0.314245 0.491227
848 0.403528 0.210025
849 0.146657 0.604288
850 0.427290 0.603299
851 0.417145 0.503171
852 0.162220 0.395655
853 0.549118 0.664507
854 0.515205 0.494626
855 0.290091 0.595845
856 0.379697 0.651778
857 0.025524 0.673198
858 0.502861 0.191015
859 0.699665 0.592664
860 0.110243 0.983853
861 0.405468 0.797426
862 0.017904 0.917161
863 0.636592 0.715682
864 0.599286 0.820056
865 0.328532 0.633668
866 0.322096 0.565616
867 0.381930 0.172405
868 0.107762 0.246632
869 0.589291 0.404891
870 0.464838 0.004700
871 0.161887 0.197590
872 0.082590 0.447337
873 0.731621 0.624868
874 0.155871 0.166627
875 0.097735 0.793039
876 0.821006 0.686821
877 0.994146 0.566792
878 0.788291 0.145190
879 0.704022 0.579237
880 0.794426 0.078350
881 0.732460 0.827693
882 0.888839 0.666114
883 0.304717 0.605507
884 0.044129 0.134996
885 0.560934 0.663307
886 0.094522 0.556124
887 0.357296 0.487720
888 0.361384 0.937744
889 0.334098 0.715603
890 0.015022 0.777601
891 0.348930 0.633565
892 0.591301 0.582328
893 0.327859 0.495014
894 0.807012 0.730557
895 0.697851 0.868201
896 0.522742 0.453335
897 0.632195 0.631068
898 0.453267 0.969239
899 0.875130 0.129562
900 0.069617 0.679934
901 0.906281 0.574468
902 0.415674 0.856515
903 0.414056 0.452744
904 0.245520 0.215807
905 0.658903 0.753881
906 0.446804 0.078595
907 0.658697 0.268709
908 0.884061 0.530374
909 0.286844 0.378883
910 0.578673 0.269440
911 0.601716 0.622259
912 0.068769 0.477311
913 0.061170 0.384601
914 0.232726 0.200099
915 0.309153 0.197783
916 0.975810 0.817871
917 0.690869 0.967556
918 0.971549 0.592135
919 0.938103 0.150110
920 0.358391 0.335017
921 0.204707 0.691231
922 0.099468 0.276776
923 0.029793 0.604598
924 0.615549 0.827700
925 0.237083 0.684221
926 0.886374 0.575187
927 0.570906 0.377678
928 0.048360 0.094991
929 0.130519 0.186738
930 0.498093 0.707438
931 0.098998 0.091870
932 0.648749 0.267353
933 0.353756 0.533261
934 0.780501 0.440757
935 0.292841 0.423349
936 0.876185 0.691861
937 0.614460 0.514510
938 0.846755 0.200413
939 0.059186 0.954445
940 0.140693 0.490715
941 0.210967 0.466113
942 0.316176 0.964943
943 0.280306 0.397001
944 0.030033 0.868342
945 0.140228 0.280732
946 0.280355 0.811249
947 0.488731 0.262135
948 0.361348 0.990662
949 0.738389 0.776513
950 0.005780 0.487137
951 0.896853 0.563582
952 0.496327 0.248814
953 0.532452 0.134472
954 0.886361 0.401668
955 0.639911 0.692775
956 0.829714 0.164730
957 0.185929 0.916974
958 0.832207 0.276051
959 0.437903 0.068240
960 0.264325 0.491903
961 0.689343 0.191309
962 0.217794 0.433166
963 0.780887 0.695633
964 0.094788 0.142035
965 0.775709 0.547409
966 0.523549 0.875343
967 0.218325 0.207356
968 0.089624 0.852268
969 0.996198 0.654740
970 0.812032 0.738089
971 0.058080 0.137101
972 0.354483 0.779169
973 0.600596 0.243438
974 0.553981 0.533376
975 0.625153 0.008626
976 0.135338 0.985924
977 0.106483 0.012962
978 0.425697 0.698260
979 0.212903 0.327318
980 0.636613 0.471837
981 0.687351 0.893669
982 0.403271 0.325984
983 0.323411 0.076245
984 0.048800 0.812749
985 0.452018 0.670337
986 0.476150 0.821445
987 0.492218 0.613765
988 0.680871 0.061773
989 0.913301 0.010308
990 0.616933 0.725536
991 0.665501 0.946998
992 0.397071 0.990324
993 0.956546 0.342112
994 0.854144 0.304201
995 0.540208 0.119587
996 0.129148 0.341690
997 0.128917 0.133545
998 0.759986 0.319640
999 0.355029 0.730243
3000
0 213
0 360
0 537
0 566
0 639
0 641
1 106
1 206
1 260
1 369
1 550
1 930
2 226
2 309
2 439
2 463
2 467
2 603
2 850
2 985
3 171
3 248
3 422
3 607
3 611
3 737
4 32
4 304
4 396
4 527
4 735
4 957
5 48
5 140
5 290
5 498
5 658
5 691
5 731
5 833
6 88
6 118
6 247
6 326
6 451
6 518
6 845
6 872
6 912
7 217
7 270
7 399
7 563
7 898
8 486
8 578
8 637
8 679
8 779
8 963
9 308
9 344
9 510
9 917
9 991
10 923
11 279
11 397
11 623
11 689
11 998
12 188
12 445
12 595
12 600
13 326
13 538
13 567
13 845
13 913
14 606
14 608
14 766
14 823
15 33
15 251
15 545
15 697
15 728
15 821
16 74
16 188
16 197
16 453
16 458
16 867
17 99
17 233
17 294
17 597
17 681
17 730
17 938
18 135
18 186
18 619
18 644
18 836
18 986
19 243
19 340
19 775
19 965
20 145
20 409
20 660
20 668
21 53
21 102
21 196
21 324
21 393
21 629
21 693
21 748
21 794
21 843
21 888
22 203
22 586
22 713
22 733
22 739
22 868
22 922
22 945
23 43
23 110
23 189
23 495
23 536
23 558
23 594
24 253
24 381
24 475
24 903
25 100
25 213
25 424
25 447
25 453
25 458
25 641
25 983
26 39
26 599
26 631
26 634
26 640
26 727
26 814
26 825
26 835
26 920
27 124
27 187
27 221
27 448
27 525
27 583
27 610
27 856
27 978
28 165
28 517
28 529
29 335
29 522
29 757
29 954
30 81
30 273
30 373
31 254
31 346
31 367
31 563
31 966
32 304
32 316
32 366
32 527
32 735
32 957
33 251
33 697
34 137
34 182
34 223
34 313
34 700
34 709
34 863
34 905
34 990
35 70
35 267
35 345
35 764
35 870
36 169
36 560
36 668
36 724
37 42
37 980
38 142
38 266
38 921
38 925
39 599
39 634
39 640
39 727
39 814
39 825
39 835
39 920
40 394
40 395
40 444
40 523
40 579
40 613
40 817
40 824
41 50
41 107
41 276
41 280
41 368
41 609
41 946
42 706
42 980
43 495
43 558
43 594
43 969
44 114
44 125
44 443
44 500
44 769
44 813
44 852
44 962
45 209
45 331
45 860
45 939
46 66
46 71
46 298
46 385
46 582
46 584
46 729
46 818
46 979
47 192
47 215
47 228
47 359
47 387
47 426
47 806
47 858
47 953
47 995
48 132
48 290
48 498
48 658
48 691
48 731
48 833
49 253
49 475
49 599
49 727
49 742
49 825
50 107
50 358
50 946
51 461
51 836
52 589
52 646
52 901
52 951
53 102
53 303
53 324
53 393
53 416
53 554
53 693
53 748
53 794
53 826
53 843
54 154
54 209
54 331
54 860
55 375
55 452
55 524
55 683
56 317
56 697
56 811
57 72
57 137
57 144
57 164
57 272
57 313
57 546
57 550
57 863
57 990
58 391
58 462
58 541
58 588
58 604
58 706
58 869
59 149
59 494
59 598
59 650
59 663
59 677
59 738
59 771
60 234
60 662
60 862
60 944
61 116
61 255
61 625
61 899
62 411
62 646
62 908
62 926
62 951
63 198
63 328
63 779
63 816
63 894
63 970
64 65
64 173
64 373
64 875
65 173
65 212
65 875
65 984
66 156
66 351
66 385
66 423
66 582
66 584
66 729
66 804
66 979
67 278
67 320
67 551
67 656
67 664
68 163
68 323
68 334
68 339
68 403
69 335
69 559
69 651
69 701
69 780
70 267
70 764
70 870
71 256
71 298
71 385
71 582
71 705
71 945
72 137
72 144
72 299
72 313
72 535
72 546
72 863
72 955
72 990
73 593
73 824
74 188
74 197
74 453
74 458
74 867
75 380
75 613
76 601
76 751
76 752
76 778
76 847
76 935
76 960
77 131
77 475
77 599
77 634
77 791
77 825
77 835
78 93
78 158
78 408
78 411
78 622
78 882
79 269
79 395
79 628
79 788
79 828
80 175
80 270
80 324
80 367
80 629
80 675
80 748
80 844
80 898
81 273
82 179
82 565
82 712
82 846
82 874
82 997
83 143
83 310
83 417
83 501
83 556
83 587
83 938
84 161
84 305
84 483
84 880
85 100
85 167
85 591
85 678
85 983
86 117
86 184
86 274
86 657
86 884
86 928
86 964
86 971
87 343
87 384
87 407
87 419
87 507
87 617
87 684
88 118
88 451
88 950
89 147
89 181
89 690
89 723
90 162
90 236
90 240
90 440
90 722
90 889
91 123
91 201
91 322
91 460
91 487
91 707
91 789
92 484
92 746
92 775
92 859
92 873
93 370
93 647
93 876
93 882
93 936
94 421
94 732
94 756
95 126
95 170
95 237
95 246
95 557
95 839
95 855
96 544
96 551
96 664
96 991
97 271
97 336
97 674
97 973
98 99
98 233
98 255
98 528
98 614
98 625
98 774
98 919
99 116
99 233
99 255
99 287
99 730
99 899
100 424
100 447
100 591
100 641
100 983
101 107
101 276
101 280
101 368
101 609
101 714
101 946
102 196
102 303
102 324
102 393
102 416
102 629
102 693
102 793
102 794
102 843
102 888
103 297
103 777
103 948
103 992
104 175
104 672
104 704
104 898
105 176
105 619
105 654
105 763
105 794
105 826
105 902
106 135
106 206
106 260
106 369
106 930
107 280
107 368
107 609
107 946
108 289
108 300
108 621
108 700
108 905
109 160
109 316
109 504
109 527
109 801
110 536
110 558
110 666
110 687
111 192
111 345
111 387
111 406
111 426
111 445
111 906
112 337
112 492
112 516
112 574
112 585
112 638
112 743
112 760
113 271
113 432
113 534
113 661
113 910
113 973
114 125
114 500
114 633
114 769
114 831
114 852
115 123
115 301
115 420
115 895
115 981
116 255
116 287
116 540
116 899
116 956
117 218
117 274
117 348
117 509
117 657
117 884
117 964
117 971
117 997
118 247
118 326
118 451
118 845
118 913
119 285
119 286
119 400
119 437
119 446
119 530
119 575
119 580
119 687
119 694
120 139
120 238
120 389
120 988
121 389
121 524
121 676
121 810
121 975
122 136
122 194
122 289
122 420
122 428
122 642
122 895
123 322
123 343
123 419
124 187
124 221
124 439
124 448
124 463
124 583
124 610
124 856
124 978
125 357
125 443
125 500
125 769
125 831
125 852
126 153
126 174
126 237
126 485
126 557
126 770
126 839
126 866
127 137
127 164
127 182
127 272
127 293
127 313
127 356
127 709
127 715
127 767
128 198
128 300
128 621
128 816
128 881
128 949
129 540
129 645
129 803
129 880
130 138
130 146
130 418
130 717
130 915
131 752
131 791
131 835
132 658
132 702
132 731
132 833
133 231
133 514
133 539
133 581
133 718
133 961
134 314
134 357
134 831
134 852
135 186
135 206
135 369
135 644
135 836
136 428
136 924
137 164
137 182
137 223
137 272
137 313
137 356
137 709
137 863
137 990
138 197
138 418
138 710
138 915
139 305
139 988
140 203
140 290
140 624
140 691
140 733
140 736
141 153
141 190
141 225
141 364
141 568
141 770
141 847
141 887
141 893
141 933
142 302
142 515
142 921
142 925
143 417
143 501
143 938
144 230
144 299
144 535
144 863
144 955
144 990
145 409
145 660
145 869
145 927
146 347
146 464
146 573
147 723
148 264
148 781
149 179
149 283
149 410
149 677
149 771
149 846
150 169
150 372
150 502
150 560
150 807
151 401
151 427
151 542
151 655
151 821
151 993
152 415
152 558
152 653
152 666
153 174
153 237
153 485
153 557
153 770
153 839
153 847
153 866
153 893
153 933
154 402
154 615
154 662
154 815
154 939
155 450
156 351
156 423
156 526
156 685
156 804
157 435
157 553
157 570
157 626
157 842
157 987
158 408
158 411
158 622
159 178
159 238
159 318
159 521
159 765
160 497
160 504
160 805
160 968
161 363
161 455
161 483
161 792
161 878
162 236
162 240
162 440
162 525
162 785
162 865
162 891
163 166
163 391
163 404
164 272
164 293
164 313
164 356
164 550
164 709
164 715
164 767
164 990
165 517
165 529
166 404
166 433
167 591
167 721
167 759
168 618
168 784
168 900
169 502
169 560
169 724
170 237
170 355
170 485
170 753
170 839
170 855
170 866
170 883
171 248
171 315
171 361
171 479
171 596
171 607
171 611
171 737
172 264
172 305
172 327
172 441
172 636
172 880
173 193
173 212
173 429
173 481
173 659
173 711
173 875
174 237
174 557
174 643
174 751
174 770
174 778
174 839
174 847
174 893
174 960
175 196
175 270
175 297
175 629
175 672
175 704
175 898
176 303
176 358
176 554
176 654
176 763
176 794
176 843
177 261
177 342
177 916
178 238
178 318
178 389
178 521
178 765
179 565
179 712
179 846
180 681
180 958
181 690
182 223
182 313
182 700
182 709
182 863
182 905
182 990
183 386
183 431
183 473
183 840
184 208
184 657
184 830
184 834
184 884
184 928
184 971
185 221
185 226
185 439
185 468
185 489
185 525
185 753
185 856
185 891
186 206
186 369
186 644
186 836
187 221
187 405
187 448
187 583
187 610
187 978
188 197
188 447
188 453
188 458
188 600
188 867
189 530
189 536
189 802
190 355
190 364
190 442
190 866
190 933
191 338
191 669
191 780
191 994
192 215
192 387
192 426
193 212
193 219
193 429
193 481
193 659
194 289
194 420
194 428
194 642
194 700
195 469
195 493
195 798
195 854
195 974
196 297
196 324
196 393
196 629
196 888
196 992
197 453
197 480
197 867
198 779
198 816
198 949
199 268
199 450
199 491
199 928
200 258
200 696
200 923
201 460
201 487
201 707
201 789
201 841
202 388
202 977
203 624
203 713
203 733
203 736
203 922
204 227
204 370
204 408
204 775
205 351
205 526
205 909
205 943
206 369
206 836
207 480
207 607
207 848
208 210
208 268
208 830
208 834
208 928
209 331
209 860
209 976
210 268
210 450
210 834
210 928
211 503
211 606
211 608
211 630
212 481
212 659
212 711
212 875
213 424
213 447
213 537
213 566
213 639
213 641
214 222
214 533
214 694
214 786
215 228
215 359
215 387
215 426
215 806
215 953
215 995
216 234
216 402
216 662
216 688
216 815
216 944
216 968
217 320
217 377
217 399
217 563
217 656
217 708
217 741
217 809
218 295
218 348
218 436
218 509
218 586
218 702
218 929
218 964
219 429
219 481
219 659
219 776
220 640
220 814
220 920
221 439
221 463
221 525
221 610
221 856
222 437
222 446
222 530
222 533
222 575
222 694
222 786
223 313
223 700
223 709
223 905
224 371
224 372
224 398
224 531
224 807
225 282
225 568
225 752
225 791
225 887
225 893
226 309
226 439
226 463
226 467
226 477
226 489
226 603
226 850
227 370
227 578
227 876
227 963
228 359
228 387
228 627
228 953
228 995
229 471
229 972
229 999
230 519
230 535
230 679
230 955
231 514
231 539
231 581
231 605
231 620
231 718
231 792
231 795
231 961
232 291
232 443
232 769
232 813
232 941
233 294
233 730
233 823
233 919
234 402
234 662
234 862
234 944
235 321
235 553
235 571
235 626
235 842
235 853
235 885
236 240
236 440
236 722
236 889
236 999
237 485
237 557
237 839
237 866
238 318
238 389
238 521
238 765
238 988
239 449
239 930
239 978
239 985
240 440
240 515
240 722
240 785
240 865
241 359
241 521
241 761
241 995
242 366
242 466
242 564
242 698
242 773
242 957
243 340
243 775
243 965
244 275
244 506
244 592
244 886
245 414
245 886
245 923
246 277
246 333
247 326
247 451
247 518
247 633
247 845
247 872
247 912
248 422
248 479
248 607
248 611
248 737
249 365
249 454
249 459
249 890
249 984
250 265
250 281
250 513
250 569
250 989
251 545
251 697
252 496
252 649
252 754
252 797
252 871
253 381
253 475
253 742
254 346
254 367
254 966
255 625
255 899
256 298
256 385
256 390
256 582
256 632
256 699
256 705
256 945
256 996
257 476
257 547
257 777
257 782
257 822
257 942
258 696
258 923
259 516
259 819
259 897
259 911
260 550
260 930
261 330
261 916
262 325
262 414
262 849
262 886
263 565
263 914
263 967
264 305
264 441
264 636
264 781
265 281
265 569
265 635
265 690
265 750
265 989
266 837
267 345
267 360
267 764
267 790
267 808
267 870
267 959
268 450
269 628
270 367
270 563
270 675
270 844
270 898
271 432
271 534
271 661
271 910
271 973
272 293
272 313
272 356
272 550
272 715
272 767
272 990
274 306
274 657
274 931
274 964
274 971
274 997
275 506
275 518
275 592
275 886
276 280
276 368
276 396
276 609
276 714
277 333
278 320
278 551
278 656
278 708
278 741
278 809
279 623
279 667
279 689
280 362
280 609
280 946
281 569
281 635
281 690
281 750
281 989
282 568
282 791
282 851
282 887
283 410
283 677
283 771
284 392
284 590
284 695
284 787
285 286
285 400
285 412
285 437
285 446
285 530
285 575
285 580
285 687
285 694
285 772
286 400
286 412
286 437
286 446
286 530
286 575
286 687
287 417
287 501
287 540
287 832
287 899
287 938
287 956
288 392
288 398
288 719
288 726
288 787
288 934
289 300
289 621
289 642
289 700
290 498
290 658
290 691
290 833
291 386
291 643
291 778
291 813
291 941
291 960
292 416
292 693
292 793
292 822
292 888
292 942
293 356
293 550
293 715
293 767
294 383
294 606
294 730
294 766
294 823
294 919
295 436
295 509
295 871
295 874
295 929
295 997
296 341
296 460
296 841
297 629
297 672
297 704
297 898
297 992
298 357
298 385
298 582
298 632
298 699
298 979
299 546
299 616
299 897
299 911
299 955
300 621
300 642
300 881
300 949
301 487
301 789
301 841
301 881
302 440
302 511
302 515
302 722
303 358
303 416
303 554
303 693
303 793
303 794
303 843
304 316
304 396
304 527
304 673
304 714
304 735
304 957
305 441
305 880
306 491
306 692
306 931
307 409
307 472
307 562
307 668
308 510
308 917
308 991
309 439
309 463
309 467
309 571
309 603
309 703
309 985
310 465
310 556
310 587
310 620
311 315
311 543
311 947
311 952
312 379
312 572
312 576
312 597
312 680
312 744
312 749
312 838
313 356
313 535
313 709
313 863
313 905
313 990
314 390
314 538
314 567
314 996
315 607
315 737
316 527
316 673
316 801
316 957
317 425
317 811
318 375
318 521
318 747
318 765
318 783
319 427
319 482
319 542
319 576
319 744
320 399
320 563
320 656
320 708
320 741
320 809
321 553
321 665
321 842
321 892
321 911
322 343
322 419
322 707
323 334
323 768
324 393
324 629
324 675
324 748
324 794
324 826
324 843
324 844
325 434
325 612
325 849
326 451
326 567
326 845
326 913
327 441
327 636
328 341
328 829
328 894
328 970
329 412
329 647
329 772
329 936
329 970
330 394
331 860
331 939
331 976
332 435
332 467
332 477
332 570
334 927
335 505
335 651
335 701
335 726
335 757
335 758
335 954
336 532
336 907
336 932
336 973
337 516
337 585
337 638
337 743
337 746
337 762
337 819
337 859
337 879
338 457
338 482
338 576
338 780
338 994
339 403
340 411
340 775
341 772
342 437
342 530
342 802
342 916
343 384
343 407
343 419
343 684
344 384
344 407
344 478
344 508
344 510
344 917
344 991
345 406
345 808
345 906
345 959
346 367
346 399
346 563
346 966
347 464
347 470
347 710
347 904
348 509
348 702
348 964
349 528
349 561
349 614
349 774
349 919
350 674
350 716
350 761
351 423
351 526
351 804
351 979
352 374
352 548
352 555
352 592
353 433
353 490
353 493
353 604
353 854
353 896
354 488
354 734
354 760
355 442
355 468
355 485
355 753
355 866
355 883
356 709
356 715
356 767
356 990
357 632
357 699
357 831
357 852
358 416
358 554
359 953
359 995
360 639
360 790
360 808
361 479
361 596
361 611
361 768
361 947
361 952
362 837
363 417
363 455
363 465
363 540
363 803
363 832
363 878
364 442
364 568
364 933
365 454
365 459
365 890
365 984
366 564
366 957
367 563
367 675
367 844
368 396
368 609
369 930
370 408
370 647
370 829
370 876
371 372
371 502
372 531
372 807
373 429
374 548
374 555
374 950
375 452
375 524
375 683
375 747
375 765
375 783
375 975
376 469
376 493
376 570
376 796
377 708
377 741
377 809
378 549
378 593
378 628
378 788
378 828
379 503
379 572
379 597
379 630
379 680
379 744
379 749
379 838
380 613
381 475
381 903
382 488
382 585
382 695
382 734
382 743
382 746
382 879
382 965
383 597
383 606
383 630
383 730
383 766
383 823
384 407
384 419
384 478
384 508
384 684
384 917
385 582
385 632
385 699
385 729
385 979
386 643
386 778
386 960
387 406
387 426
387 627
387 671
387 953
387 995
388 650
388 738
389 988
390 632
390 699
390 713
390 996
391 404
391 462
391 541
391 588
391 604
391 896
392 398
392 602
392 719
392 787
392 934
393 416
393 629
393 693
393 793
393 843
393 888
394 444
394 613
394 817
395 444
395 523
395 817
395 824
395 828
396 527
396 714
396 735
397 998
398 602
398 820
398 934
399 563
399 656
399 708
399 809
400 437
400 446
400 530
400 536
400 575
400 687
401 427
401 655
401 749
401 838
401 993
402 615
402 662
402 815
402 944
403 768
404 433
404 604
404 896
405 448
405 449
405 471
405 583
405 812
405 978
406 808
406 906
406 959
407 419
407 478
407 684
408 411
409 660
409 668
410 565
412 446
412 580
412 772
413 445
413 447
413 600
413 808
413 906
413 959
414 618
415 652
415 653
415 682
415 686
415 827
415 918
416 554
416 693
416 793
416 794
416 843
416 888
417 501
417 556
417 832
417 938
417 956
418 470
418 710
418 915
419 684
420 428
420 642
420 881
420 895
420 981
421 505
421 726
421 756
421 758
421 787
422 479
422 552
422 611
422 982
423 526
423 685
423 729
423 804
424 447
424 537
424 641
424 983
425 756
425 908
426 445
427 542
427 728
427 821
427 993
428 642
428 895
428 981
429 481
429 659
430 470
430 678
430 710
430 915
431 473
432 534
432 577
432 661
432 910
433 490
433 493
433 604
433 896
434 473
434 612
434 849
435 467
435 571
435 603
435 626
435 703
435 987
436 586
436 649
436 739
436 754
436 868
436 871
436 929
437 446
437 530
437 575
437 687
437 694
437 802
438 851
439 463
439 603
439 856
439 985
440 515
440 722
441 636
441 880
442 489
442 933
443 500
443 769
443 813
443 941
443 962
444 523
444 579
444 613
444 817
444 824
445 600
445 906
446 575
446 580
446 694
447 453
447 458
447 600
447 641
448 449
448 583
448 978
449 812
449 978
452 683
452 747
452 755
452 783
453 458
453 600
453 867
454 459
454 890
455 465
455 483
455 605
455 620
455 792
455 878
456 496
456 573
456 584
456 797
456 818
456 904
457 482
457 576
457 680
457 744
457 958
457 994
459 688
459 890
459 984
460 487
460 789
460 841
461 864
462 541
462 588
462 604
462 706
462 896
463 603
463 856
463 985
464 470
464 710
464 904
464 914
464 915
465 556
465 620
465 792
465 832
465 878
466 564
466 698
467 477
467 489
467 603
467 703
467 850
468 489
468 753
468 856
468 891
469 490
469 493
469 796
469 854
470 710
470 904
470 915
471 812
471 861
471 972
471 999
472 562
472 661
472 668
472 910
473 612
473 840
474 492
474 574
474 740
474 760
474 800
474 937
475 903
476 547
476 648
476 782
476 822
476 942
477 489
477 850
478 508
478 684
478 917
479 596
479 611
479 768
480 848
480 867
481 659
481 711
481 776
482 576
482 744
482 994
483 878
484 578
484 775
484 873
485 557
485 839
485 866
486 519
486 578
486 637
486 679
486 963
487 789
487 841
487 881
488 585
488 695
488 734
489 850
490 493
490 796
491 692
491 931
492 574
492 638
492 760
492 937
493 796
493 854
493 896
494 598
494 650
494 663
494 721
494 738
494 771
495 558
495 594
495 969
496 649
496 754
496 797
496 967
497 504
497 805
497 968
498 658
498 691
499 605
500 769
500 813
500 852
500 962
501 803
501 832
501 938
501 956
502 560
502 724
503 572
503 630
503 749
503 838
504 801
504 805
505 651
505 726
505 756
505 757
505 758
505 787
506 940
507 617
507 684
508 510
508 917
509 874
509 929
509 964
509 997
510 917
510 991
511 722
512 513
514 539
514 581
514 605
514 620
514 718
514 792
514 795
514 961
515 722
515 785
515 925
516 574
516 638
516 819
516 897
516 911
517 529
517 697
518 845
518 872
518 912
519 637
519 679
520 674
520 761
522 728
522 954
523 579
523 817
523 824
524 676
524 810
524 975
525 610
525 856
525 865
525 891
526 685
526 804
526 909
526 943
527 673
527 714
527 957
528 561
528 614
528 625
528 720
528 774
528 919
529 697
530 575
530 687
530 802
531 807
532 907
532 932
532 973
533 694
533 786
534 562
534 577
534 661
534 910
534 973
535 863
535 955
535 990
536 558
536 802
537 566
537 639
537 641
538 567
538 736
538 913
539 581
539 718
539 795
539 961
540 645
540 803
540 832
540 878
540 956
541 588
541 604
541 869
541 927
542 728
542 821
542 993
543 577
543 806
543 858
543 952
544 664
544 991
545 655
545 728
545 821
546 550
546 853
546 885
547 777
547 782
547 822
547 942
548 555
548 592
549 593
549 628
549 707
549 788
549 828
551 656
551 664
552 742
552 982
553 626
553 665
553 842
554 654
554 763
554 794
554 843
555 592
555 950
556 587
557 643
557 839
558 594
560 724
561 614
561 720
561 774
562 661
562 910
563 708
564 698
564 773
566 641
567 736
567 913
568 791
568 851
568 887
568 933
569 720
569 750
569 989
571 626
571 703
571 987
572 630
572 749
572 838
573 584
573 729
573 818
574 638
574 760
575 580
575 687
575 694
576 680
576 744
576 994
577 952
578 637
578 679
578 963
579 613
579 817
580 694
580 772
581 605
581 718
581 961
582 584
582 632
582 729
582 979
583 610
583 999
584 729
584 818
585 638
585 743
585 746
585 859
585 879
586 731
586 739
586 833
586 868
587 623
587 667
587 689
588 604
588 706
588 896
589 646
589 901
589 908
589 926
589 951
590 695
590 965
591 678
591 983
592 886
593 828
594 969
596 768
596 947
596 952
597 630
597 680
597 681
597 730
598 650
598 663
598 677
598 721
598 738
598 771
599 634
599 727
599 825
599 835
601 935
601 943
602 820
603 703
603 850
603 985
604 896
605 620
605 718
605 792
605 961
606 608
606 630
606 766
606 823
607 737
608 766
609 714
609 946
610 856
611 768
612 840
612 849
613 817
614 720
614 774
615 662
615 862
615 939
616 885
616 897
616 911
617 684
618 784
618 900
619 644
619 826
619 902
619 986
620 792
620 795
620 961
621 949
622 653
622 799
622 882
623 689
624 713
624 733
624 736
625 774
625 899
626 703
626 842
626 987
627 670
627 671
627 995
628 788
628 828
629 888
630 749
630 766
631 634
631 685
631 814
631 835
631 909
631 943
632 699
632 996
633 845
633 872
634 727
634 814
634 825
634 835
635 690
635 750
635 989
636 781
637 679
637 779
637 963
638 743
638 760
638 859
638 879
639 641
639 808
640 685
640 814
640 920
641 983
642 881
642 895
643 751
643 778
643 960
644 836
644 986
645 723
645 880
646 901
646 908
646 926
646 951
647 829
647 876
647 936
648 773
648 782
649 739
649 754
649 868
649 871
649 945
650 663
650 738
650 771
651 701
651 719
651 726
651 757
651 758
652 653
652 686
652 799
652 827
652 918
653 799
653 827
654 763
654 861
654 902
655 821
655 993
656 708
656 741
656 809
657 830
657 884
657 928
657 964
657 971
658 731
658 833
659 711
661 910
661 973
662 862
662 939
663 677
663 721
663 738
663 771
665 740
665 800
665 892
665 974
666 882
666 936
667 689
667 795
668 724
669 958
669 994
670 671
670 683
670 747
670 783
672 704
672 898
672 992
673 714
673 801
675 748
675 844
676 810
676 975
677 721
677 759
677 771
680 681
680 744
680 838
681 730
682 827
682 969
683 747
683 755
683 783
685 814
685 909
686 877
686 918
688 944
688 968
688 984
690 750
690 989
692 712
692 931
692 997
693 793
693 843
693 888
694 786
695 734
695 965
696 745
696 857
698 735
698 773
698 957
699 852
699 996
700 709
700 905
701 726
701 758
701 780
702 731
702 884
702 971
703 987
704 898
704 992
705 754
705 945
706 980
707 788
708 741
708 809
709 767
710 915
711 875
712 846
713 733
713 922
713 945
713 996
714 801
715 767
716 761
718 795
718 961
719 726
719 787
719 934
721 759
721 771
722 889
725 736
726 758
726 787
726 934
727 742
727 825
727 835
728 821
729 804
729 818
729 979
730 766
730 823
731 833
732 908
733 922
734 820
735 773
735 957
739 754
739 868
740 798
740 800
740 892
740 974
741 809
742 825
743 746
743 762
743 859
743 879
744 749
744 838
745 857
745 900
746 859
746 873
746 879
747 755
747 765
747 783
748 826
748 844
748 902
749 838
750 989
751 770
751 778
751 847
751 960
752 770
752 791
752 847
752 887
752 893
753 865
753 866
753 883
753 891
754 868
754 945
755 764
756 757
756 758
757 758
757 954
762 819
762 859
762 873
762 879
763 794
763 902
764 870
765 783
765 975
766 823
769 813
769 941
770 847
770 893
774 919
776 837
777 822
777 942
777 948
778 960
779 816
779 949
782 822
782 942
785 855
785 865
785 883
787 934
788 828
789 841
790 870
791 847
791 887
791 893
792 961
793 888
794 826
794 843
794 902
795 961
797 818
797 967
798 800
798 974
799 901
799 926
799 951
800 892
800 974
803 832
803 878
803 956
804 979
805 968
806 858
808 906
808 959
810 975
812 861
813 941
813 962
814 920
815 968
816 949
817 824
819 859
819 897
821 993
822 942
823 919
824 828
825 835
826 844
826 902
827 918
827 969
829 876
829 894
829 963
829 970
830 834
830 884
830 928
830 971
831 852
832 878
832 956
836 986
839 855
839 866
845 872
845 912
847 887
847 893
848 867
853 885
854 896
855 866
855 883
856 891
857 900
859 879
860 976
863 905
863 955
863 990
864 924
865 883
865 891
866 883
868 922
869 927
871 874
871 929
872 912
874 929
874 997
876 963
877 918
882 936
884 928
884 971
887 893
889 999
892 911
894 963
894 970
895 981
897 911
901 926
901 951
904 914
904 967
906 959
907 932
908 926
908 951
909 935
909 943
910 973
914 967
917 991
921 925
922 945
926 951
928 971
935 943
938 956
941 962
947 952
948 992
953 995
955 990
958 994
964 971
964 997
978 985
