1000
0 0.636931 0.050607
1 0.120717 0.807880
2 0.240771 0.053709
3 0.002419 0.057040
4 0.538886 0.954673
5 0.349996 0.371283
6 0.688168 0.523518
7 0.704036 0.204992
8 0.405773 0.260789
9 0.881358 0.263286
10 0.258361 0.655298
11 0.786256 0.894406
12 0.304763 0.329724
13 0.369429 0.088172
14 0.931831 0.013674
15 0.783837 0.264758
16 0.868722 0.062144
17 0.010334 0.019455
18 0.916653 0.671863
19 0.355815 0.126797
20 0.889129 0.038844
21 0.262755 0.401378
22 0.621946 0.447525
23 0.811396 0.462868
24 0.682748 0.685212
25 0.144472 0.059197
26 0.586699 0.235099
27 0.799238 0.364555
28 0.907813 0.416956
29 0.592709 0.587814
30 0.664768 0.016673
31 0.273406 0.302173
32 0.755523 0.974121
33 0.626518 0.138259
34 0.016815 0.383415
35 0.099281 0.870634
36 0.692627 0.400437
37 0.299528 0.471577
38 0.709977 0.649587
39 0.912703 0.406232
40 0.180871 0.375016
41 0.681311 0.299637
42 0.976042 0.891190
43 0.095630 0.118860
44 0.049093 0.853443
45 0.355650 0.182399
46 0.428913 0.491251
47 0.981594 0.634210
48 0.443758 0.225277
49 0.174001 0.501171
50 0.792144 0.023806
51 0.654237 0.090470
52 0.533690 0.445014
53 0.252429 0.277384
54 0.937331 0.558588
55 0.952209 0.184060
56 0.394810 0.843517
57 0.450281 0.856420
58 0.284130 0.718468
59 0.543700 0.808935
60 0.750639 0.576966
61 0.818903 0.726023
62 0.862696 0.071669
63 0.183899 0.183982
64 0.494360 0.920354
65 0.758662 0.988820
66 0.589312 0.690797
67 0.518660 0.613055
68 0.168217 0.862551
69 0.872571 0.258492
70 0.556003 0.960700
71 0.047646 0.272164
72 0.826030 0.709977
73 0.754778 0.999118
74 0.384896 0.967213
75 0.110244 0.668353
76 0.954607 0.655913
77 0.202220 0.577228
78 0.948132 0.048793
79 0.007524 0.664810
80 0.379841 0.522480
81 0.587715 0.546094
82 0.004094 0.343096
83 0.623529 0.216727
84 0.333267 0.132316
85 0.382769 0.931792
86 0.550734 0.410517
87 0.159174 0.212442
88 0.104858 0.016987
89 0.068383 0.540563
90 0.946785 0.266724
91 0.842037 0.064404
92 0.957848 0.419157
93 0.922151 0.557008
94 0.101644 0.406228
95 0.725321 0.944485
96 0.231362 0.795554
97 0.419907 0.952649
98 0.284689 0.648999
99 0.939270 0.808166
100 0.806627 0.277759
101 0.240229 0.474383
102 0.354832 0.892185
103 0.008321 0.602140
104 0.362557 0.797851
105 0.110059 0.232358
106 0.461081 0.098948
107 0.097269 0.299854
108 0.096481 0.835942
109 0.979735 0.156815
110 0.514880 0.106446
111 0.299735 0.659525
112 0.835805 0.996627
113 0.265713 0.843413
114 0.985038 0.085013
115 0.332205 0.849160
116 0.716386 0.871386
117 0.149249 0.556575
118 0.246936 0.333112
119 0.853394 0.893962
120 0.169341 0.410385
121 0.520216 0.522114
122 0.027001 0.664699
123 0.680455 0.145762
124 0.598201 0.996571
125 0.745536 0.626926
126 0.176751 0.079431
127 0.882840 0.318287
128 0.337531 0.979097
129 0.868151 0.284497
130 0.670990 0.033356
131 0.100500 0.289651
132 0.323910 0.424900
133 0.412116 0.752234
134 0.876128 0.081071
135 0.826712 0.022196
136 0.681540 0.890311
137 0.346101 0.144367
138 0.306601 0.737925
139 0.178128 0.738247
140 0.110657 0.532672
141 0.558175 0.746281
142 0.329840 0.220946
143 0.461999 0.581037
144 0.249879 0.766701
145 0.059418 0.636292
146 0.183070 0.213019
147 0.716369 0.217833
148 0.000775 0.235121
149 0.717132 0.696874
150 0.915215 0.044854
151 0.052929 0.113097
152 0.568441 0.347400
153 0.117196 0.939267
154 0.650832 0.283045
155 0.015047 0.580393
156 0.553902 0.212312
157 0.809745 0.175685
158 0.469588 0.030024
159 0.449937 0.133351
160 0.061114 0.575792
161 0.201580 0.635237
162 0.116817 0.878152
163 0.320665 0.935675
164 0.175960 0.774201
165 0.735946 0.540506
166 0.377113 0.330965
167 0.437446 0.109706
168 0.775564 0.699917
169 0.816910 0.868547
170 0.009212 0.907532
171 0.306541 0.255720
172 0.015998 0.030169
173 0.349831 0.471377
174 0.319469 0.071451
175 0.877586 0.668489
176 0.745934 0.598490
177 0.774617 0.094977
178 0.374583 0.315549
179 0.554382 0.300609
180 0.180200 0.982119
181 0.223327 0.669524
182 0.632905 0.298300
183 0.893850 0.509559
184 0.015369 0.750620
185 0.723922 0.179698
186 0.411154 0.736053
187 0.391568 0.397452
188 0.900600 0.088668
189 0.321067 0.149598
190 0.514008 0.506378
191 0.847463 0.792609
192 0.005976 0.590732
193 0.195216 0.608934
194 0.278585 0.083295
195 0.372886 0.557627
196 0.742906 0.707467
197 0.553068 0.255608
198 0.319405 0.693523
199 0.246103 0.347917
200 0.095233 0.889866
201 0.721563 0.203625
202 0.880001 0.344915
203 0.683282 0.308671
204 0.031537 0.381761
205 0.161706 0.817660
206 0.959240 0.481658
207 0.951597 0.473793
208 0.655047 0.742610
209 0.693633 0.509358
210 0.450647 0.285778
211 0.875202 0.198826
212 0.954454 0.745099
213 0.608695 0.452396
214 0.034871 0.209905
215 0.268881 0.542090
216 0.594353 0.423341
217 0.800581 0.052821
218 0.212095 0.100774
219 0.830320 0.247458
220 0.647659 0.225327
221 0.871019 0.971355
222 0.878391 0.359889
223 0.996798 0.325329
224 0.403104 0.401592
225 0.459604 0.408106
226 0.039559 0.432260
227 0.550610 0.195904
228 0.657745 0.244570
229 0.923148 0.189743
230 0.597542 0.606902
231 0.269463 0.966899
232 0.404222 0.075175
233 0.497434 0.266782
234 0.162446 0.951653
235 0.853944 0.513375
236 0.387390 0.579770
237 0.207642 0.200863
238 0.956467 0.017567
239 0.866631 0.698665
240 0.510372 0.459345
241 0.824236 0.820087
242 0.123977 0.563425
243 0.901345 0.879749
244 0.666536 0.185714
245 0.977551 0.530957
246 0.553415 0.436949
247 0.725743 0.917225
248 0.494353 0.245624
249 0.747312 0.406163
250 0.242010 0.665588
251 0.257742 0.151490
252 0.286005 0.942137
253 0.164817 0.929113
254 0.958197 0.503751
255 0.980236 0.049692
256 0.341667 0.856185
257 0.510375 0.662768
258 0.708925 0.821452
259 0.683017 0.436493
260 0.954066 0.686301
261 0.184287 0.422215
262 0.629155 0.603124
263 0.803641 0.894571
264 0.746855 0.020776
265 0.514660 0.095487
266 0.469311 0.013636
267 0.355510 0.104390
268 0.167594 0.124288
269 0.115333 0.507163
270 0.106478 0.738536
271 0.186110 0.071021
272 0.657184 0.969300
273 0.755124 0.555556
274 0.521100 0.009829
275 0.499020 0.806319
276 0.803123 0.344421
277 0.130290 0.903675
278 0.791208 0.968891
279 0.211026 0.253561
280 0.448874 0.991964
281 0.440864 0.012649
282 0.855020 0.555615
283 0.594913 0.358539
284 0.565273 0.899617
285 0.499049 0.844380
286 0.617973 0.760957
287 0.412637 0.805251
288 0.466350 0.050274
289 0.670770 0.361335
290 0.379751 0.573045
291 0.588372 0.280254
292 0.352137 0.442364
293 0.809270 0.958429
294 0.256182 0.290522
295 0.658868 0.142668
296 0.173407 0.439751
297 0.502604 0.717552
298 0.596943 0.572465
299 0.934699 0.851325
300 0.152529 0.342971
301 0.994915 0.344513
302 0.735059 0.918985
303 0.761734 0.377154
304 0.630501 0.462356
305 0.521387 0.019473
306 0.219895 0.880344
307 0.531806 0.698296
308 0.849581 0.469458
309 0.702178 0.370385
310 0.374873 0.021494
311 0.984715 0.026947
312 0.991413 0.393123
313 0.381565 0.362275
314 0.038199 0.586322
315 0.774368 0.967551
316 0.423854 0.171063
317 0.326956 0.983801
318 0.685924 0.775993
319 0.082223 0.184855
320 0.013714 0.362586
321 0.519659 0.239484
322 0.788739 0.979701
323 0.391811 0.336471
324 0.326804 0.833173
325 0.115972 0.447169
326 0.541818 0.799002
327 0.361595 0.247196
328 0.193865 0.958908
329 0.244511 0.122214
330 0.232656 0.343464
331 0.715717 0.742327
332 0.502392 0.830718
333 0.315565 0.405442
334 0.735194 0.067142
335 0.453404 0.722010
336 0.327627 0.352971
337 0.768253 0.241891
338 0.868504 0.665416
339 0.927828 0.308644
340 0.431272 0.767380
341 0.608316 0.801728
342 0.595179 0.149372
343 0.084338 0.291688
344 0.923008 0.609940
345 0.389678 0.683744
346 0.484764 0.205705
347 0.048012 0.632896
348 0.766800 0.063126
349 0.989014 0.758471
350 0.690880 0.612285
351 0.541484 0.744152
352 0.723875 0.045866
353 0.437267 0.436842
354 0.844357 0.495257
355 0.482527 0.352561
356 0.958658 0.880463
357 0.514911 0.423361
358 0.176312 0.536063
359 0.240966 0.760415
360 0.154579 0.080553
361 0.143976 0.050497
362 0.374185 0.702371
363 0.952167 0.814444
364 0.560659 0.487271
365 0.814466 0.472441
366 0.392162 0.853774
367 0.024587 0.683337
368 0.879732 0.278071
369 0.944495 0.618615
370 0.967178 0.106325
371 0.690043 0.790347
372 0.033568 0.838992
373 0.035656 0.448618
374 0.970492 0.462206
375 0.521564 0.815197
376 0.838420 0.097554
377 0.021823 0.281033
378 0.140174 0.225250
379 0.442443 0.364127
380 0.488742 0.857819
381 0.536363 0.049514
382 0.592213 0.819726
383 0.030334 0.722939
384 0.510963 0.180244
385 0.255234 0.319238
386 0.125276 0.523872
387 0.613080 0.657173
388 0.949570 0.137187
389 0.658933 0.122399
390 0.574081 0.519404
391 0.740715 0.279644
392 0.817222 0.999541
393 0.728335 0.659192
394 0.651943 0.150176
395 0.621523 0.926674
396 0.936196 0.915791
397 0.117391 0.621068
398 0.883013 0.844296
399 0.656661 0.772877
400 0.448840 0.423696
401 0.575461 0.893892
402 0.980349 0.291022
403 0.845531 0.050105
404 0.476108 0.996296
405 0.984271 0.585809
406 0.246187 0.313877
407 0.720978 0.079597
408 0.585854 0.059339
409 0.916733 0.281927
410 0.318707 0.992115
411 0.710154 0.662462
412 0.325951 0.250003
413 0.303863 0.995864
414 0.691844 0.998817
415 0.093071 0.216999
416 0.460242 0.215470
417 0.886050 0.480180
418 0.489646 0.783510
419 0.917525 0.027744
420 0.074503 0.584675
421 0.492488 0.324573
422 0.439934 0.749066
423 0.675460 0.020132
424 0.544325 0.863425
425 0.463183 0.084328
426 0.934445 0.160871
427 0.867776 0.050142
428 0.729374 0.025315
429 0.032780 0.144698
430 0.355553 0.136042
431 0.758573 0.730400
432 0.469404 0.703313
433 0.316802 0.183529
434 0.346763 0.730347
435 0.566395 0.522803
436 0.933351 0.962965
437 0.696773 0.490694
438 0.489797 0.310256
439 0.241214 0.615480
440 0.910215 0.297942
441 0.226992 0.763480
442 0.345113 0.550682
443 0.458769 0.828569
444 0.717403 0.390389
445 0.967882 0.500073
446 0.084537 0.384695
447 0.602507 0.500287
448 0.570335 0.083011
449 0.582355 0.289342
450 0.089056 0.519911
451 0.683444 0.266452
452 0.556562 0.124833
453 0.702074 0.747527
454 0.671505 0.253851
455 0.438333 0.453431
456 0.643030 0.929106
457 0.049265 0.357141
458 0.225021 0.596245
459 0.670086 0.228063
460 0.963629 0.644490
461 0.452992 0.035383
462 0.912937 0.583784
463 0.430467 0.291204
464 0.609163 0.298364
465 0.888069 0.915353
466 0.683410 0.488004
467 0.754340 0.779566
468 0.061922 0.766845
469 0.907265 0.869294
470 0.102001 0.332659
471 0.721909 0.163360
472 0.719965 0.125684
473 0.316074 0.611854
474 0.624359 0.653447
475 0.476766 0.838245
476 0.470660 0.432551
477 0.301497 0.748854
478 0.681954 0.913883
479 0.546758 0.988715
480 0.459256 0.077168
481 0.632542 0.450063
482 0.970716 0.969070
483 0.051424 0.541633
484 0.112765 0.175942
485 0.553777 0.816991
486 0.107890 0.588830
487 0.237490 0.783893
488 0.706662 0.641689
489 0.532323 0.042214
490 0.861987 0.607437
491 0.127767 0.463721
492 0.757845 0.628400
493 0.043315 0.907944
494 0.543018 0.548680
495 0.822995 0.083188
496 0.859569 0.738047
497 0.153381 0.986912
498 0.401320 0.875291
499 0.427943 0.341167
500 0.289348 0.093524
501 0.009540 0.980744
502 0.021463 0.676059
503 0.533868 0.925442
504 0.918368 0.705275
505 0.692372 0.229245
506 0.194858 0.259114
507 0.261786 0.333179
508 0.663321 0.257092
509 0.337196 0.520817
510 0.009676 0.471694
511 0.237626 0.278384
512 0.017781 0.247181
513 0.895862 0.166953
514 0.083785 0.705800
515 0.639216 0.915363
516 0.241580 0.772168
517 0.876693 0.146545
518 0.760729 0.088781
519 0.863886 0.262397
520 0.283386 0.342467
521 0.641215 0.292056
522 0.074134 0.474220
523 0.467044 0.780090
524 0.163175 0.966247
525 0.314310 0.453937
526 0.437217 0.351094
527 0.159097 0.168455
528 0.295134 0.547711
529 0.741809 0.473356
530 0.618947 0.321323
531 0.179780 0.147731
532 0.845922 0.837132
533 0.505422 0.811699
534 0.957493 0.604252
535 0.519721 0.716288
536 0.256259 0.843903
537 0.992942 0.510783
538 0.582924 0.820367
539 0.017562 0.641824
540 0.394173 0.815369
541 0.497440 0.213766
542 0.852023 0.805846
543 0.035486 0.828560
544 0.648604 0.567918
545 0.143466 0.419973
546 0.675897 0.045347
547 0.640197 0.356751
548 0.475696 0.753373
549 0.175621 0.832505
550 0.857462 0.268701
551 0.830250 0.927894
552 0.834108 0.884182
553 0.857441 0.000007
554 0.086744 0.528610
555 0.954998 0.328681
556 0.315464 0.969990
557 0.152938 0.404246
558 0.285980 0.708829
559 0.312072 0.572330
560 0.745816 0.902258
561 0.654926 0.476671
562 0.925247 0.626066
563 0.767889 0.990543
564 0.610654 0.886975
565 0.770860 0.799284
566 0.835311 0.052505
567 0.335538 0.484669
568 0.078183 0.169086
569 0.936227 0.315580
570 0.153784 0.542808
571 0.869137 0.232360
572 0.815869 0.489243
573 0.731317 0.564423
574 0.280382 0.642261
575 0.732730 0.493647
576 0.072887 0.499752
577 0.769936 0.715499
578 0.347563 0.135176
579 0.094196 0.383954
580 0.437014 0.124560
581 0.435082 0.861977
582 0.715112 0.862393
583 0.117222 0.144823
584 0.717197 0.342475
585 0.954373 0.006952
586 0.606346 0.185588
587 0.927621 0.837861
588 0.261867 0.919916
589 0.191531 0.460828
590 0.330770 0.760082
591 0.789398 0.909260
592 0.072141 0.010413
593 0.721800 0.954101
594 0.954949 0.713131
595 0.688831 0.136268
596 0.701739 0.959435
597 0.444521 0.850694
598 0.324156 0.043195
599 0.594883 0.777674
600 0.685267 0.002246
601 0.276621 0.815650
602 0.459198 0.602448
603 0.699211 0.475280
604 0.349554 0.661774
605 0.355345 0.561851
606 0.816727 0.343903
607 0.336857 0.564420
608 0.092037 0.257320
609 0.380776 0.821607
610 0.934749 0.367391
611 0.480859 0.692195
612 0.231516 0.936404
613 0.029844 0.096432
614 0.495754 0.797387
615 0.493794 0.087842
616 0.688739 0.014604
617 0.562299 0.565571
618 0.554715 0.386924
619 0.566904 0.843724
620 0.839065 0.309844
621 0.715067 0.556847
622 0.341601 0.227771
623 0.348008 0.299661
624 0.998286 0.474349
625 0.564203 0.773913
626 0.496477 0.050120
627 0.328388 0.797374
628 0.756293 0.327513
629 0.387044 0.635339
630 0.256063 0.637481
631 0.606841 0.256098
632 0.512152 0.849203
633 0.634698 0.021827
634 0.121842 0.695616
635 0.770675 0.789059
636 0.018816 0.493330
637 0.151356 0.116215
638 0.572733 0.031120
639 0.134916 0.210145
640 0.910736 0.147700
641 0.628751 0.754761
642 0.389186 0.274889
643 0.071082 0.730575
644 0.312783 0.299019
645 0.107714 0.907671
646 0.331773 0.541575
647 0.696239 0.887199
648 0.280121 0.075428
649 0.386922 0.865887
650 0.595599 0.284375
651 0.037528 0.024460
652 0.757214 0.337544
653 0.865207 0.107014
654 0.011134 0.505679
655 0.533942 0.404848
656 0.440797 0.594427
657 0.989791 0.133439
658 0.547152 0.729491
659 0.827486 0.847366
660 0.954314 0.377434
661 0.674614 0.713638
662 0.412618 0.929732
663 0.622073 0.496623
664 0.793136 0.694667
665 0.426894 0.107450
666 0.153673 0.919816
667 0.734918 0.045746
668 0.488385 0.300691
669 0.921181 0.997364
670 0.087745 0.461766
671 0.325121 0.633480
672 0.227415 0.629737
673 0.938818 0.723875
674 0.047235 0.164184
675 0.334873 0.706896
676 0.755684 0.798273
677 0.018913 0.965203
678 0.577836 0.526405
679 0.254646 0.597410
680 0.490750 0.284890
681 0.442046 0.727996
682 0.064682 0.227537
683 0.510075 0.542682
684 0.698550 0.667110
685 0.826769 0.112929
686 0.821326 0.225274
687 0.743797 0.070224
688 0.823425 0.433862
689 0.913080 0.844204
690 0.580809 0.886740
691 0.939846 0.488188
692 0.439362 0.054231
693 0.769483 0.081537
694 0.438275 0.041026
695 0.444822 0.320314
696 0.368538 0.893673
697 0.986260 0.545219
698 0.436642 0.517047
699 0.330444 0.122239
700 0.738752 0.897184
701 0.641641 0.524882
702 0.734861 0.009337
703 0.022393 0.627416
704 0.327759 0.568516
705 0.481989 0.249551
706 0.275335 0.832225
707 0.224255 0.365514
708 0.035890 0.569890
709 0.882984 0.214073
710 0.774392 0.661924
711 0.949140 0.607192
712 0.116331 0.010006
713 0.064211 0.272251
714 0.104115 0.352635
715 0.535149 0.620361
716 0.416766 0.063364
717 0.214391 0.533021
718 0.191282 0.863851
719 0.688695 0.116206
720 0.574337 0.981687
721 0.142109 0.843919
722 0.898899 0.846724
723 0.763801 0.255574
724 0.305530 0.521526
725 0.079806 0.277329
726 0.239032 0.959589
727 0.246163 0.030073
728 0.145789 0.549371
729 0.139534 0.689309
730 0.137577 0.307746
731 0.398838 0.243481
732 0.833179 0.062850
733 0.600841 0.697215
734 0.296620 0.501115
735 0.007350 0.049196
736 0.887492 0.705120
737 0.103837 0.508249
738 0.158600 0.732253
739 0.228326 0.036715
740 0.032579 0.861122
741 0.081012 0.227798
742 0.386405 0.282645
743 0.142540 0.628673
744 0.410350 0.636329
745 0.685693 0.798342
746 0.326854 0.207293
747 0.766646 0.446579
748 0.618379 0.628149
749 0.680635 0.214903
750 0.487889 0.731075
751 0.865894 0.468588
752 0.751833 0.362567
753 0.073948 0.044646
754 0.292108 0.163030
755 0.358289 0.665154
756 0.054466 0.089702
757 0.993565 0.750767
758 0.890318 0.816531
759 0.301819 0.618468
760 0.899675 0.599638
761 0.670097 0.731143
762 0.963556 0.954656
763 0.882788 0.991292
764 0.031270 0.485589
765 0.287587 0.895885
766 0.736762 0.618295
767 0.968427 0.009058
768 0.407011 0.882634
769 0.270211 0.340420
770 0.585542 0.266484
771 0.740278 0.927910
772 0.717143 0.135584
773 0.396131 0.720598
774 0.232196 0.927168
775 0.419371 0.584627
776 0.021343 0.185911
777 0.749842 0.350482
778 0.041132 0.201602
779 0.039959 0.094638
780 0.852664 0.115017
781 0.091007 0.318329
782 0.988070 0.011340
783 0.888932 0.260217
784 0.089425 0.627287
785 0.932683 0.300362
786 0.724128 0.985562
787 0.888834 0.297369
788 0.286845 0.961101
789 0.724830 0.114420
790 0.561081 0.813567
791 0.910505 0.951027
792 0.737352 0.336898
793 0.713007 0.034172
794 0.079934 0.672602
795 0.045253 0.218185
796 0.141361 0.354308
797 0.858115 0.573429
798 0.572104 0.453461
799 0.956292 0.116609
800 0.584996 0.770390
801 0.906065 0.904571
802 0.382096 0.254640
803 0.637678 0.640956
804 0.896389 0.134668
805 0.885099 0.245692
806 0.078352 0.549542
807 0.230766 0.392937
808 0.012595 0.535856
809 0.134357 0.121113
810 0.644143 0.816888
811 0.875088 0.093997
812 0.706573 0.596882
813 0.417252 0.829480
814 0.096065 0.608447
815 0.283406 0.805721
816 0.845364 0.358477
817 0.704445 0.800036
818 0.438462 0.337317
819 0.764026 0.353494
820 0.909340 0.363749
821 0.719569 0.270621
822 0.217454 0.559438
823 0.729924 0.523210
824 0.188890 0.353932
825 0.863625 0.539667
826 0.714441 0.324001
827 0.203870 0.711981
828 0.884478 0.199970
829 0.939066 0.047295
830 0.110100 0.253907
831 0.858643 0.858642
832 0.624589 0.250919
833 0.618453 0.691640
834 0.203993 0.698115
835 0.370410 0.132845
836 0.000904 0.688752
837 0.558748 0.150657
838 0.444908 0.718961
839 0.142614 0.678832
840 0.338306 0.068535
841 0.860577 0.296254
842 0.087634 0.689180
843 0.783656 0.253676
844 0.163854 0.199331
845 0.963016 0.368085
846 0.952565 0.852406
847 0.047770 0.618414
848 0.864964 0.355688
849 0.153698 0.527445
850 0.384226 0.307093
851 0.955262 0.823819
852 0.345482 0.420817
853 0.227460 0.247654
854 0.202966 0.789265
855 0.786140 0.726863
856 0.668136 0.680470
857 0.611228 0.227749
858 0.679376 0.349117
859 0.999693 0.656646
860 0.063780 0.747958
861 0.158402 0.935117
862 0.716706 0.399893
863 0.028074 0.821819
864 0.345750 0.902651
865 0.586149 0.162792
866 0.026588 0.115255
867 0.082126 0.859288
868 0.921473 0.644935
869 0.415033 0.625928
870 0.971138 0.059016
871 0.506586 0.970108
872 0.019066 0.130161
873 0.978327 0.836907
874 0.253010 0.693799
875 0.810021 0.198207
876 0.817779 0.102240
877 0.985038 0.568837
878 0.040762 0.688345
879 0.103121 0.474827
880 0.270785 0.758424
881 0.399047 0.614668
882 0.576792 0.011499
883 0.588969 0.575988
884 0.666328 0.514399
885 0.707325 0.305092
886 0.864329 0.314089
887 0.529521 0.390347
888 0.879317 0.621387
889 0.045545 0.783694
890 0.266793 0.268390
891 0.286168 0.148451
892 0.796810 0.976346
893 0.925242 0.743714
894 0.041395 0.877622
895 0.733025 0.287948
896 0.842346 0.608288
897 0.526860 0.771371
898 0.755825 0.529199
899 0.212491 0.819986
900 0.144829 0.836000
901 0.827248 0.833578
902 0.091451 0.899382
903 0.506974 0.493971
904 0.692552 0.660611
905 0.984876 0.678043
906 0.939059 0.536379
907 0.664461 0.075911
908 0.443559 0.782165
909 0.302321 0.357892
910 0.968154 0.139729
911 0.538166 0.001827
912 0.186095 0.241591
913 0.872948 0.848914
914 0.314846 0.173471
915 0.500246 0.181083
916 0.613238 0.995628
917 0.209733 0.090942
918 0.851740 0.254933
919 0.100004 0.780465
920 0.520270 0.289988
921 0.775376 0.163162
922 0.171009 0.004670
923 0.448277 0.835238
924 0.646631 0.262760
925 0.175854 0.748097
926 0.172154 0.613047
927 0.380552 0.535241
928 0.576364 0.704443
929 0.511488 0.415900
930 0.277610 0.378826
931 0.972015 0.335419
932 0.136056 0.749645
933 0.851459 0.128307
934 0.085577 0.735500
935 0.137550 0.715643
936 0.155005 0.134399
937 0.545137 0.068677
938 0.402997 0.467343
939 0.609417 0.107240
940 0.125783 0.081627
941 0.924940 0.080489
942 0.467611 0.407569
943 0.260275 0.583931
944 0.740413 0.321938
945 0.033101 0.129401
946 0.342274 0.287181
947 0.291646 0.103581
948 0.153491 0.307624
949 0.052249 0.937213
950 0.556922 0.624120
951 0.067545 0.145720
952 0.679797 0.229012
953 0.334348 0.872614
954 0.065882 0.892101
955 0.980852 0.496783
956 0.262901 0.297648
957 0.802618 0.799502
958 0.665740 0.797073
959 0.252506 0.367171
960 0.941873 0.039126
961 0.121191 0.405781
962 0.101672 0.322073
963 0.619852 0.295502
964 0.963619 0.260147
965 0.948822 0.664190
966 0.624235 0.558602
967 0.797094 0.008125
968 0.675527 0.964495
969 0.122666 0.758771
970 0.043212 0.550403
971 0.187768 0.584263
972 0.402631 0.575361
973 0.890364 0.289566
974 0.024817 0.695627
975 0.406985 0.410651
976 0.206924 0.482477
977 0.041830 0.485771
978 0.963170 0.030829
979 0.255095 0.053104
980 0.200527 0.446052
981 0.351164 0.608727
982 0.874684 0.437613
983 0.251018 0.223895
984 0.709604 0.078270
985 0.233784 0.255657
986 0.221466 0.439115
987 0.481634 0.023924
988 0.786932 0.091937
989 0.292056 0.483057
990 0.368225 0.200288
991 0.647673 0.464973
992 0.527533 0.548807
993 0.995519 0.141283
994 0.102687 0.665572
995 0.193070 0.710615
996 0.596784 0.953522
997 0.295473 0.688880
998 0.501216 0.581959
999 0.286590 0.598570
7500
0 30
0 51
0 130
0 408
0 423
0 546
0 600
0 616
0 633
0 638
0 907
0 939
1 35
1 108
1 162
1 164
1 205
1 270
1 549
1 721
1 867
1 900
1 919
1 932
1 969
2 126
2 194
2 218
2 271
2 329
2 500
2 648
2 727
2 739
2 917
2 979
3 17
3 172
3 613
3 651
3 735
3 756
3 779
3 866
4 64
4 70
4 284
4 401
4 479
4 503
4 720
4 871
4 996
5 12
5 132
5 166
5 178
5 187
5 224
5 313
5 323
5 333
5 336
5 852
5 909
5 975
6 165
6 209
6 437
6 466
6 544
6 561
6 573
6 575
6 603
6 621
6 701
6 823
6 884
6 898
7 123
7 147
7 185
7 201
7 220
7 228
7 244
7 451
7 454
7 459
7 471
7 505
7 508
7 595
7 749
7 772
7 821
7 952
8 48
8 178
8 210
8 327
8 416
8 463
8 623
8 642
8 731
8 742
8 802
8 850
8 946
9 69
9 90
9 127
9 129
9 211
9 219
9 339
9 368
9 409
9 440
9 519
9 550
9 571
9 620
9 686
9 709
9 783
9 785
9 787
9 805
9 828
9 841
9 886
9 918
9 973
10 58
10 98
10 111
10 161
10 181
10 250
10 439
10 458
10 558
10 574
10 630
10 671
10 672
10 679
10 759
10 834
10 874
10 997
10 999
11 119
11 169
11 247
11 263
11 293
11 302
11 551
11 552
11 560
11 591
11 659
11 700
11 771
12 31
12 118
12 199
12 294
12 336
12 385
12 406
12 507
12 520
12 623
12 644
12 769
12 909
12 930
12 946
12 956
12 959
13 19
13 84
13 137
13 174
13 232
13 267
13 310
13 430
13 578
13 598
13 665
13 699
13 716
13 835
13 840
14 20
14 78
14 150
14 238
14 255
14 311
14 419
14 585
14 767
14 782
14 829
14 870
14 941
14 960
14 978
15 100
15 219
15 337
15 391
15 628
15 686
15 723
15 821
15 843
15 895
15 918
16 20
16 62
16 91
16 134
16 135
16 150
16 188
16 217
16 376
16 403
16 419
16 427
16 495
16 553
16 566
16 653
16 685
16 732
16 780
16 811
16 876
16 933
16 941
17 172
17 592
17 651
17 735
17 753
18 76
18 175
18 239
18 260
18 338
18 344
18 369
18 460
18 504
18 562
18 594
18 673
18 736
18 868
18 888
18 905
18 965
19 45
19 84
19 137
19 174
19 189
19 232
19 267
19 430
19 433
19 578
19 699
19 835
19 840
19 914
19 947
20 62
20 78
20 91
20 134
20 135
20 150
20 188
20 238
20 403
20 419
20 427
20 553
20 566
20 732
20 811
20 829
20 941
20 960
21 118
21 132
21 199
21 330
21 333
21 507
21 520
21 707
21 769
21 807
21 909
21 930
21 959
21 986
22 213
22 216
22 246
22 259
22 304
22 447
22 481
22 561
22 663
22 798
22 991
23 235
23 308
23 354
23 365
23 529
23 572
23 688
23 747
23 751
23 982
24 38
24 149
24 196
24 208
24 331
24 393
24 411
24 453
24 474
24 488
24 661
24 684
24 761
24 803
24 833
24 856
24 904
25 88
25 126
25 268
25 271
25 360
25 361
25 637
25 712
25 809
25 922
25 940
26 83
26 156
26 197
26 220
26 227
26 291
26 321
26 449
26 464
26 586
26 631
26 650
26 770
26 832
26 857
26 924
26 963
27 249
27 276
27 303
27 606
27 620
27 628
27 652
27 752
27 777
27 792
27 816
27 819
27 848
28 39
28 92
28 222
28 417
28 610
28 660
28 751
28 820
28 982
29 81
29 230
29 262
29 298
29 390
29 435
29 494
29 544
29 617
29 678
29 715
29 748
29 803
29 883
29 950
29 966
30 130
30 352
30 423
30 428
30 546
30 600
30 616
30 633
30 702
30 793
30 907
31 53
31 118
31 171
31 199
31 294
31 330
31 385
31 406
31 507
31 511
31 520
31 644
31 769
31 890
31 909
31 946
31 956
31 959
31 985
32 65
32 73
32 95
32 247
32 278
32 293
32 302
32 315
32 322
32 392
32 414
32 563
32 593
32 596
32 771
32 786
32 892
33 51
33 123
33 244
33 295
33 342
33 389
33 394
33 586
33 595
33 719
33 837
33 865
33 939
34 82
34 204
34 226
34 320
34 373
34 446
34 457
35 44
35 68
35 108
35 153
35 162
35 200
35 277
35 493
35 645
35 721
35 740
35 867
35 894
35 900
35 902
35 954
36 249
36 259
36 289
36 309
36 444
36 547
36 584
36 752
36 858
36 862
37 101
37 132
37 173
37 292
37 333
37 509
37 525
37 567
37 724
37 734
37 852
37 989
38 125
38 149
38 176
38 196
38 350
38 393
38 411
38 488
38 492
38 684
38 710
38 766
38 812
38 856
38 904
39 92
39 202
39 222
39 610
39 660
39 820
39 845
39 848
39 982
40 120
40 199
40 261
40 296
40 300
40 330
40 545
40 557
40 707
40 796
40 807
40 824
40 961
41 154
41 182
41 203
41 228
41 289
41 391
41 451
41 454
41 508
41 521
41 530
41 547
41 584
41 792
41 821
41 826
41 858
41 885
41 895
41 924
41 944
41 952
41 963
42 299
42 356
42 396
42 762
42 846
42 851
42 873
43 151
43 319
43 360
43 429
43 484
43 568
43 583
43 613
43 637
43 674
43 756
43 779
43 809
43 866
43 936
43 940
43 945
43 951
44 108
44 170
44 200
44 372
44 493
44 543
44 740
44 863
44 867
44 889
44 894
44 902
44 954
45 84
45 137
45 142
45 189
45 316
45 327
45 430
45 433
45 578
45 622
45 699
45 746
45 754
45 835
45 914
45 990
46 80
46 353
46 400
46 455
46 698
46 927
46 938
47 76
47 260
47 344
47 369
47 405
47 460
47 534
47 562
47 711
47 859
47 868
47 877
47 905
47 965
48 210
48 233
48 248
48 316
48 346
48 416
48 463
48 541
48 705
48 731
48 802
49 117
49 140
49 269
49 296
49 358
49 386
49 491
49 570
49 589
49 717
49 728
49 737
49 849
49 976
49 980
50 91
50 135
50 217
50 264
50 348
50 403
50 428
50 495
50 553
50 566
50 667
50 687
50 693
50 702
50 732
50 967
50 988
51 123
51 130
51 295
51 389
51 394
51 407
51 546
51 595
51 719
51 907
51 939
51 984
52 86
52 190
52 216
52 240
52 246
52 357
52 364
52 476
52 618
52 655
52 798
52 887
52 903
52 929
53 118
53 171
53 199
53 279
53 294
53 330
53 385
53 406
53 506
53 507
53 511
53 644
53 769
53 853
53 890
53 956
53 983
53 985
54 93
54 183
54 245
54 254
54 344
54 369
54 405
54 445
54 462
54 534
54 562
54 691
54 697
54 711
54 760
54 877
54 906
55 109
55 229
55 388
55 426
55 513
55 640
55 657
55 799
55 828
55 910
55 993
56 57
56 102
56 104
56 115
56 256
56 287
56 324
56 366
56 443
56 498
56 540
56 581
56 597
56 609
56 649
56 696
56 768
56 813
56 923
56 953
57 275
57 285
57 287
57 332
57 366
57 380
57 443
57 475
57 498
57 533
57 540
57 581
57 597
57 632
57 649
57 768
57 813
57 923
58 98
58 111
58 138
58 144
58 198
58 250
58 359
58 434
58 477
58 516
58 558
58 590
58 675
58 874
58 880
58 997
59 141
59 275
59 285
59 326
59 332
59 341
59 351
59 375
59 382
59 418
59 424
59 485
59 533
59 538
59 599
59 614
59 619
59 625
59 632
59 790
59 800
59 897
60 125
60 165
60 176
60 273
60 350
60 492
60 573
60 621
60 766
60 812
60 823
60 898
61 72
61 168
61 239
61 431
61 496
61 577
61 664
61 855
62 91
62 134
62 135
62 150
62 188
62 217
62 376
62 403
62 419
62 427
62 495
62 566
62 653
62 685
62 732
62 780
62 811
62 876
62 933
62 941
63 87
63 146
63 237
63 268
63 378
63 527
63 531
63 639
63 844
63 912
63 936
64 380
64 503
64 871
65 73
65 95
65 278
65 293
65 315
65 322
65 392
65 414
65 563
65 593
65 596
65 771
65 786
65 892
66 141
66 307
66 387
66 474
66 658
66 733
66 748
66 803
66 833
66 928
67 143
67 257
67 494
67 602
67 617
67 683
67 715
67 950
67 992
67 998
68 162
68 205
68 253
68 277
68 306
68 549
68 666
68 718
68 721
68 899
68 900
69 100
69 127
69 129
69 211
69 219
69 368
69 409
69 440
69 519
69 550
69 571
69 620
69 686
69 709
69 783
69 787
69 805
69 828
69 841
69 886
69 918
69 973
70 124
70 284
70 401
70 479
70 503
70 720
70 871
70 916
70 996
71 107
71 131
71 148
71 214
71 343
71 377
71 512
71 608
71 682
71 713
71 725
71 741
71 778
71 781
71 795
71 830
72 168
72 175
72 239
72 338
72 431
72 496
72 577
72 664
72 710
72 736
72 855
73 95
73 278
73 293
73 315
73 322
73 392
73 414
73 563
73 593
73 596
73 786
73 892
74 85
74 97
74 128
74 280
74 317
74 410
74 556
74 662
75 145
75 270
75 397
75 514
75 634
75 729
75 743
75 784
75 794
75 814
75 839
75 842
75 935
75 994
76 260
76 344
76 369
76 460
76 504
76 534
76 562
76 594
76 673
76 711
76 859
76 868
76 905
76 965
77 117
77 161
77 193
77 358
77 439
77 458
77 570
77 672
77 679
77 717
77 728
77 822
77 849
77 926
77 943
77 971
78 114
78 150
78 188
78 238
78 255
78 311
78 370
78 419
78 585
78 767
78 782
78 799
78 829
78 870
78 941
78 960
78 978
79 103
79 122
79 145
79 347
79 367
79 383
79 502
79 539
79 703
79 836
79 847
79 878
79 974
80 173
80 195
80 236
80 290
80 442
80 509
80 567
80 605
80 607
80 646
80 698
80 704
80 927
80 938
80 972
81 230
81 262
81 298
81 364
81 390
81 435
81 447
81 494
81 544
81 617
81 663
81 678
81 701
81 883
81 966
81 992
82 204
82 320
82 377
82 457
83 156
83 220
83 228
83 244
83 454
83 459
83 505
83 508
83 586
83 631
83 749
83 770
83 832
83 857
83 865
83 924
83 952
84 137
84 174
84 189
84 267
84 430
84 433
84 500
84 578
84 699
84 754
84 835
84 840
84 891
84 914
84 947
85 97
85 102
85 128
85 163
85 498
85 649
85 662
85 696
85 768
85 864
86 152
86 216
86 240
86 246
86 283
86 357
86 618
86 655
86 798
86 887
86 929
87 105
87 146
87 237
87 279
87 378
87 415
87 484
87 506
87 527
87 531
87 639
87 830
87 844
87 912
88 361
88 592
88 651
88 712
88 753
88 922
88 940
89 140
89 155
89 160
89 242
89 269
89 314
89 386
89 420
89 450
89 483
89 486
89 522
89 554
89 576
89 636
89 654
89 708
89 737
89 764
89 806
89 808
89 970
89 977
90 339
90 368
90 402
90 409
90 440
90 555
90 569
90 783
90 785
90 787
90 805
90 964
90 973
91 134
91 135
91 188
91 217
91 376
91 403
91 427
91 495
91 553
91 566
91 653
91 685
91 732
91 780
91 811
91 876
91 933
91 988
92 206
92 207
92 312
92 374
92 610
92 624
92 660
92 845
93 183
93 245
93 254
93 282
93 344
93 369
93 405
93 462
93 534
93 562
93 691
93 697
93 711
93 760
93 797
93 825
93 877
93 906
94 120
94 226
94 325
94 446
94 491
94 545
94 557
94 579
94 670
94 714
94 796
94 879
94 961
95 136
95 247
95 278
95 302
95 315
95 414
95 478
95 560
95 563
95 593
95 596
95 647
95 700
95 771
95 786
95 968
96 113
96 144
96 164
96 359
96 441
96 487
96 516
96 536
96 549
96 601
96 706
96 815
96 854
96 880
96 899
97 280
97 662
98 111
98 181
98 198
98 250
98 439
98 473
98 558
98 574
98 604
98 630
98 671
98 672
98 679
98 759
98 874
98 943
98 997
98 999
99 212
99 299
99 349
99 363
99 398
99 469
99 587
99 689
99 722
99 758
99 846
99 851
99 873
99 893
100 129
100 219
100 276
100 337
100 391
100 519
100 550
100 606
100 620
100 628
100 686
100 723
100 841
100 843
100 886
100 918
101 589
101 717
101 734
101 976
101 980
101 986
101 989
102 115
102 163
102 256
102 324
102 366
102 498
102 649
102 662
102 696
102 765
102 768
102 864
102 953
103 122
103 145
103 155
103 160
103 192
103 314
103 347
103 420
103 539
103 703
103 708
103 808
103 847
103 970
104 115
104 133
104 256
104 287
104 324
104 366
104 434
104 540
104 590
104 609
104 627
104 813
105 107
105 131
105 319
105 343
105 378
105 415
105 484
105 568
105 608
105 639
105 682
105 713
105 725
105 741
105 795
105 830
105 844
106 110
106 158
106 159
106 167
106 232
106 265
106 288
106 425
106 461
106 480
106 580
106 615
106 626
106 665
106 692
106 694
106 716
107 131
107 300
107 343
107 470
107 608
107 713
107 714
107 725
107 730
107 781
107 796
107 830
107 948
107 962
108 162
108 200
108 205
108 372
108 543
108 721
108 740
108 863
108 867
108 894
108 900
108 902
108 919
108 954
109 229
109 370
109 388
109 426
109 640
109 657
109 799
109 910
109 993
110 159
110 265
110 381
110 425
110 448
110 452
110 480
110 489
110 615
110 626
110 837
110 937
111 198
111 250
111 473
111 558
111 574
111 604
111 630
111 671
111 675
111 755
111 759
111 874
111 997
111 999
112 221
112 278
112 293
112 315
112 322
112 392
112 551
112 563
112 763
112 892
113 115
113 306
113 324
113 487
113 536
113 601
113 706
113 765
113 815
113 899
114 255
114 311
114 370
114 388
114 657
114 799
114 829
114 870
114 910
114 941
114 960
114 978
114 993
115 256
115 324
115 366
115 540
115 601
115 609
115 627
115 649
115 696
115 706
115 765
115 815
115 864
115 953
116 136
116 247
116 258
116 302
116 478
116 560
116 582
116 647
116 700
116 771
117 140
117 193
117 242
117 269
117 358
117 386
117 450
117 486
117 554
117 570
117 717
117 728
117 737
117 822
117 849
117 926
117 971
118 199
118 294
118 330
118 385
118 406
118 507
118 511
118 520
118 707
118 769
118 807
118 824
118 890
118 909
118 930
118 956
118 959
119 169
119 243
119 263
119 398
119 465
119 469
119 532
119 551
119 552
119 591
119 659
119 722
119 801
119 831
119 901
119 913
120 261
120 296
120 300
120 325
120 491
120 545
120 557
120 589
120 707
120 796
120 807
120 824
120 961
120 980
120 986
121 190
121 240
121 364
121 390
121 435
121 494
121 617
121 678
121 683
121 903
121 992
121 998
122 145
122 347
122 367
122 383
122 502
122 514
122 539
122 703
122 794
122 836
122 842
122 847
122 878
122 974
123 185
123 201
123 244
123 295
123 389
123 394
123 471
123 472
123 595
123 719
123 749
123 772
123 789
124 272
124 479
124 720
124 916
124 996
125 176
125 350
125 393
125 411
125 488
125 492
125 573
125 684
125 710
125 766
125 812
125 904
126 218
126 268
126 271
126 360
126 361
126 531
126 637
126 739
126 809
126 917
126 936
126 940
127 129
127 202
127 222
127 339
127 368
127 409
127 440
127 519
127 550
127 569
127 606
127 620
127 783
127 785
127 787
127 816
127 820
127 841
127 848
127 886
127 918
127 973
128 163
128 231
128 252
128 317
128 410
128 413
128 556
128 788
129 202
129 219
129 339
129 368
129 409
129 440
129 519
129 550
129 571
129 620
129 783
129 785
129 787
129 805
129 841
129 886
129 918
129 973
130 352
130 407
130 423
130 428
130 546
130 600
130 616
130 633
130 667
130 702
130 793
130 907
130 984
131 343
131 470
131 608
131 713
131 714
131 725
131 730
131 741
131 781
131 830
131 948
131 962
132 173
132 292
132 333
132 525
132 567
132 852
132 909
132 930
132 989
133 186
133 287
133 335
133 340
133 362
133 422
133 434
133 523
133 540
133 548
133 681
133 773
133 838
133 908
134 150
134 188
134 376
134 403
134 419
134 427
134 495
134 517
134 566
134 653
134 685
134 732
134 780
134 804
134 811
134 876
134 933
134 941
135 217
135 403
135 427
135 495
135 553
135 566
135 732
135 967
136 247
136 302
136 395
136 456
136 478
136 515
136 560
136 564
136 582
136 647
136 700
136 771
137 189
137 267
137 430
137 433
137 578
137 699
137 746
137 754
137 835
137 891
137 914
137 947
137 990
138 144
138 198
138 359
138 434
138 477
138 558
138 590
138 627
138 675
138 874
138 880
138 997
139 164
139 359
139 441
139 634
139 729
139 738
139 827
139 834
139 839
139 854
139 925
139 932
139 935
139 969
139 995
140 160
140 242
140 269
140 358
140 386
140 420
140 450
140 483
140 486
140 491
140 522
140 554
140 570
140 576
140 728
140 737
140 806
140 849
140 879
140 970
141 286
141 297
141 307
141 326
141 351
141 485
141 535
141 599
141 625
141 641
141 658
141 733
141 790
141 800
141 897
141 928
142 171
142 327
142 412
142 433
142 622
142 746
142 754
142 802
142 914
142 946
142 990
143 602
143 656
143 683
143 698
143 775
143 869
143 972
143 998
144 359
144 441
144 477
144 487
144 516
144 558
144 601
144 706
144 815
144 854
144 880
144 899
145 160
145 192
145 314
145 347
145 367
145 397
145 420
145 486
145 502
145 539
145 703
145 708
145 784
145 794
145 814
145 842
145 847
145 878
145 974
145 994
146 237
146 279
146 378
146 506
146 527
146 531
146 639
146 844
146 853
146 912
146 983
146 985
147 185
147 201
147 220
147 228
147 244
147 337
147 391
147 451
147 454
147 459
147 471
147 505
147 508
147 723
147 749
147 821
147 952
148 214
148 377
148 512
148 682
148 776
148 778
148 795
149 168
149 196
149 331
149 393
149 411
149 431
149 453
149 488
149 577
149 661
149 684
149 710
149 761
149 856
149 904
150 188
150 238
150 255
150 403
150 419
150 427
150 585
150 767
150 811
150 829
150 870
150 941
150 960
150 978
151 429
151 568
151 613
151 674
151 756
151 779
151 866
151 872
151 945
151 951
152 179
152 283
152 291
152 449
152 464
152 530
152 618
152 650
152 655
152 887
153 162
153 200
153 234
153 253
153 277
153 497
153 524
153 645
153 666
153 861
153 902
153 949
153 954
154 182
154 203
154 220
154 228
154 291
154 449
154 451
154 454
154 459
154 464
154 505
154 508
154 521
154 530
154 631
154 650
154 770
154 821
154 832
154 857
154 885
154 924
154 952
154 963
155 160
155 192
155 314
155 347
155 420
155 483
155 539
155 703
155 708
155 806
155 808
155 847
155 970
156 197
156 227
156 248
156 321
156 346
156 384
156 541
156 586
156 631
156 770
156 837
156 857
156 865
156 915
157 211
157 685
157 686
157 875
157 921
157 933
158 266
158 274
158 281
158 288
158 305
158 381
158 425
158 461
158 480
158 489
158 615
158 626
158 692
158 694
158 716
158 987
159 167
159 316
159 425
159 480
159 580
159 615
159 665
159 915
160 192
160 242
160 314
160 347
160 420
160 450
160 483
160 486
160 554
160 703
160 708
160 784
160 806
160 808
160 814
160 847
160 970
161 181
161 193
161 250
161 439
161 458
161 630
161 672
161 679
161 743
161 834
161 926
161 971
162 200
162 253
162 277
162 645
162 666
162 721
162 861
162 867
162 900
162 902
162 954
163 231
163 252
163 317
163 410
163 413
163 556
163 588
163 696
163 765
163 788
163 864
163 953
164 205
164 359
164 441
164 487
164 516
164 549
164 738
164 827
164 854
164 899
164 900
164 925
164 932
164 935
164 969
164 995
165 176
165 209
165 273
165 437
165 529
165 573
165 575
165 621
165 812
165 823
165 898
166 178
166 187
166 313
166 323
166 336
166 463
166 499
166 526
166 623
166 642
166 695
166 742
166 818
166 850
166 946
167 232
167 288
167 316
167 425
167 480
167 580
167 615
167 665
167 692
167 694
167 716
167 835
168 196
168 393
168 431
168 577
168 664
168 710
168 855
169 241
169 263
169 398
169 532
169 551
169 552
169 591
169 659
169 831
169 901
169 913
169 957
170 493
170 677
170 740
170 894
170 949
170 954
171 294
171 327
171 412
171 622
171 623
171 644
171 746
171 890
171 946
171 956
171 983
172 592
172 613
172 651
172 735
172 753
172 756
172 779
173 292
173 509
173 525
173 567
173 724
173 734
173 852
173 927
173 938
173 989
174 194
174 267
174 500
174 578
174 598
174 648
174 699
174 840
174 947
174 979
175 239
175 338
175 490
175 504
175 562
175 736
175 868
175 888
175 896
176 273
176 350
176 393
176 488
176 492
176 573
176 621
176 710
176 766
176 812
176 898
177 217
177 334
177 348
177 352
177 376
177 407
177 472
177 495
177 518
177 667
177 685
177 687
177 693
177 732
177 772
177 789
177 876
177 921
177 984
177 988
178 313
178 323
178 327
178 336
178 463
178 499
178 623
178 642
178 644
178 695
178 742
178 802
178 818
178 850
178 946
179 197
179 233
179 283
179 291
179 321
179 421
179 438
179 449
179 464
179 530
179 631
179 650
179 668
179 680
179 770
179 920
179 963
180 234
180 253
180 328
180 497
180 524
180 612
180 666
180 726
180 861
181 193
181 250
181 439
181 574
181 630
181 672
181 827
181 834
181 874
181 995
182 203
182 228
182 291
182 449
182 451
182 454
182 464
182 508
182 521
182 530
182 547
182 631
182 650
182 770
182 832
182 858
182 924
182 963
183 206
183 207
183 235
183 254
183 282
183 308
183 354
183 417
183 691
183 751
183 825
183 906
184 367
184 383
184 468
184 643
184 836
184 860
184 878
184 889
184 974
185 201
185 244
185 471
185 472
185 505
185 595
185 749
185 772
185 789
185 921
185 952
186 287
186 335
186 340
186 345
186 362
186 422
186 432
186 434
186 548
186 681
186 773
186 838
186 908
187 224
187 225
187 292
187 313
187 323
187 353
187 379
187 400
187 499
187 526
187 852
187 938
187 975
188 370
188 376
188 388
188 403
188 419
188 427
188 517
188 640
188 653
188 780
188 799
188 804
188 811
188 829
188 933
188 941
188 960
189 251
189 267
189 430
189 433
189 500
189 578
189 699
189 746
189 754
189 835
189 891
189 914
189 947
189 990
190 240
190 364
190 390
190 435
190 494
190 678
190 683
190 903
190 992
191 241
191 398
191 496
191 532
191 542
191 659
191 758
191 831
191 901
191 913
191 957
192 314
192 347
192 420
192 483
192 539
192 703
192 708
192 808
192 847
192 970
193 439
193 458
193 630
193 672
193 679
193 743
193 822
193 926
193 943
193 971
194 218
194 329
194 500
194 598
194 648
194 699
194 727
194 739
194 840
194 891
194 917
194 947
194 979
195 236
195 290
195 442
195 509
195 559
195 605
195 607
195 646
195 704
195 775
195 881
195 927
195 972
195 981
196 331
196 393
196 411
196 431
196 453
196 577
196 661
196 664
196 684
196 710
196 855
196 904
197 227
197 233
197 248
197 291
197 321
197 449
197 464
197 541
197 631
197 650
197 680
197 770
197 857
197 920
198 345
198 362
198 434
198 477
198 558
198 574
198 590
198 604
198 671
198 675
198 755
198 874
198 997
199 294
199 330
199 385
199 406
199 507
199 511
199 520
199 707
199 769
199 807
199 824
199 909
199 930
199 956
199 959
200 277
200 493
200 645
200 666
200 721
200 740
200 867
200 894
200 902
200 949
200 954
201 244
201 337
201 454
201 459
201 471
201 505
201 723
201 749
201 772
201 821
201 921
201 952
202 222
202 339
202 368
202 440
202 569
202 606
202 610
202 620
202 785
202 787
202 816
202 820
202 841
202 848
202 886
202 973
203 228
203 289
203 309
203 391
203 451
203 454
203 508
203 521
203 530
203 547
203 584
203 792
203 821
203 826
203 858
203 885
203 895
203 924
203 944
203 963
204 226
204 320
204 373
204 446
204 457
204 579
205 549
205 718
205 721
205 854
205 899
205 900
205 925
205 969
206 207
206 245
206 254
206 374
206 445
206 537
206 624
206 691
206 697
206 906
206 955
207 245
207 254
207 374
207 417
207 445
207 537
207 624
207 691
207 906
207 955
208 286
208 318
208 331
208 371
208 399
208 453
208 599
208 641
208 661
208 733
208 745
208 761
208 833
208 856
208 958
209 437
209 466
209 529
209 561
209 573
209 575
209 603
209 621
209 701
209 823
209 884
209 898
209 991
210 233
210 248
210 416
210 421
210 438
210 463
210 499
210 526
210 642
210 668
210 680
210 695
210 705
210 731
210 742
210 818
210 850
210 920
211 219
211 229
211 426
211 513
211 517
211 519
211 571
211 640
211 686
211 709
211 783
211 804
211 805
211 828
211 875
211 918
212 260
212 349
212 363
212 504
212 594
212 673
212 757
212 893
213 216
213 246
213 304
213 364
213 447
213 481
213 561
213 663
213 798
213 991
214 319
214 415
214 429
214 512
214 568
214 674
214 682
214 713
214 741
214 776
214 778
214 795
215 458
215 528
215 559
215 646
215 679
215 704
215 717
215 724
215 734
215 822
215 943
215 989
215 999
216 246
216 283
216 304
216 481
216 618
216 655
216 798
216 991
217 264
217 334
217 348
217 376
217 403
217 427
217 495
217 518
217 566
217 667
217 685
217 687
217 693
217 732
217 876
217 967
217 988
218 251
218 268
218 271
218 329
218 360
218 531
218 637
218 739
218 917
218 936
218 979
219 337
219 368
219 519
219 550
219 571
219 620
219 686
219 709
219 723
219 783
219 805
219 841
219 843
219 875
219 918
220 228
220 244
220 451
220 454
220 459
220 505
220 508
220 521
220 586
220 631
220 749
220 832
220 857
220 924
220 952
221 293
221 392
221 436
221 465
221 551
221 669
221 763
221 791
222 440
222 606
222 610
222 620
222 787
222 816
222 820
222 841
222 848
222 886
223 301
223 312
223 339
223 402
223 555
223 569
223 660
223 785
223 845
223 931
224 225
224 292
224 313
224 323
224 353
224 379
224 400
224 455
224 499
224 526
224 852
224 938
224 942
224 975
225 353
225 355
225 357
225 379
225 400
225 455
225 476
225 526
225 929
225 942
225 975
226 373
226 446
226 510
226 522
226 636
226 670
226 764
226 977
227 321
227 342
227 346
227 384
227 541
227 586
227 837
227 857
227 865
227 915
228 244
228 451
228 454
228 459
228 505
228 508
228 521
228 631
228 749
228 821
228 832
228 857
228 924
228 952
228 963
229 388
229 426
229 513
229 517
229 571
229 640
229 709
229 804
229 805
229 828
229 910
230 262
230 298
230 387
230 474
230 544
230 617
230 715
230 748
230 803
230 883
230 950
230 966
231 252
231 317
231 410
231 413
231 556
231 588
231 612
231 726
231 774
231 788
232 267
232 288
232 310
232 425
232 461
232 480
232 580
232 665
232 692
232 694
232 716
232 835
232 840
233 248
233 321
233 346
233 416
233 421
233 438
233 541
233 668
233 680
233 705
233 920
234 253
234 277
234 328
234 497
234 524
234 612
234 645
234 666
234 861
235 282
235 308
235 354
235 365
235 417
235 572
235 751
235 797
235 825
236 290
236 442
236 605
236 607
236 629
236 646
236 656
236 704
236 744
236 775
236 869
236 881
236 927
236 972
236 981
237 251
237 279
237 506
237 527
237 531
237 844
237 853
237 912
237 983
237 985
238 255
238 311
238 419
238 585
238 767
238 782
238 829
238 870
238 941
238 960
238 978
239 338
239 496
239 504
239 736
240 246
240 357
240 364
240 476
240 655
240 798
240 903
240 929
240 942
241 398
241 532
241 542
241 552
241 565
241 635
241 659
241 758
241 831
241 901
241 913
241 957
242 269
242 358
242 386
242 397
242 420
242 450
242 486
242 554
242 570
242 728
242 737
242 743
242 806
242 814
242 849
242 926
242 971
243 299
243 356
243 396
243 398
243 465
243 469
243 532
243 552
243 587
243 689
243 722
243 758
243 801
243 831
243 846
243 913
244 295
244 389
244 394
244 454
244 459
244 471
244 505
244 586
244 595
244 749
244 857
244 952
245 254
245 374
245 405
245 445
245 537
245 624
245 691
245 697
245 877
245 906
245 955
246 357
246 364
246 618
246 655
246 798
246 887
246 929
247 302
247 315
247 478
247 560
247 582
247 591
247 593
247 596
247 647
247 700
247 771
247 786
247 968
248 321
248 346
248 384
248 416
248 438
248 541
248 668
248 680
248 705
248 915
248 920
249 259
249 303
249 309
249 444
249 529
249 584
249 652
249 747
249 752
249 777
249 792
249 819
249 862
250 439
250 558
250 574
250 630
250 672
250 679
250 827
250 834
250 874
250 995
250 997
251 329
251 433
251 500
251 754
251 891
251 914
251 947
252 317
252 410
252 413
252 556
252 588
252 612
252 726
252 765
252 774
252 788
253 277
253 328
253 497
253 524
253 612
253 645
253 666
253 718
253 774
253 861
254 374
254 445
254 537
254 624
254 691
254 697
254 877
254 906
254 955
255 311
255 370
255 419
255 585
255 767
255 782
255 799
255 829
255 870
255 941
255 960
255 978
256 324
256 366
256 498
256 540
256 609
256 627
256 649
256 696
256 706
256 765
256 768
256 864
256 953
257 297
257 307
257 432
257 535
257 611
257 715
257 950
258 318
258 371
258 467
258 565
258 582
258 635
258 647
258 676
258 745
258 810
258 817
258 958
259 304
259 309
259 437
259 444
259 466
259 481
259 529
259 561
259 603
259 862
259 991
260 369
260 460
260 504
260 562
260 594
260 673
260 736
260 859
260 868
260 893
260 905
260 965
261 296
261 491
261 545
261 557
261 589
261 707
261 807
261 824
261 961
261 976
261 980
261 986
262 298
262 350
262 387
262 474
262 544
262 748
262 803
262 883
262 966
263 293
263 551
263 552
263 560
263 591
263 659
263 700
263 831
263 901
264 334
264 348
264 352
264 407
264 428
264 518
264 600
264 616
264 667
264 687
264 693
264 702
264 793
264 967
264 984
265 288
265 381
265 425
265 448
265 452
265 480
265 489
265 615
265 626
265 837
265 937
266 274
266 281
266 288
266 305
266 425
266 461
266 480
266 489
266 626
266 692
266 694
266 911
266 987
267 430
267 500
267 578
267 598
267 699
267 835
267 840
267 947
268 271
268 360
268 527
268 531
268 583
268 637
268 809
268 917
268 936
268 940
269 325
269 358
269 386
269 450
269 491
269 522
269 554
269 570
269 576
269 670
269 728
269 737
269 806
269 849
269 879
270 468
270 514
270 634
270 643
270 729
270 738
270 794
270 839
270 842
270 860
270 919
270 925
270 932
270 934
270 935
270 969
271 360
271 361
271 637
271 739
271 917
271 922
271 936
271 940
272 395
272 414
272 456
272 478
272 515
272 593
272 596
272 786
272 916
272 968
272 996
273 573
273 575
273 621
273 766
273 812
273 823
273 898
274 288
274 305
274 381
274 489
274 626
274 638
274 882
274 911
274 937
274 987
275 285
275 326
275 332
275 375
275 380
275 418
275 443
275 475
275 485
275 523
275 533
275 548
275 597
275 614
275 632
275 790
275 897
275 908
275 923
276 303
276 606
276 620
276 628
276 652
276 752
276 777
276 792
276 816
276 819
276 848
276 886
276 944
277 524
277 645
277 666
277 721
277 861
277 867
277 900
277 902
277 954
278 293
278 315
278 322
278 392
278 551
278 563
278 591
278 593
278 771
278 786
278 892
279 294
279 406
279 506
279 511
279 853
279 890
279 912
279 956
279 983
279 985
280 404
280 871
281 288
281 310
281 461
281 480
281 626
281 692
281 694
281 716
281 987
282 354
282 462
282 490
282 760
282 797
282 825
282 888
282 896
283 449
283 464
283 530
283 547
283 618
283 963
284 395
284 401
284 424
284 503
284 564
284 619
284 690
284 996
285 326
285 332
285 375
285 380
285 418
285 424
285 443
285 475
285 485
285 533
285 581
285 597
285 614
285 619
285 632
285 790
285 923
286 318
286 341
286 382
286 399
286 538
286 599
286 625
286 641
286 733
286 761
286 800
286 810
286 833
286 928
286 958
287 340
287 366
287 422
287 443
287 498
287 523
287 540
287 581
287 597
287 609
287 649
287 813
287 908
287 923
288 305
288 381
288 425
288 461
288 480
288 489
288 615
288 626
288 665
288 692
288 694
288 716
288 987
289 309
289 444
289 530
289 547
289 584
289 792
289 826
289 858
289 862
289 885
290 442
290 509
290 559
290 605
290 607
290 629
290 646
290 656
290 704
290 744
290 775
290 869
290 881
290 927
290 972
290 981
291 449
291 464
291 521
291 530
291 631
291 650
291 770
291 832
291 857
291 920
291 924
291 963
292 333
292 525
292 567
292 852
292 938
292 975
293 315
293 322
293 392
293 551
293 563
293 591
293 892
294 330
294 385
294 406
294 506
294 507
294 511
294 520
294 644
294 769
294 853
294 890
294 956
294 983
294 985
295 342
295 389
295 394
295 471
295 472
295 586
295 595
295 719
295 772
295 907
295 939
296 325
296 491
296 545
296 557
296 589
296 961
296 976
296 980
296 986
297 307
297 335
297 351
297 418
297 422
297 432
297 535
297 548
297 611
297 658
297 681
297 750
297 838
297 897
298 390
298 435
298 494
298 544
298 617
298 678
298 701
298 748
298 883
298 950
298 966
299 356
299 363
299 396
299 398
299 469
299 587
299 689
299 722
299 758
299 801
299 846
299 851
299 873
299 913
300 470
300 557
300 714
300 730
300 781
300 796
300 824
300 948
300 961
300 962
301 312
301 402
301 555
301 569
301 610
301 660
301 845
301 931
302 315
302 478
302 560
302 582
302 591
302 593
302 596
302 647
302 700
302 771
302 786
303 309
303 444
303 584
303 606
303 628
303 652
303 747
303 752
303 777
303 792
303 819
303 862
303 944
304 447
304 466
304 481
304 561
304 603
304 663
304 701
304 798
304 884
304 991
305 381
305 461
305 489
305 626
305 638
305 882
305 911
305 937
305 987
306 536
306 549
306 588
306 612
306 718
306 765
306 774
306 899
307 351
307 432
307 535
307 611
307 658
307 733
307 750
307 928
308 354
308 365
308 417
308 572
308 688
308 751
308 982
309 444
309 547
309 584
309 628
309 652
309 752
309 777
309 792
309 819
309 826
309 858
309 862
309 885
309 944
310 598
310 694
310 716
310 840
311 419
311 585
311 767
311 782
311 829
311 870
311 960
311 978
312 610
312 660
312 845
312 931
313 323
313 336
313 379
313 499
313 526
313 623
313 818
313 850
313 852
313 975
314 347
314 420
314 483
314 486
314 539
314 703
314 708
314 784
314 806
314 808
314 814
314 847
314 970
315 322
315 392
315 551
315 563
315 591
315 593
315 771
315 786
315 892
316 346
316 416
316 580
316 665
316 835
316 990
317 410
317 413
317 556
317 788
318 331
318 371
318 399
318 453
318 467
318 641
318 661
318 745
318 761
318 810
318 817
318 958
319 378
319 415
319 429
319 484
319 568
319 583
319 639
319 674
319 682
319 741
319 776
319 778
319 795
319 951
320 457
321 346
321 384
321 416
321 541
321 668
321 680
321 705
321 915
321 920
322 392
322 551
322 563
322 591
322 771
322 786
322 892
323 336
323 379
323 463
323 499
323 526
323 623
323 642
323 695
323 742
323 818
323 850
323 946
324 366
324 540
324 601
324 609
324 627
324 649
324 706
324 815
324 953
325 446
325 491
325 522
325 545
325 557
325 576
325 579
325 670
325 737
325 879
325 961
326 332
326 341
326 351
326 375
326 382
326 418
326 424
326 485
326 533
326 538
326 599
326 614
326 619
326 625
326 632
326 658
326 790
326 800
326 897
327 412
327 622
327 623
327 642
327 731
327 742
327 746
327 802
327 850
327 946
327 990
328 497
328 524
328 612
328 666
328 726
328 774
328 861
329 500
329 531
329 648
329 754
329 891
329 917
329 947
329 979
330 385
330 406
330 507
330 511
330 520
330 707
330 769
330 807
330 824
330 930
330 956
330 959
331 371
331 399
331 431
331 453
331 467
331 577
331 661
331 676
331 745
331 761
331 817
332 375
332 380
332 418
332 424
332 443
332 475
332 485
332 523
332 533
332 597
332 614
332 619
332 632
332 790
332 897
332 923
333 336
333 520
333 525
333 852
333 909
333 930
334 348
334 352
334 407
334 428
334 472
334 518
334 546
334 616
334 667
334 687
334 693
334 702
334 719
334 772
334 789
334 793
334 984
334 988
335 340
335 422
335 432
335 523
335 535
335 548
335 611
335 681
335 750
335 773
335 838
335 908
336 507
336 520
336 623
336 644
336 769
336 852
336 909
336 930
336 946
337 391
337 686
337 723
337 821
337 843
337 875
337 895
338 490
338 504
338 562
338 736
338 868
338 888
338 896
339 368
339 402
339 409
339 440
339 555
339 569
339 610
339 783
339 785
339 787
339 820
339 841
339 845
339 886
339 931
339 964
339 973
340 418
340 422
340 443
340 523
340 540
340 548
340 681
340 750
340 773
340 813
340 838
340 908
340 923
341 382
341 399
341 485
341 538
341 599
341 619
341 625
341 641
341 790
341 800
341 810
341 958
342 389
342 394
342 448
342 452
342 586
342 837
342 865
342 939
343 377
343 470
343 608
343 682
343 713
343 714
343 725
343 730
343 741
343 781
343 830
343 948
343 962
344 369
344 405
344 460
344 462
344 490
344 534
344 562
344 711
344 760
344 868
344 888
344 965
345 362
345 434
345 604
345 629
345 675
345 681
345 744
345 755
345 773
345 838
345 869
345 881
346 384
346 416
346 541
346 705
346 915
347 367
347 397
347 420
347 502
347 539
347 703
347 708
347 784
347 794
347 814
347 842
347 847
347 878
347 974
347 994
348 352
348 407
348 428
348 495
348 518
348 566
348 667
348 687
348 693
348 702
348 732
348 789
348 793
348 876
348 967
348 984
348 988
349 363
349 594
349 673
349 757
349 893
350 393
350 411
350 488
350 492
350 544
350 573
350 621
350 684
350 766
350 803
350 812
350 904
351 418
351 535
351 548
351 599
351 614
351 625
351 658
351 750
351 800
351 897
351 928
352 407
352 423
352 428
352 518
352 546
352 600
352 616
352 667
352 687
352 693
352 702
352 789
352 793
352 907
352 984
353 400
353 455
353 476
353 938
353 942
353 975
354 365
354 417
354 572
354 688
354 751
354 825
354 982
355 379
355 421
355 438
355 499
355 526
355 668
355 680
355 695
355 818
355 887
355 929
355 942
356 363
356 396
356 469
356 587
356 689
356 722
356 801
356 846
356 851
356 873
357 400
357 476
357 618
357 655
357 798
357 887
357 903
357 929
357 942
358 386
358 570
358 717
358 728
358 822
358 849
358 971
358 976
359 441
359 477
359 487
359 516
359 558
359 601
359 815
359 827
359 854
359 874
359 880
359 899
359 925
359 995
360 361
360 637
360 809
360 917
360 936
360 940
361 637
361 712
361 753
361 922
361 940
362 434
362 604
362 629
362 675
362 755
362 773
363 469
363 587
363 689
363 722
363 758
363 846
363 851
363 873
364 390
364 435
364 447
364 494
364 663
364 678
364 798
364 903
364 992
365 572
365 688
365 747
365 751
365 982
366 498
366 540
366 581
366 597
366 609
366 649
366 696
366 768
366 813
366 864
366 923
366 953
367 383
367 502
367 514
367 539
367 643
367 703
367 794
367 836
367 842
367 847
367 878
367 974
368 409
368 440
368 519
368 550
368 569
368 571
368 620
368 709
368 783
368 785
368 787
368 805
368 841
368 886
368 918
368 973
369 405
369 460
369 462
369 534
369 562
369 711
369 760
369 859
369 868
369 877
369 888
369 965
370 388
370 426
370 640
370 657
370 799
370 829
370 870
370 910
370 941
370 993
371 399
371 453
371 467
371 641
371 676
371 745
371 761
371 810
371 817
371 958
372 493
372 543
372 740
372 863
372 867
372 889
372 894
372 954
373 510
373 522
373 576
373 636
373 654
373 670
373 764
373 977
374 445
374 537
374 624
374 691
374 955
375 380
375 382
375 418
375 424
375 443
375 475
375 485
375 523
375 533
375 538
375 614
375 619
375 625
375 632
375 790
375 897
376 403
376 427
376 495
376 517
376 566
376 653
376 685
376 693
376 732
376 780
376 804
376 811
376 876
376 933
376 988
377 512
377 682
377 713
377 725
377 795
378 415
378 484
378 506
378 527
378 608
378 639
378 741
378 830
378 844
378 912
379 400
379 421
379 499
379 526
379 695
379 818
379 942
379 975
380 424
380 443
380 475
380 533
380 581
380 597
380 614
380 632
380 923
381 408
381 448
381 489
381 615
381 626
381 638
381 882
381 911
381 937
381 987
382 424
382 485
382 538
382 564
382 599
382 619
382 625
382 690
382 790
382 800
382 810
383 468
383 502
383 514
383 643
383 794
383 836
383 842
383 860
383 878
383 889
383 934
383 974
384 416
384 541
384 837
384 915
385 406
385 507
385 511
385 520
385 644
385 707
385 769
385 890
385 909
385 930
385 956
385 959
385 985
386 450
386 486
386 491
386 554
386 570
386 576
386 728
386 737
386 806
386 849
386 879
387 474
387 733
387 748
387 803
387 833
387 856
387 928
387 950
388 426
388 513
388 640
388 657
388 799
388 804
388 910
388 941
388 993
389 394
389 472
389 595
389 719
389 772
389 789
389 907
389 939
389 984
390 435
390 447
390 494
390 617
390 663
390 678
390 683
390 701
390 798
390 883
390 966
390 992
391 451
391 505
391 584
391 628
391 652
391 723
391 792
391 821
391 826
391 843
391 885
391 895
391 944
392 563
392 763
392 892
393 411
393 488
393 492
393 577
393 684
393 710
393 766
393 812
393 856
393 904
394 586
394 595
394 719
394 749
394 772
394 865
394 939
395 401
395 456
395 478
395 515
395 564
395 690
395 916
395 968
395 996
396 436
396 465
396 469
396 482
396 762
396 791
396 801
396 846
397 420
397 486
397 743
397 784
397 794
397 814
397 839
397 847
397 926
397 994
398 469
398 532
398 542
398 552
398 587
398 659
398 689
398 722
398 758
398 801
398 831
398 846
398 901
398 913
399 453
399 599
399 641
399 661
399 745
399 761
399 810
399 817
399 958
400 455
400 476
400 929
400 938
400 942
400 975
401 424
401 503
401 515
401 564
401 619
401 690
401 996
402 409
402 440
402 555
402 569
402 785
402 931
402 964
403 427
403 495
403 553
403 566
403 653
403 685
403 732
403 780
403 811
403 876
403 967
404 479
404 871
405 460
405 534
405 697
405 711
405 877
405 906
406 507
406 511
406 520
406 644
406 707
406 769
406 824
406 853
406 890
406 956
406 959
406 985
407 428
407 472
407 518
407 546
407 595
407 667
407 687
407 693
407 719
407 772
407 789
407 793
407 907
407 984
407 988
408 448
408 489
408 633
408 638
408 882
408 937
408 939
409 440
409 519
409 550
409 555
409 569
409 571
409 783
409 785
409 787
409 805
409 841
409 886
409 918
409 964
409 973
410 413
410 556
410 788
411 488
411 492
411 661
411 684
411 710
411 766
411 812
411 856
411 904
412 433
412 622
412 623
412 642
412 644
412 742
412 746
412 802
412 890
412 946
412 990
413 556
413 788
414 593
414 596
414 786
414 968
415 484
415 568
415 608
415 639
415 674
415 682
415 713
415 725
415 741
415 778
415 795
415 830
416 541
416 705
416 731
416 915
417 572
417 691
417 751
417 825
417 982
418 422
418 443
418 475
418 523
418 533
418 548
418 614
418 632
418 750
418 897
418 908
418 923
419 427
419 553
419 585
419 767
419 829
419 870
419 941
419 960
419 978
420 450
420 483
420 486
420 554
420 703
420 708
420 784
420 806
420 814
420 847
420 970
421 438
421 463
421 499
421 526
421 668
421 680
421 695
421 818
421 920
422 432
422 523
422 548
422 611
422 681
422 750
422 773
422 838
422 908
423 428
423 546
423 600
423 616
423 633
423 667
423 702
423 793
423 907
423 984
424 485
424 503
424 533
424 538
424 564
424 619
424 632
424 690
424 790
425 461
425 480
425 580
425 615
425 626
425 665
425 692
425 694
425 716
425 987
426 513
426 517
426 640
426 657
426 799
426 804
426 828
426 910
426 993
427 495
427 553
427 566
427 653
427 732
427 780
427 811
427 941
428 518
428 546
428 600
428 616
428 667
428 687
428 693
428 702
428 793
428 967
428 984
429 568
429 613
429 674
429 756
429 776
429 778
429 779
429 866
429 872
429 945
429 951
430 433
430 578
430 699
430 754
430 835
430 840
430 891
430 914
430 990
431 453
431 467
431 565
431 577
431 635
431 664
431 676
431 710
431 855
432 535
432 548
432 611
432 681
432 750
432 838
433 578
433 622
433 699
433 746
433 754
433 891
433 914
433 990
434 477
434 558
434 590
434 604
434 627
434 675
434 755
434 773
434 997
435 447
435 494
435 617
435 663
435 678
435 683
435 798
435 883
435 903
435 966
435 992
436 465
436 482
436 669
436 762
436 763
436 791
436 801
437 466
437 529
437 561
437 575
437 603
437 621
437 701
437 823
437 884
437 898
437 991
438 463
438 499
438 526
438 668
438 680
438 695
438 705
438 818
438 920
439 458
439 574
439 630
439 672
439 679
439 759
439 822
439 926
439 943
439 971
439 999
440 519
440 550
440 555
440 569
440 783
440 785
440 787
440 805
440 820
440 841
440 886
440 964
440 973
441 487
441 516
441 815
441 827
441 834
441 854
441 880
441 899
441 925
441 995
442 473
442 509
442 528
442 559
442 567
442 605
442 607
442 646
442 704
442 724
442 734
442 927
442 972
442 981
443 475
443 523
443 533
443 540
443 581
443 597
443 614
443 632
443 813
443 908
443 923
444 584
444 652
444 752
444 777
444 792
444 819
444 826
444 858
444 862
445 537
445 624
445 691
445 697
445 877
445 906
445 955
446 457
446 470
446 545
446 579
446 714
446 781
446 796
446 961
446 962
447 481
447 561
447 663
447 678
447 701
447 798
447 884
447 966
447 991
448 452
448 489
448 638
448 837
448 937
448 939
449 464
449 521
449 530
449 631
449 650
449 770
449 832
449 857
449 920
449 924
449 963
450 483
450 491
450 522
450 554
450 570
450 576
450 670
450 728
450 737
450 764
450 806
450 849
450 879
450 970
450 977
451 454
451 459
451 505
451 508
451 521
451 749
451 821
451 826
451 832
451 885
451 895
451 924
451 952
451 963
452 837
452 865
452 937
452 939
453 467
453 661
453 745
453 761
453 817
453 958
454 459
454 505
454 508
454 521
454 631
454 749
454 821
454 832
454 857
454 885
454 895
454 924
454 952
454 963
455 476
455 698
455 938
455 942
455 975
456 478
456 515
456 564
456 596
456 647
456 968
456 996
457 470
457 579
457 714
457 781
457 962
458 630
458 672
458 679
458 717
458 822
458 926
458 943
458 971
458 999
459 505
459 508
459 521
459 631
459 749
459 821
459 832
459 857
459 924
459 952
460 534
460 562
460 594
460 711
460 859
460 868
460 905
460 965
461 480
461 615
461 626
461 692
461 694
461 716
461 987
462 490
462 534
462 562
462 711
462 760
462 797
462 825
462 868
462 888
462 906
463 499
463 526
463 642
463 668
463 680
463 695
463 705
463 731
463 742
463 802
463 818
463 850
464 508
464 521
464 530
464 547
464 631
464 650
464 770
464 832
464 857
464 924
464 963
465 469
465 551
465 552
465 722
465 791
465 801
465 831
465 913
466 481
466 529
466 561
466 575
466 603
466 663
466 701
466 823
466 884
466 991
467 565
467 577
467 635
467 676
467 817
467 855
467 957
468 514
468 543
468 643
468 860
468 863
468 889
468 919
468 934
468 969
469 532
469 587
469 689
469 722
469 758
469 801
469 831
469 846
469 851
469 913
470 579
470 714
470 725
470 730
470 781
470 796
470 948
470 962
471 472
471 595
471 719
471 749
471 772
471 789
471 921
472 518
472 595
472 687
472 693
472 719
472 772
472 789
472 921
472 984
473 528
473 559
473 574
473 604
473 605
473 607
473 630
473 671
473 679
473 704
473 755
473 759
473 943
473 981
473 999
474 733
474 748
474 803
474 833
474 856
474 904
474 928
475 523
475 533
475 581
475 597
475 614
475 632
475 813
475 908
475 923
476 655
476 929
476 942
476 975
477 516
477 558
477 590
477 627
477 675
477 815
477 880
477 997
478 515
478 560
478 582
478 593
478 596
478 647
478 700
478 771
478 968
479 503
479 720
479 871
479 916
479 996
480 580
480 615
480 626
480 665
480 692
480 694
480 716
480 987
481 561
481 663
481 798
481 991
482 669
482 762
482 791
483 554
483 576
483 636
483 654
483 708
483 737
483 764
483 806
483 808
483 970
483 977
484 527
484 568
484 583
484 639
484 674
484 682
484 741
484 809
484 844
484 936
484 951
485 533
485 538
485 599
485 614
485 619
485 625
485 632
485 790
485 800
485 897
486 554
486 570
486 728
486 743
486 784
486 806
486 814
486 847
486 926
487 516
487 536
487 601
487 706
487 815
487 854
487 880
487 899
488 492
488 684
488 710
488 766
488 803
488 812
488 856
488 904
489 615
489 626
489 638
489 882
489 911
489 937
489 987
490 562
490 760
490 797
490 825
490 868
490 888
490 896
491 522
491 545
491 557
491 576
491 589
491 670
491 737
491 849
491 879
491 961
492 573
492 684
492 710
492 766
492 812
493 645
493 677
493 740
493 867
493 894
493 902
493 949
493 954
494 617
494 678
494 683
494 883
494 903
494 992
494 998
495 518
495 566
495 653
495 685
495 693
495 732
495 780
495 811
495 876
495 933
495 988
496 504
496 542
496 736
496 893
497 524
497 666
497 861
498 540
498 581
498 597
498 609
498 649
498 662
498 696
498 768
498 813
498 864
498 923
498 953
499 526
499 695
499 818
499 850
500 598
500 648
500 699
500 754
500 840
500 891
500 947
500 979
501 677
501 949
502 514
502 539
502 703
502 794
502 836
502 842
502 847
502 878
502 974
503 690
503 720
503 871
503 996
504 594
504 673
504 736
504 868
504 893
504 965
505 508
505 749
505 821
505 924
505 952
506 511
506 844
506 853
506 912
506 948
506 983
506 985
507 511
507 520
507 644
507 707
507 769
507 807
507 890
507 909
507 930
507 956
507 959
508 521
508 631
508 749
508 821
508 832
508 857
508 885
508 924
508 952
508 963
509 525
509 528
509 559
509 567
509 605
509 607
509 646
509 704
509 724
509 734
509 927
509 989
510 522
510 576
510 636
510 654
510 764
510 808
510 977
511 769
511 853
511 890
511 912
511 956
511 983
511 985
512 682
512 713
512 725
512 741
512 776
512 778
512 795
513 517
513 571
513 640
513 653
513 709
513 780
513 804
513 828
513 933
514 634
514 643
514 729
514 794
514 839
514 842
514 860
514 878
514 932
514 934
514 935
514 969
514 974
514 994
515 564
515 647
515 690
515 968
515 996
516 601
516 706
516 815
516 827
516 854
516 880
516 899
516 925
517 640
517 653
517 685
517 709
517 780
517 804
517 811
517 828
517 933
518 667
518 685
518 687
518 693
518 772
518 789
518 876
518 984
518 988
519 550
519 571
519 620
519 686
519 709
519 783
519 787
519 805
519 828
519 841
519 886
519 918
519 973
520 644
520 707
520 769
520 909
520 930
520 956
520 959
521 530
521 547
521 631
521 650
521 770
521 832
521 857
521 858
521 885
521 924
521 963
522 554
522 576
522 636
522 654
522 670
522 737
522 764
522 879
522 977
523 533
523 548
523 614
523 681
523 750
523 813
523 838
523 897
523 908
523 923
524 666
524 861
525 567
525 724
525 734
525 852
525 989
526 695
526 818
526 850
526 942
526 975
527 531
527 583
527 637
527 639
527 809
527 844
527 936
528 559
528 605
528 607
528 646
528 679
528 704
528 724
528 734
528 759
528 943
528 989
528 999
529 575
529 603
529 747
529 823
529 898
530 547
530 631
530 650
530 770
530 832
530 858
530 924
530 963
531 583
531 637
531 809
531 844
531 917
531 936
532 542
532 552
532 659
532 689
532 722
532 758
532 831
532 901
532 913
532 957
533 548
533 614
533 619
533 625
533 632
533 790
533 897
533 908
533 923
534 562
534 697
534 711
534 760
534 859
534 868
534 877
534 906
534 965
535 548
535 611
535 658
535 750
535 897
535 928
536 601
536 706
536 718
536 765
536 815
536 899
537 624
537 691
537 697
537 877
537 906
537 955
538 599
538 619
538 625
538 690
538 790
538 800
538 810
539 703
539 794
539 836
539 847
539 878
539 974
540 581
540 597
540 609
540 627
540 649
540 768
540 813
540 908
540 923
541 705
541 915
542 659
542 722
542 758
542 831
542 901
542 913
542 957
543 740
543 863
543 867
543 889
543 894
543 954
544 621
544 701
544 748
544 812
544 883
544 884
544 966
545 557
545 579
545 589
545 670
545 796
545 879
545 961
545 980
546 600
546 616
546 633
546 667
546 702
546 793
546 907
546 984
547 858
547 963
548 611
548 614
548 681
548 750
548 838
548 897
548 908
549 718
549 721
549 854
549 899
549 900
550 571
550 620
550 686
550 709
550 783
550 787
550 805
550 841
550 886
550 918
550 973
551 552
551 591
551 892
552 591
552 659
552 831
552 901
552 913
553 566
553 732
553 967
554 570
554 576
554 670
554 708
554 728
554 737
554 764
554 806
554 849
554 879
554 970
554 977
555 569
555 610
555 660
555 785
555 820
555 845
555 931
555 964
556 788
557 579
557 589
557 714
557 796
557 824
557 961
557 980
558 574
558 590
558 675
558 874
558 880
558 997
559 605
559 607
559 646
559 671
559 679
559 704
559 724
559 759
559 943
559 981
559 999
560 582
560 591
560 593
560 647
560 700
560 771
561 603
561 663
561 701
561 884
561 991
562 711
562 760
562 868
562 888
562 965
563 593
563 771
563 786
563 892
564 619
564 690
564 996
565 635
565 676
565 817
565 901
565 957
566 653
566 685
566 732
566 780
566 811
566 876
566 967
566 988
567 646
567 724
567 734
567 852
567 927
567 938
567 989
568 583
568 639
568 674
568 682
568 741
568 776
568 778
568 795
568 872
568 945
568 951
569 610
569 660
569 785
569 787
569 820
569 845
569 931
569 964
569 973
570 717
570 728
570 737
570 822
570 849
570 971
571 686
571 709
571 783
571 787
571 805
571 828
571 841
571 875
571 918
571 973
572 688
572 747
572 751
572 825
573 575
573 621
573 766
573 812
573 823
573 898
574 630
574 671
574 672
574 679
574 759
574 874
574 943
574 997
574 999
575 603
575 621
575 747
575 823
575 884
575 898
576 636
576 654
576 670
576 737
576 764
576 806
576 808
576 879
576 970
576 977
577 664
577 710
577 855
578 699
578 754
578 835
578 840
578 891
578 914
578 947
578 990
579 714
579 781
579 796
579 961
579 962
580 615
580 665
580 692
580 716
580 835
581 597
581 609
581 649
581 768
581 813
581 923
582 647
582 700
582 745
582 771
582 817
583 637
583 639
583 809
583 936
583 940
583 951
584 628
584 652
584 752
584 777
584 792
584 819
584 826
584 858
584 862
584 885
584 895
584 944
585 767
585 782
585 829
585 870
585 960
585 978
586 631
586 832
586 837
586 857
586 865
587 689
587 722
587 758
587 801
587 846
587 851
587 873
587 913
588 612
588 726
588 765
588 774
588 788
589 976
589 980
589 986
590 627
590 675
590 815
590 880
591 700
591 771
591 892
592 651
592 712
592 753
593 596
593 700
593 771
593 786
593 968
594 673
594 736
594 757
594 893
594 905
594 965
595 719
595 772
595 789
595 907
595 984
596 771
596 786
596 968
597 609
597 632
597 649
597 768
597 813
597 908
597 923
598 648
598 840
598 947
598 979
599 625
599 641
599 658
599 790
599 800
599 810
599 897
600 616
600 633
600 667
600 702
600 793
601 627
601 706
601 815
601 880
601 899
602 656
602 744
602 775
602 869
602 881
602 972
602 998
603 823
603 884
603 991
604 629
604 671
604 675
604 744
604 755
604 759
604 881
604 981
604 997
605 607
605 646
605 704
605 724
605 775
605 881
605 927
605 972
605 981
606 620
606 628
606 652
606 752
606 777
606 816
606 819
606 841
606 848
606 886
607 646
607 671
607 704
607 724
607 759
607 927
607 972
607 981
607 999
608 639
608 682
608 713
608 725
608 730
608 741
608 781
608 795
608 830
608 962
609 627
609 649
609 768
609 813
609 923
609 953
610 660
610 785
610 820
610 845
610 848
610 931
611 681
611 750
611 838
612 726
612 765
612 774
612 788
613 674
613 735
613 753
613 756
613 779
613 866
613 872
613 945
613 951
614 632
614 750
614 790
614 897
614 908
614 923
615 626
615 665
615 692
615 937
615 987
616 633
616 667
616 702
616 793
616 907
616 984
617 678
617 683
617 715
617 883
617 950
617 966
617 992
617 998
618 655
618 798
618 887
618 929
619 625
619 632
619 690
619 790
620 783
620 787
620 816
620 841
620 848
620 886
620 918
620 973
621 766
621 812
621 823
621 884
621 898
622 642
622 731
622 742
622 746
622 802
622 914
622 946
622 990
623 642
623 644
623 742
623 802
623 850
623 946
624 691
624 955
625 641
625 658
625 790
625 800
625 897
625 928
626 692
626 694
626 911
626 937
626 987
627 706
627 815
627 880
628 652
628 752
628 777
628 792
628 819
628 821
628 826
628 885
628 895
628 944
629 656
629 671
629 744
629 755
629 775
629 869
629 881
629 972
629 981
630 671
630 672
630 679
630 759
630 874
630 943
630 997
630 999
631 650
631 770
631 832
631 857
631 924
631 963
632 790
632 923
633 638
633 882
633 907
634 643
634 729
634 738
634 743
634 794
634 839
634 842
634 932
634 934
634 935
634 969
634 994
635 676
635 817
635 855
635 957
636 654
636 764
636 808
636 970
636 977
637 809
637 917
637 936
637 940
638 882
638 911
638 937
639 741
639 830
639 844
639 912
640 653
640 780
640 799
640 804
640 811
640 828
640 910
640 933
640 941
641 661
641 733
641 761
641 800
641 810
641 833
641 958
642 731
642 742
642 802
642 850
642 946
643 794
643 842
643 860
643 878
643 889
643 919
643 932
643 934
643 935
643 969
643 974
644 769
644 890
644 909
644 946
644 956
645 666
645 861
645 867
645 902
645 949
645 954
646 704
646 724
646 734
646 927
646 981
646 989
647 700
647 771
648 699
648 727
648 739
648 840
648 947
648 979
649 662
649 696
649 768
649 813
649 864
649 923
649 953
650 770
650 832
650 857
650 924
650 963
651 735
651 753
651 756
651 779
652 752
652 777
652 792
652 819
652 826
652 885
652 895
652 944
653 685
653 732
653 780
653 804
653 811
653 876
653 933
653 941
654 708
654 764
654 808
654 970
654 977
655 798
655 887
655 929
655 942
656 744
656 775
656 869
656 881
656 972
656 998
657 799
657 910
657 993
658 733
658 750
658 800
658 897
658 928
659 758
659 831
659 901
659 913
659 957
660 820
660 845
660 931
661 684
661 761
661 833
661 856
661 904
662 696
662 768
663 678
663 701
663 798
663 884
663 966
663 991
664 710
664 855
665 692
665 694
665 716
665 835
666 718
666 861
666 902
667 687
667 693
667 702
667 789
667 793
667 984
667 988
668 680
668 695
668 705
668 818
668 920
669 762
669 763
669 791
670 737
670 764
670 879
670 961
670 977
671 704
671 755
671 759
671 981
671 997
671 999
672 679
672 822
672 874
672 926
672 943
672 971
672 999
673 736
673 757
673 893
673 905
673 965
674 682
674 776
674 778
674 779
674 795
674 866
674 872
674 945
674 951
675 755
675 773
675 997
676 745
676 817
676 957
677 949
678 683
678 701
678 883
678 966
678 992
679 759
679 822
679 943
679 971
679 999
680 695
680 705
680 920
681 750
681 773
681 838
681 908
682 713
682 725
682 741
682 776
682 778
682 795
682 830
683 903
683 992
683 998
684 761
684 766
684 803
684 812
684 856
684 904
685 693
685 732
685 780
685 811
685 876
685 933
685 988
686 709
686 723
686 805
686 828
686 843
686 875
686 918
687 693
687 702
687 772
687 789
687 793
687 984
687 988
688 747
688 751
688 982
689 722
689 758
689 801
689 831
689 846
689 851
689 873
689 913
690 996
691 906
691 955
692 694
692 716
692 987
693 732
693 789
693 876
693 984
693 988
694 716
694 987
695 742
695 818
695 850
696 768
696 864
696 953
697 877
697 906
697 955
698 775
698 927
698 938
698 972
699 754
699 835
699 840
699 891
699 914
699 947
700 771
701 884
701 966
701 991
702 793
702 967
703 708
703 784
703 836
703 847
703 878
703 974
704 724
704 759
704 927
704 943
704 981
704 999
705 915
705 920
706 765
706 815
706 899
707 769
707 807
707 824
707 930
707 959
708 806
708 808
708 847
708 970
709 783
709 805
709 828
709 918
710 766
710 855
711 760
711 859
711 868
711 877
711 965
712 753
712 922
713 725
713 741
713 781
713 795
713 830
713 962
714 730
714 781
714 796
714 948
714 961
714 962
715 883
715 950
715 998
717 728
717 822
717 849
717 943
717 971
717 976
718 721
718 899
718 900
719 772
719 789
719 907
719 984
720 871
720 916
720 996
721 867
721 900
722 758
722 801
722 831
722 846
722 851
722 913
723 821
723 843
723 895
723 944
724 734
724 989
725 730
725 741
725 781
725 795
725 830
725 962
726 774
726 788
727 739
727 917
727 979
728 737
728 806
728 849
728 926
728 971
729 738
729 743
729 794
729 827
729 834
729 839
729 842
729 925
729 932
729 934
729 935
729 994
729 995
730 781
730 796
730 824
730 830
730 948
730 962
731 742
731 802
731 850
731 990
732 780
732 811
732 876
732 933
732 967
732 988
733 803
733 833
733 856
733 928
734 989
735 753
735 756
735 779
735 866
736 868
736 893
737 806
737 849
737 879
737 977
738 827
738 834
738 839
738 925
738 932
738 935
738 969
738 995
739 917
739 922
739 979
740 863
740 867
740 894
740 902
740 954
741 778
741 795
741 830
742 802
742 850
742 946
743 784
743 814
743 839
743 926
743 971
743 994
744 755
744 775
744 869
744 881
744 972
744 981
745 761
745 810
745 817
745 958
746 754
746 914
746 990
747 862
748 803
748 833
748 883
748 950
748 966
749 821
749 832
749 857
749 924
749 952
750 838
750 897
750 908
751 982
752 777
752 792
752 819
752 826
752 862
752 944
753 756
753 779
753 940
754 891
754 914
754 947
755 773
755 869
755 881
755 981
755 997
756 779
756 866
756 872
756 945
756 951
757 893
758 831
758 851
758 901
758 913
759 943
759 981
759 997
759 999
760 797
760 825
760 868
760 888
760 896
761 833
761 856
761 958
762 791
763 791
764 808
764 970
764 977
765 774
765 788
765 864
765 953
766 812
766 904
767 782
767 829
767 870
767 960
767 978
768 813
768 864
768 923
769 807
769 909
769 930
769 956
769 959
770 832
770 857
770 920
770 924
770 963
771 786
772 789
772 921
772 984
773 838
774 788
775 869
775 881
775 927
775 972
776 778
776 795
776 866
776 872
776 945
776 951
777 792
777 819
777 826
777 858
777 862
777 885
777 895
777 944
778 795
778 951
779 866
779 872
779 945
779 951
780 804
780 811
780 876
780 933
780 988
781 796
781 830
781 948
781 962
782 829
782 870
782 960
782 978
783 785
783 787
783 805
783 828
783 841
783 886
783 918
783 973
784 794
784 814
784 842
784 847
784 994
785 787
785 820
785 886
785 931
785 964
785 973
786 968
787 805
787 820
787 841
787 848
787 886
787 918
787 973
789 921
789 984
789 988
790 800
790 897
791 801
792 819
792 821
792 826
792 858
792 862
792 885
792 895
792 944
793 907
793 984
794 814
794 839
794 842
794 847
794 878
794 934
794 974
794 994
796 824
796 948
796 961
796 962
797 825
797 888
797 896
799 804
799 870
799 910
799 941
799 993
800 897
800 928
801 831
801 846
801 913
802 850
802 946
802 990
803 833
803 856
803 904
804 811
804 828
804 933
804 941
805 828
805 841
805 918
805 973
806 808
806 814
806 970
807 824
807 930
807 959
807 980
807 986
808 970
808 977
809 936
809 940
810 817
810 958
811 876
811 933
811 941
812 904
813 908
813 923
814 847
814 994
815 880
816 820
816 841
816 848
816 886
817 958
818 850
819 826
819 862
819 944
820 845
820 848
820 886
820 931
821 826
821 843
821 885
821 895
821 944
821 952
822 926
822 943
822 971
823 884
823 898
824 948
824 959
826 858
826 885
826 895
826 944
827 834
827 839
827 874
827 925
827 935
827 995
828 918
829 870
829 941
829 960
829 978
830 948
830 962
831 901
831 913
832 857
832 924
832 952
832 963
833 856
833 928
834 839
834 874
834 925
834 935
834 995
835 914
835 990
836 878
836 974
837 865
837 915
837 939
838 908
839 842
839 935
839 994
839 995
840 947
841 848
841 886
841 918
841 973
842 860
842 878
842 934
842 935
842 974
842 994
843 875
843 895
843 918
844 912
844 936
845 931
846 851
846 873
847 878
847 970
848 886
848 973
849 971
849 976
850 946
851 873
852 975
853 890
853 912
853 956
853 983
853 985
854 899
854 925
856 904
857 865
857 924
857 952
857 963
858 862
858 885
858 944
859 905
859 965
860 878
860 889
860 919
860 934
860 969
860 974
863 867
863 889
863 894
864 953
865 939
866 872
866 945
866 951
867 894
867 900
867 902
867 954
868 888
868 965
869 881
869 972
869 981
870 941
870 960
870 978
872 945
872 951
874 880
874 995
874 997
875 918
875 921
876 933
876 988
877 906
878 934
878 974
878 994
879 977
881 972
881 981
882 911
882 937
883 950
883 966
883 992
884 966
884 991
885 895
885 944
886 918
886 973
887 929
887 942
888 896
889 919
889 934
890 956
890 983
890 985
891 914
891 947
894 902
894 949
894 954
895 944
899 900
901 913
901 957
902 949
902 954
903 992
905 965
906 955
907 939
907 984
908 923
909 930
909 959
910 993
911 937
911 987
912 983
912 985
914 990
916 968
916 996
917 936
917 979
918 973
919 932
919 934
919 969
924 952
924 963
925 932
925 935
925 969
925 995
926 971
927 972
929 942
930 959
932 934
932 935
932 969
932 995
934 935
934 969
935 969
935 994
935 995
936 940
938 975
941 960
941 978
942 975
943 999
945 951
947 979
948 962
949 954
950 998
956 959
956 985
960 978
970 977
972 981
976 980
976 986
980 986
981 999
983 985
992 998
