1000
0 0.037342 0.256384
1 0.250417 0.498357
2 0.355100 0.489506
3 0.040592 0.776669
4 0.459577 0.453493
5 0.136673 0.902054
6 0.464704 0.182688
7 0.523591 0.790144
8 0.518912 0.916238
9 0.850864 0.337381
10 0.846714 0.588645
11 0.943665 0.093667
12 0.532908 0.431825
13 0.473522 0.371354
14 0.176648 0.750712
15 0.131219 0.712492
16 0.293573 0.286988
17 0.161056 0.379399
18 0.876428 0.969316
19 0.913482 0.808043
20 0.838094 0.263480
21 0.152215 0.769376
22 0.155646 0.782126
23 0.212314 0.320684
24 0.410059 0.291356
25 0.747273 0.497180
26 0.073402 0.760183
27 0.726052 0.093489
28 0.333821 0.638929
29 0.545075 0.815303
30 0.468367 0.123911
31 0.605555 0.543456
32 0.774673 0.768313
33 0.473127 0.445779
34 0.854728 0.432923
35 0.784617 0.196537
36 0.607475 0.235465
37 0.395864 0.618914
38 0.631665 0.853525
39 0.874886 0.652912
40 0.866403 0.263630
41 0.336260 0.669204
42 0.204029 0.757820
43 0.785454 0.798901
44 0.498464 0.869084
45 0.595941 0.129843
46 0.861868 0.658330
47 0.477278 0.331934
48 0.393447 0.668100
49 0.308948 0.517247
50 0.516457 0.732022
51 0.912947 0.744028
52 0.214318 0.246974
53 0.640490 0.437673
54 0.309390 0.526757
55 0.391144 0.203404
56 0.682619 0.372467
57 0.010100 0.980448
58 0.261374 0.824430
59 0.329965 0.299987
60 0.281628 0.088012
61 0.096337 0.627624
62 0.133131 0.584688
63 0.261311 0.255638
64 0.416268 0.187329
65 0.203797 0.129352
66 0.391084 0.540120
67 0.498985 0.156947
68 0.827998 0.919194
69 0.704024 0.748368
70 0.380139 0.176993
71 0.252988 0.556498
72 0.961361 0.652552
73 0.506268 0.310940
74 0.828842 0.657708
75 0.674824 0.245169
76 0.798902 0.674258
77 0.835161 0.506936
78 0.884584 0.212116
79 0.255180 0.449306
80 0.602199 0.690300
81 0.767120 0.659996
82 0.968098 0.508048
83 0.480461 0.559024
84 0.408382 0.126518
85 0.698336 0.302970
86 0.807437 0.079557
87 0.806736 0.227330
88 0.578349 0.340819
89 0.828712 0.457864
90 0.076794 0.014545
91 0.539810 0.252474
92 0.899675 0.888607
93 0.526391 0.097087
94 0.610773 0.990971
95 0.335037 0.572188
96 0.217916 0.924498
97 0.909138 0.531021
98 0.289622 0.420060
99 0.837816 0.186201
100 0.943931 0.244240
101 0.552738 0.288332
102 0.068078 0.325402
103 0.499927 0.698444
104 0.034919 0.720732
105 0.486566 0.305429
106 0.870491 0.836871
107 0.856873 0.420358
108 0.296789 0.138058
109 0.886481 0.491460
110 0.324867 0.428247
111 0.105544 0.677431
112 0.125200 0.985277
113 0.558507 0.277465
114 0.638133 0.605222
115 0.895329 0.558965
116 0.090323 0.670755
117 0.527872 0.378383
118 0.955188 0.591782
119 0.010795 0.593175
120 0.930139 0.766880
121 0.605359 0.282989
122 0.596721 0.532007
123 0.771436 0.646111
124 0.637391 0.559012
125 0.395622 0.602939
126 0.272778 0.861218
127 0.845564 0.272034
128 0.004106 0.649350
129 0.590862 0.343828
130 0.281564 0.017539
131 0.746951 0.861663
132 0.230442 0.839731
133 0.544642 0.463699
134 0.794099 0.151035
135 0.295348 0.910711
136 0.409374 0.750982
137 0.744900 0.906833
138 0.152910 0.821481
139 0.099047 0.746069
140 0.871851 0.947350
141 0.927889 0.327826
142 0.771878 0.900294
143 0.668774 0.043458
144 0.248963 0.962258
145 0.526245 0.841475
146 0.845993 0.010322
147 0.928030 0.115962
148 0.091366 0.062907
149 0.337623 0.930954
150 0.633896 0.495801
151 0.146889 0.492888
152 0.526849 0.676566
153 0.576203 0.713955
154 0.733641 0.337201
155 0.995004 0.171048
156 0.928715 0.607438
157 0.842230 0.758213
158 0.449348 0.264855
159 0.373967 0.854873
160 0.817606 0.423038
161 0.794732 0.887811
162 0.596382 0.575292
163 0.939178 0.751763
164 0.469458 0.638957
165 0.562587 0.671676
166 0.342731 0.404169
167 0.471397 0.739078
168 0.952222 0.580939
169 0.179088 0.535671
170 0.934239 0.459720
171 0.508112 0.969185
172 0.564009 0.053173
173 0.575160 0.689688
174 0.401337 0.470615
175 0.894894 0.228952
176 0.895331 0.191702
177 0.916391 0.311155
178 0.594942 0.852147
179 0.166889 0.620108
180 0.988068 0.131859
181 0.319026 0.676349
182 0.149169 0.344641
183 0.920611 0.376874
184 0.313845 0.368635
185 0.230088 0.180939
186 0.218529 0.628007
187 0.586176 0.887262
188 0.544455 0.938882
189 0.006783 0.441151
190 0.087247 0.166330
191 0.260159 0.234460
192 0.336994 0.804269
193 0.480327 0.916971
194 0.998372 0.786404
195 0.509199 0.824699
196 0.606360 0.063880
197 0.539382 0.748781
198 0.800333 0.744127
199 0.304536 0.918020
200 0.007775 0.875375
201 0.018231 0.748848
202 0.258593 0.282655
203 0.497623 0.128332
204 0.601987 0.213607
205 0.424858 0.739066
206 0.130056 0.936215
207 0.496962 0.209179
208 0.925801 0.845624
209 0.294091 0.676346
210 0.347897 0.083502
211 0.056342 0.691624
212 0.940610 0.150924
213 0.200964 0.257087
214 0.914444 0.504548
215 0.334614 0.190643
216 0.581563 0.665917
217 0.719449 0.942103
218 0.349806 0.944975
219 0.637167 0.446447
220 0.880041 0.481453
221 0.861719 0.593440
222 0.793862 0.941546
223 0.499272 0.417135
224 0.882094 0.872362
225 0.783099 0.164467
226 0.109304 0.412906
227 0.021426 0.989082
228 0.835491 0.787884
229 0.787857 0.134662
230 0.583359 0.769436
231 0.616877 0.121474
232 0.368041 0.081910
233 0.920993 0.630493
234 0.075879 0.546107
235 0.581470 0.491386
236 0.629848 0.611939
237 0.681184 0.423801
238 0.711418 0.812260
239 0.145982 0.955821
240 0.622142 0.585648
241 0.640044 0.249096
242 0.462985 0.862203
243 0.921086 0.397110
244 0.185360 0.783993
245 0.002841 0.131159
246 0.225112 0.940535
247 0.895121 0.768076
248 0.369112 0.539745
249 0.223895 0.006114
250 0.394809 0.403377
251 0.156717 0.600351
252 0.415472 0.435172
253 0.861670 0.788561
254 0.669078 0.913429
255 0.766931 0.254060
256 0.724307 0.029049
257 0.343974 0.641207
258 0.006154 0.227312
259 0.005551 0.348180
260 0.729301 0.313464
261 0.686449 0.944404
262 0.544066 0.601073
263 0.389540 0.078403
264 0.949349 0.063089
265 0.184738 0.657829
266 0.016329 0.678095
267 0.852113 0.244046
268 0.797303 0.112515
269 0.271805 0.776070
270 0.400949 0.386448
271 0.211376 0.022668
272 0.731988 0.036064
273 0.942322 0.392581
274 0.753663 0.324413
275 0.243143 0.816675
276 0.595372 0.749020
277 0.312518 0.036374
278 0.420739 0.157313
279 0.582592 0.703688
280 0.191187 0.352250
281 0.907752 0.160055
282 0.461022 0.673045
283 0.370868 0.754369
284 0.122270 0.669657
285 0.996824 0.085008
286 0.580981 0.654781
287 0.992259 0.606303
288 0.191461 0.613345
289 0.740806 0.626831
290 0.900849 0.677060
291 0.674710 0.845077
292 0.963677 0.130376
293 0.316539 0.217401
294 0.274558 0.704197
295 0.238846 0.133946
296 0.336845 0.735050
297 0.424954 0.589998
298 0.136085 0.619897
299 0.530640 0.283508
300 0.219341 0.880590
301 0.844384 0.343879
302 0.322894 0.702785
303 0.661591 0.674155
304 0.939011 0.954719
305 0.753103 0.226235
306 0.720692 0.923116
307 0.039489 0.689084
308 0.282603 0.047313
309 0.467078 0.412927
310 0.355974 0.136280
311 0.137289 0.878272
312 0.807714 0.996961
313 0.026042 0.620521
314 0.906385 0.938236
315 0.140481 0.175923
316 0.470422 0.389868
317 0.723568 0.719904
318 0.496373 0.958232
319 0.031191 0.411374
320 0.522552 0.633150
321 0.606043 0.396383
322 0.409805 0.116979
323 0.040769 0.471238
324 0.352393 0.291373
325 0.001841 0.416015
326 0.872052 0.083133
327 0.893340 0.644331
328 0.650943 0.954309
329 0.176032 0.240702
330 0.270162 0.721189
331 0.155022 0.731210
332 0.233970 0.821824
333 0.128329 0.738886
334 0.754637 0.598048
335 0.149118 0.012123
336 0.648743 0.635468
337 0.295894 0.182581
338 0.353034 0.713715
339 0.267837 0.008491
340 0.506405 0.459256
341 0.326530 0.789895
342 0.764276 0.364385
343 0.090733 0.104307
344 0.512655 0.438533
345 0.457394 0.004412
346 0.931361 0.391818
347 0.969995 0.343861
348 0.419386 0.915835
349 0.284401 0.952867
350 0.740095 0.322911
351 0.957468 0.772511
352 0.441532 0.153373
353 0.480517 0.534811
354 0.360609 0.195999
355 0.086758 0.749569
356 0.645749 0.779418
357 0.436062 0.602623
358 0.791149 0.038688
359 0.895081 0.460201
360 0.984641 0.331366
361 0.597623 0.439285
362 0.326757 0.752244
363 0.401594 0.355372
364 0.791372 0.913066
365 0.010865 0.176557
366 0.544380 0.921324
367 0.671990 0.481040
368 0.394143 0.501058
369 0.278592 0.314578
370 0.085884 0.238579
371 0.420287 0.275059
372 0.871942 0.007360
373 0.898416 0.613281
374 0.290789 0.728853
375 0.497415 0.632215
376 0.348537 0.691394
377 0.531202 0.361625
378 0.051726 0.678792
379 0.322047 0.903799
380 0.831785 0.899425
381 0.721626 0.680604
382 0.396609 0.948084
383 0.178740 0.479503
384 0.838081 0.283047
385 0.726283 0.329379
386 0.870340 0.898241
387 0.487054 0.178177
388 0.935479 0.703272
389 0.223346 0.963883
390 0.421155 0.031768
391 0.449938 0.429837
392 0.141655 0.397632
393 0.318029 0.582859
394 0.110695 0.539536
395 0.943981 0.774204
396 0.463793 0.207473
397 0.176305 0.889581
398 0.364761 0.985669
399 0.654405 0.578568
400 0.582818 0.014039
401 0.660012 0.016322
402 0.639045 0.951780
403 0.299188 0.627303
404 0.720663 0.230523
405 0.319364 0.193897
406 0.343900 0.278196
407 0.913756 0.297227
408 0.309656 0.059852
409 0.194568 0.093122
410 0.840923 0.977945
411 0.626765 0.013109
412 0.916870 0.902118
413 0.605804 0.098469
414 0.725749 0.857348
415 0.535548 0.324819
416 0.847256 0.689306
417 0.216691 0.455314
418 0.244680 0.847121
419 0.398195 0.276241
420 0.906412 0.482185
421 0.942827 0.297891
422 0.654821 0.156361
423 0.988141 0.266658
424 0.235652 0.289425
425 0.891412 0.744037
426 0.631997 0.903288
427 0.541497 0.695663
428 0.091894 0.889762
429 0.845223 0.663027
430 0.485900 0.900888
431 0.946463 0.283512
432 0.904564 0.821296
433 0.069542 0.253270
434 0.434045 0.351100
435 0.816804 0.785892
436 0.599273 0.699142
437 0.940231 0.078056
438 0.455251 0.244384
439 0.375951 0.434270
440 0.109514 0.394667
441 0.636763 0.073642
442 0.063348 0.631029
443 0.452566 0.102169
444 0.996039 0.034198
445 0.373385 0.891306
446 0.258534 0.874971
447 0.068182 0.098650
448 0.698880 0.127345
449 0.681135 0.485351
450 0.498780 0.291324
451 0.601476 0.595359
452 0.998020 0.368542
453 0.476409 0.211861
454 0.433483 0.670650
455 0.298264 0.333443
456 0.756487 0.235100
457 0.686811 0.434364
458 0.308860 0.254460
459 0.192659 0.711343
460 0.676461 0.397743
461 0.839639 0.222982
462 0.448941 0.249873
463 0.475293 0.632808
464 0.615496 0.697911
465 0.108629 0.726496
466 0.714684 0.666800
467 0.571364 0.749950
468 0.930655 0.065445
469 0.768138 0.304828
470 0.446497 0.418041
471 0.824745 0.216370
472 0.276131 0.613762
473 0.424968 0.581703
474 0.487789 0.699896
475 0.178457 0.503547
476 0.689205 0.521105
477 0.946661 0.748642
478 0.855105 0.186774
479 0.056892 0.214682
480 0.905385 0.391005
481 0.906705 0.277594
482 0.107424 0.986923
483 0.439274 0.872208
484 0.497669 0.800730
485 0.308492 0.777444
486 0.499326 0.919632
487 0.936537 0.971043
488 0.711235 0.178978
489 0.709722 0.917830
490 0.340028 0.888860
491 0.275338 0.413039
492 0.052821 0.973523
493 0.283624 0.609301
494 0.103149 0.254966
495 0.352431 0.547086
496 0.129312 0.749880
497 0.595695 0.206672
498 0.853462 0.404761
499 0.901519 0.296045
500 0.020057 0.780966
501 0.771680 0.216652
502 0.303960 0.819593
503 0.941573 0.907707
504 0.591281 0.965552
505 0.188102 0.559827
506 0.702740 0.510018
507 0.164085 0.028523
508 0.157967 0.982603
509 0.096833 0.713784
510 0.127511 0.724466
511 0.196162 0.319342
512 0.834308 0.998013
513 0.722250 0.182579
514 0.294805 0.841548
515 0.887420 0.775121
516 0.804222 0.984311
517 0.615203 0.275534
518 0.364615 0.312201
519 0.869639 0.864717
520 0.096043 0.320239
521 0.669861 0.274300
522 0.390328 0.580248
523 0.600267 0.361963
524 0.650955 0.792441
525 0.931312 0.908034
526 0.373408 0.057627
527 0.984411 0.319979
528 0.209670 0.536214
529 0.789440 0.978933
530 0.054668 0.731545
531 0.303456 0.146616
532 0.608717 0.042907
533 0.567723 0.127338
534 0.319722 0.421048
535 0.848366 0.799358
536 0.636660 0.585559
537 0.154485 0.070795
538 0.199129 0.859824
539 0.559777 0.699088
540 0.885601 0.453636
541 0.567211 0.828037
542 0.222118 0.329262
543 0.513528 0.623630
544 0.086123 0.720398
545 0.200941 0.967507
546 0.732845 0.463284
547 0.371967 0.941917
548 0.582172 0.441169
549 0.054359 0.342735
550 0.587928 0.540584
551 0.909083 0.886299
552 0.012064 0.321788
553 0.205395 0.482050
554 0.192098 0.917648
555 0.508383 0.222616
556 0.303007 0.173774
557 0.830658 0.025562
558 0.173193 0.122852
559 0.099820 0.335313
560 0.607028 0.671386
561 0.717047 0.561133
562 0.097063 0.801403
563 0.186818 0.144647
564 0.291509 0.992787
565 0.870160 0.054022
566 0.928851 0.566461
567 0.878224 0.394773
568 0.962124 0.061521
569 0.838991 0.558294
570 0.597187 0.951115
571 0.204937 0.942429
572 0.091007 0.615186
573 0.604123 0.792357
574 0.734622 0.833608
575 0.212287 0.053548
576 0.938983 0.989757
577 0.432499 0.625185
578 0.502984 0.059119
579 0.725279 0.345097
580 0.644674 0.484717
581 0.811069 0.235914
582 0.193888 0.205991
583 0.819509 0.037382
584 0.392345 0.632173
585 0.523524 0.714801
586 0.076424 0.406873
587 0.140888 0.329856
588 0.628115 0.397488
589 0.311959 0.387640
590 0.971301 0.461241
591 0.769477 0.532447
592 0.063335 0.189038
593 0.904801 0.254987
594 0.786001 0.009012
595 0.904682 0.094905
596 0.875300 0.743537
597 0.383672 0.675101
598 0.546083 0.956660
599 0.469445 0.788060
600 0.765436 0.203301
601 0.111836 0.669500
602 0.707795 0.597248
603 0.981103 0.540905
604 0.785131 0.951888
605 0.696880 0.480046
606 0.787161 0.115764
607 0.286566 0.687410
608 0.089360 0.024491
609 0.710300 0.256460
610 0.590686 0.421186
611 0.009470 0.626967
612 0.028259 0.159523
613 0.136633 0.003179
614 0.806959 0.152380
615 0.236814 0.807767
616 0.774808 0.164452
617 0.175481 0.709283
618 0.632805 0.665520
619 0.064352 0.476593
620 0.974372 0.770650
621 0.483178 0.548131
622 0.059125 0.966287
623 0.267939 0.289981
624 0.548745 0.042503
625 0.948991 0.670334
626 0.521231 0.223860
627 0.293443 0.110823
628 0.416075 0.897649
629 0.357763 0.330422
630 0.065707 0.872984
631 0.612635 0.903531
632 0.992680 0.800248
633 0.873040 0.067778
634 0.803560 0.491020
635 0.033114 0.475694
636 0.920935 0.530693
637 0.239160 0.490692
638 0.775999 0.238300
639 0.396341 0.585766
640 0.345342 0.394800
641 0.393028 0.833076
642 0.000236 0.762186
643 0.889255 0.609735
644 0.266152 0.599801
645 0.077193 0.930958
646 0.367764 0.712389
647 0.306103 0.712932
648 0.485725 0.434618
649 0.281964 0.243866
650 0.848991 0.749989
651 0.520664 0.343045
652 0.354149 0.235812
653 0.455588 0.588497
654 0.724726 0.192777
655 0.671065 0.381153
656 0.073803 0.701377
657 0.361742 0.913569
658 0.615367 0.471106
659 0.122577 0.191906
660 0.123189 0.322446
661 0.092478 0.375571
662 0.884153 0.102792
663 0.404427 0.566883
664 0.483380 0.783045
665 0.270580 0.760264
666 0.129383 0.016783
667 0.519323 0.864381
668 0.446785 0.765604
669 0.630964 0.122585
670 0.069669 0.183774
671 0.916876 0.834828
672 0.578172 0.508748
673 0.476332 0.841464
674 0.567231 0.436941
675 0.016117 0.896898
676 0.065368 0.288517
677 0.950822 0.634595
678 0.002184 0.069751
679 0.608139 0.021214
680 0.039531 0.246031
681 0.470980 0.281353
682 0.204739 0.974605
683 0.628393 0.280217
684 0.515147 0.203115
685 0.905128 0.695131
686 0.380199 0.707580
687 0.047552 0.290401
688 0.565861 0.592115
689 0.509309 0.678371
690 0.602337 0.424919
691 0.630910 0.426013
692 0.326399 0.506689
693 0.930397 0.034343
694 0.718331 0.003425
695 0.237503 0.169493
696 0.917852 0.078401
697 0.573471 0.056907
698 0.976984 0.291110
699 0.821426 0.009820
700 0.048653 0.872110
701 0.744372 0.892752
702 0.619515 0.931897
703 0.274349 0.174327
704 0.282490 0.663280
705 0.006237 0.465182
706 0.249635 0.292026
707 0.507740 0.346179
708 0.688243 0.960038
709 0.131648 0.839582
710 0.207819 0.776131
711 0.918598 0.030471
712 0.006891 0.361059
713 0.542510 0.202913
714 0.444356 0.297448
715 0.894128 0.627706
716 0.574900 0.404957
717 0.072915 0.074057
718 0.665349 0.693586
719 0.260590 0.737331
720 0.366853 0.812592
721 0.052279 0.941200
722 0.746876 0.218267
723 0.162077 0.474560
724 0.398567 0.750842
725 0.829376 0.485308
726 0.685740 0.635543
727 0.997491 0.237300
728 0.023904 0.121324
729 0.696487 0.034540
730 0.458909 0.820953
731 0.250611 0.540718
732 0.993035 0.400154
733 0.182902 0.870493
734 0.399672 0.162697
735 0.802173 0.898980
736 0.755697 0.095852
737 0.408124 0.327545
738 0.745425 0.145123
739 0.750721 0.443152
740 0.824062 0.863850
741 0.036634 0.102993
742 0.085869 0.278159
743 0.760557 0.069192
744 0.139303 0.693859
745 0.883911 0.426169
746 0.771595 0.628603
747 0.239463 0.244277
748 0.019042 0.288623
749 0.142416 0.715988
750 0.375798 0.210253
751 0.590164 0.743019
752 0.244916 0.948504
753 0.770028 0.050168
754 0.129026 0.288630
755 0.681923 0.861288
756 0.566834 0.690521
757 0.619719 0.429583
758 0.557866 0.923828
759 0.983897 0.441158
760 0.208650 0.831375
761 0.504136 0.562578
762 0.173889 0.104649
763 0.329475 0.888530
764 0.514102 0.754395
765 0.303990 0.453698
766 0.262005 0.991557
767 0.143683 0.707438
768 0.541885 0.856286
769 0.564350 0.998420
770 0.699937 0.813966
771 0.432634 0.816416
772 0.861708 0.030679
773 0.051343 0.845089
774 0.799115 0.656083
775 0.230670 0.451298
776 0.114628 0.364731
777 0.079182 0.370225
778 0.298075 0.431234
779 0.511937 0.510679
780 0.040625 0.170369
781 0.317783 0.001200
782 0.300836 0.660121
783 0.009297 0.283822
784 0.042838 0.651772
785 0.335863 0.760126
786 0.480304 0.144995
787 0.393123 0.030014
788 0.245223 0.281053
789 0.712735 0.783079
790 0.813982 0.860096
791 0.020397 0.604953
792 0.385808 0.851128
793 0.284318 0.351478
794 0.458305 0.853020
795 0.072687 0.312307
796 0.661541 0.336942
797 0.543872 0.488638
798 0.643711 0.225284
799 0.417023 0.342521
800 0.081341 0.422949
801 0.548555 0.756224
802 0.877100 0.504134
803 0.895606 0.158125
804 0.510724 0.928244
805 0.148486 0.100221
806 0.112872 0.348084
807 0.788460 0.597169
808 0.194509 0.333781
809 0.539813 0.475204
810 0.202366 0.245709
811 0.807326 0.867411
812 0.736400 0.693863
813 0.660603 0.851218
814 0.588825 0.985073
815 0.228799 0.700239
816 0.975817 0.453121
817 0.221346 0.521341
818 0.122298 0.415198
819 0.704687 0.017315
820 0.801354 0.638593
821 0.781719 0.409100
822 0.224746 0.410104
823 0.595414 0.764843
824 0.849609 0.297963
825 0.451297 0.163619
826 0.006946 0.080274
827 0.392883 0.563046
828 0.201181 0.027959
829 0.661763 0.250388
830 0.312621 0.622343
831 0.392363 0.016415
832 0.340088 0.767381
833 0.707200 0.071142
834 0.524573 0.235170
835 0.743412 0.796530
836 0.250748 0.358481
837 0.019198 0.848114
838 0.115097 0.607810
839 0.767637 0.267729
840 0.816759 0.716748
841 0.757641 0.907486
842 0.990609 0.465766
843 0.965139 0.683589
844 0.040839 0.356273
845 0.896943 0.995912
846 0.166335 0.509117
847 0.231657 0.429668
848 0.206888 0.504998
849 0.710700 0.998739
850 0.392322 0.804119
851 0.056510 0.787177
852 0.060790 0.608778
853 0.672478 0.788932
854 0.030440 0.344538
855 0.165352 0.918450
856 0.980243 0.765146
857 0.909823 0.612879
858 0.740494 0.036321
859 0.324188 0.179066
860 0.935305 0.256543
861 0.821940 0.354849
862 0.164269 0.879012
863 0.029824 0.666927
864 0.885635 0.181136
865 0.075062 0.165491
866 0.782648 0.609189
867 0.008713 0.730972
868 0.497671 0.539784
869 0.247988 0.695254
870 0.890514 0.373382
871 0.685949 0.196377
872 0.188670 0.571806
873 0.494892 0.052726
874 0.044667 0.800439
875 0.252576 0.706184
876 0.431440 0.170718
877 0.049390 0.064870
878 0.013872 0.557428
879 0.815425 0.210758
880 0.550973 0.618878
881 0.087477 0.246359
882 0.759136 0.209441
883 0.925867 0.827471
884 0.481737 0.764333
885 0.470644 0.866649
886 0.804313 0.192113
887 0.467613 0.343735
888 0.275854 0.927150
889 0.486346 0.188655
890 0.370554 0.767369
891 0.771622 0.030417
892 0.768207 0.820306
893 0.668669 0.184347
894 0.187465 0.178357
895 0.723535 0.744624
896 0.912883 0.987236
897 0.146224 0.877904
898 0.358544 0.588679
899 0.320903 0.022778
900 0.553512 0.935165
901 0.384408 0.867930
902 0.913604 0.394307
903 0.277266 0.500655
904 0.326633 0.354715
905 0.540799 0.710335
906 0.036319 0.984976
907 0.978833 0.606231
908 0.588200 0.719838
909 0.387132 0.811330
910 0.259567 0.466087
911 0.257367 0.001946
912 0.181405 0.950638
913 0.774144 0.321795
914 0.111007 0.479941
915 0.256933 0.661128
916 0.213863 0.581922
917 0.545970 0.189698
918 0.212653 0.230018
919 0.863178 0.695232
920 0.948609 0.426474
921 0.472172 0.749227
922 0.533933 0.053050
923 0.921195 0.797091
924 0.759568 0.293399
925 0.844086 0.439238
926 0.168696 0.542819
927 0.184513 0.765787
928 0.567491 0.785685
929 0.251694 0.727331
930 0.758156 0.526007
931 0.878244 0.576084
932 0.495037 0.398044
933 0.620645 0.632508
934 0.218827 0.911867
935 0.278524 0.387076
936 0.657220 0.000936
937 0.703053 0.316521
938 0.346543 0.129384
939 0.626448 0.292152
940 0.410272 0.222006
941 0.805553 0.261748
942 0.515084 0.214868
943 0.018614 0.698269
944 0.435832 0.257487
945 0.464149 0.429406
946 0.165118 0.395814
947 0.666646 0.068090
948 0.702724 0.525677
949 0.366353 0.431525
950 0.058352 0.880416
951 0.758276 0.955688
952 0.469127 0.569947
953 0.239988 0.528308
954 0.064742 0.973667
955 0.240603 0.301034
956 0.623120 0.793342
957 0.948242 0.049406
958 0.085917 0.551546
959 0.059984 0.681145
960 0.330470 0.021685
961 0.800677 0.726355
962 0.807636 0.579141
963 0.345737 0.825341
964 0.922306 0.152009
965 0.580900 0.500355
966 0.487177 0.090201
967 0.251238 0.524825
968 0.269323 0.313955
969 0.268785 0.096121
970 0.496909 0.407329
971 0.631257 0.359868
972 0.050957 0.856176
973 0.365840 0.067194
974 0.663508 0.766571
975 0.686983 0.219185
976 0.025848 0.220367
977 0.512945 0.773415
978 0.380623 0.272317
979 0.089687 0.959695
980 0.943151 0.350908
981 0.685414 0.382237
982 0.120881 0.466004
983 0.562840 0.802816
984 0.818646 0.185990
985 0.158809 0.621874
986 0.503885 0.514849
987 0.457040 0.644135
988 0.489320 0.565116
989 0.382849 0.380986
990 0.894195 0.049049
991 0.339733 0.116315
992 0.376977 0.580569
993 0.144446 0.787273
994 0.732585 0.376701
995 0.439766 0.119870
996 0.781320 0.359640
997 0.173775 0.265612
998 0.739366 0.710318
999 0.246020 0.370250
4000
0 258
0 370
0 433
0 479
0 676
0 680
0 687
0 748
0 783
0 881
0 976
1 79
1 553
1 637
1 731
1 775
1 817
1 848
1 903
1 910
1 953
1 967
2 174
2 248
2 368
2 692
3 26
3 201
3 500
3 530
3 642
3 851
3 874
4 33
4 252
4 309
4 340
4 391
4 470
4 648
4 945
5 206
5 311
5 397
5 428
5 855
5 862
5 897
6 64
6 67
6 207
6 278
6 352
6 387
6 396
6 453
6 786
6 825
6 876
6 889
7 29
7 145
7 195
7 197
7 484
7 664
7 764
7 801
7 884
7 928
7 977
7 983
8 44
8 188
8 193
8 318
8 366
8 430
8 486
8 598
8 667
8 758
8 804
8 900
9 301
9 824
9 861
10 221
10 569
10 643
10 931
10 962
11 147
11 264
11 292
11 437
11 468
11 568
11 595
11 696
11 957
12 133
12 223
12 340
12 344
12 548
12 648
12 674
12 716
12 809
12 932
12 970
13 47
13 309
13 316
13 434
13 707
13 887
13 932
13 970
14 21
14 22
14 42
14 244
14 331
14 333
14 459
14 496
14 617
14 710
14 749
14 927
14 993
15 111
15 139
15 284
15 331
15 333
15 465
15 496
15 509
15 510
15 544
15 601
15 617
15 744
15 749
15 767
16 59
16 63
16 202
16 369
16 406
16 455
16 458
16 623
16 649
16 706
16 788
16 968
17 182
17 280
17 392
17 776
17 946
18 140
18 314
18 410
18 512
18 845
18 896
19 106
19 120
19 208
19 247
19 395
19 432
19 515
19 671
19 883
19 923
20 40
20 87
20 127
20 267
20 384
20 461
20 471
20 581
20 824
20 941
21 22
21 138
21 244
21 331
21 333
21 496
21 510
21 927
21 993
22 138
22 244
22 331
22 333
22 496
22 927
22 993
23 280
23 424
23 511
23 542
23 706
23 788
23 808
23 955
24 158
24 371
24 419
24 518
24 714
24 737
24 799
24 944
24 978
25 506
25 546
25 591
25 930
26 139
26 355
26 465
26 509
26 530
26 544
26 562
26 851
26 874
27 448
27 736
27 743
27 833
28 41
28 181
28 257
28 403
28 782
28 830
29 145
29 195
29 484
29 541
29 768
29 928
29 983
30 67
30 203
30 352
30 443
30 786
30 825
30 966
30 995
31 122
31 124
31 162
31 240
31 451
31 550
31 672
31 965
32 43
32 198
32 435
32 835
32 961
33 223
33 309
33 340
33 344
33 391
33 470
33 648
33 945
33 970
34 89
34 107
34 160
34 359
34 498
34 540
34 567
34 745
34 925
35 87
35 134
35 225
35 305
35 456
35 471
35 501
35 581
35 600
35 614
35 616
35 638
35 722
35 879
35 882
35 886
35 984
36 121
36 204
36 241
36 497
36 517
36 683
36 798
37 48
37 125
37 297
37 357
37 473
37 522
37 577
37 584
37 639
37 898
37 992
38 178
38 291
38 426
38 755
38 813
39 46
39 74
39 233
39 290
39 327
39 373
39 416
39 429
39 643
39 685
39 715
39 919
40 127
40 175
40 267
40 384
40 461
40 481
40 499
40 593
40 824
41 181
41 209
41 257
41 302
41 338
41 376
41 597
41 782
42 244
42 459
42 710
42 927
43 228
43 435
43 835
43 892
44 145
44 193
44 195
44 242
44 430
44 486
44 667
44 673
44 768
44 794
44 885
45 231
45 413
45 533
45 669
46 74
46 290
46 327
46 416
46 429
46 715
46 919
47 73
47 105
47 434
47 450
47 651
47 681
47 707
47 714
47 887
48 376
48 454
48 584
48 597
48 646
48 686
49 54
49 692
49 903
50 103
50 167
50 197
50 427
50 474
50 585
50 764
50 801
50 884
50 905
50 921
50 977
51 120
51 163
51 247
51 388
51 395
51 425
51 477
51 515
51 596
51 685
52 63
52 191
52 213
52 329
52 424
52 582
52 747
52 788
52 810
52 918
52 997
53 219
53 237
53 361
53 457
53 580
53 588
53 658
53 690
53 691
53 757
54 95
54 495
54 692
54 903
55 64
55 70
55 354
55 652
55 734
55 750
55 876
55 940
56 237
56 460
56 579
56 655
56 796
56 981
56 994
57 227
57 492
57 622
57 906
58 126
58 132
58 269
58 275
58 332
58 418
58 446
58 502
58 514
58 615
59 324
59 406
59 455
59 458
59 518
59 629
60 308
60 408
60 627
60 969
61 111
61 116
61 284
61 298
61 442
61 572
61 601
61 838
61 852
62 179
62 251
62 298
62 394
62 572
62 838
62 985
63 191
63 202
63 424
63 458
63 623
63 649
63 706
63 747
63 788
63 955
64 70
64 278
64 352
64 396
64 734
64 750
64 825
64 876
64 940
65 295
65 409
65 558
65 563
65 762
65 894
66 248
66 368
66 495
66 522
66 639
66 663
66 827
66 992
67 203
67 387
67 684
67 786
67 825
67 889
68 140
68 161
68 222
68 364
68 380
68 386
68 735
69 317
69 789
69 853
69 895
69 974
69 998
70 215
70 278
70 310
70 354
70 734
70 750
70 876
71 528
71 644
71 731
71 817
71 916
71 953
71 967
72 233
72 625
72 677
72 843
72 907
73 101
73 105
73 299
73 415
73 450
73 651
73 681
73 707
73 887
74 76
74 416
74 429
74 774
74 820
74 919
75 241
75 404
75 521
75 609
75 798
75 829
75 871
75 975
76 81
76 123
76 416
76 429
76 774
76 820
76 840
76 961
77 89
77 220
77 569
77 634
77 725
77 802
78 175
78 176
78 267
78 461
78 478
78 593
78 864
79 98
79 417
79 491
79 637
79 765
79 775
79 778
79 822
79 847
79 910
80 153
80 165
80 173
80 216
80 279
80 286
80 436
80 464
80 539
80 560
80 618
80 756
80 908
81 123
81 289
81 381
81 746
81 774
81 812
81 820
82 590
82 603
82 842
83 353
83 621
83 653
83 761
83 868
83 952
83 986
83 988
84 263
84 278
84 322
84 352
84 443
84 734
84 876
84 995
85 154
85 260
85 350
85 385
85 521
85 579
85 609
85 796
85 937
86 268
86 358
86 583
86 606
86 743
86 753
87 99
87 255
87 267
87 456
87 461
87 471
87 501
87 581
87 600
87 638
87 879
87 882
87 886
87 941
87 984
88 129
88 377
88 415
88 523
89 107
89 160
89 634
89 725
89 925
90 148
90 608
91 101
91 113
91 299
91 555
91 626
91 713
91 834
91 942
92 208
92 224
92 314
92 386
92 412
92 503
92 519
92 525
92 551
93 203
93 533
93 578
93 922
93 966
94 402
94 504
94 570
94 769
94 814
95 248
95 393
95 495
95 898
95 992
96 144
96 246
96 300
96 389
96 545
96 554
96 571
96 682
96 752
96 912
96 934
97 109
97 115
97 214
97 420
97 566
97 636
97 802
98 110
98 491
98 534
98 589
98 765
98 778
98 935
99 461
99 471
99 478
99 614
99 864
99 879
99 886
99 984
100 175
100 423
100 431
100 481
100 593
100 860
101 113
101 299
101 415
102 520
102 549
102 559
102 676
102 687
102 742
102 777
102 795
102 806
102 844
102 854
103 152
103 167
103 282
103 427
103 474
103 585
103 689
103 905
104 201
104 211
104 266
104 307
104 378
104 530
104 544
104 656
104 867
104 943
104 959
105 299
105 450
105 651
105 681
105 707
105 714
105 887
106 224
106 253
106 432
106 519
106 535
106 671
107 160
107 498
107 540
107 567
107 745
107 925
108 337
108 531
108 556
108 627
108 703
108 859
108 938
108 969
108 991
109 214
109 220
109 359
109 420
109 540
109 802
110 166
110 439
110 491
110 534
110 589
110 640
110 765
110 778
110 949
111 116
111 211
111 284
111 465
111 509
111 510
111 544
111 601
111 656
111 744
111 767
111 959
112 206
112 239
112 482
112 508
112 979
113 121
113 299
114 124
114 162
114 236
114 240
114 336
114 399
114 451
114 536
114 933
115 221
115 566
115 636
115 643
115 931
116 211
116 284
116 378
116 442
116 509
116 544
116 601
116 656
116 784
116 959
117 223
117 377
117 651
117 707
117 932
117 970
118 156
118 168
118 233
118 287
118 566
118 677
118 857
118 907
119 313
119 611
119 791
119 878
120 163
120 247
120 351
120 395
120 425
120 477
120 515
120 620
120 856
120 923
121 241
121 517
121 683
121 939
122 124
122 150
122 162
122 235
122 550
122 672
122 965
123 289
123 334
123 746
123 774
123 807
123 820
123 866
124 162
124 240
124 399
124 451
124 536
125 297
125 357
125 473
125 522
125 577
125 584
125 639
125 663
125 827
125 898
125 992
126 132
126 418
126 446
126 502
126 514
127 267
127 384
127 461
127 581
127 824
127 941
128 266
128 313
128 611
128 784
128 791
128 863
128 943
129 523
129 971
130 277
130 308
130 339
130 408
130 781
130 899
130 911
130 960
131 137
131 142
131 414
131 574
131 701
131 841
131 892
132 275
132 300
132 332
132 418
132 446
132 538
132 615
132 760
133 235
133 340
133 344
133 548
133 674
133 797
133 809
133 965
134 225
134 229
134 268
134 606
134 614
134 616
134 738
134 886
134 984
135 149
135 199
135 349
135 379
135 446
135 490
135 763
135 888
136 205
136 283
136 668
136 724
136 890
137 142
137 217
137 306
137 364
137 489
137 701
137 841
137 951
138 244
138 709
138 993
139 333
139 355
139 465
139 496
139 509
139 510
139 530
139 544
139 656
140 314
140 386
140 410
141 177
141 183
141 347
141 407
141 421
141 431
141 499
141 980
142 161
142 222
142 364
142 701
142 735
142 811
142 841
143 401
143 411
143 441
143 729
143 819
143 833
143 936
143 947
144 246
144 349
144 389
144 545
144 571
144 682
144 752
144 766
144 888
145 195
145 484
145 541
145 667
145 673
145 768
146 372
146 557
146 565
146 583
146 699
146 772
147 212
147 281
147 292
147 437
147 468
147 595
147 662
147 696
147 964
148 343
148 447
148 608
148 717
148 877
149 199
149 218
149 379
149 490
149 547
149 657
149 763
150 219
150 367
150 449
150 580
150 658
151 383
151 475
151 723
151 846
151 914
151 982
152 165
152 173
152 320
152 427
152 474
152 539
152 585
152 689
152 756
152 905
153 165
153 173
153 197
153 216
153 276
153 279
153 427
153 436
153 464
153 467
153 539
153 751
153 756
153 801
153 905
153 908
154 260
154 274
154 342
154 350
154 385
154 469
154 579
154 913
154 924
154 937
154 994
155 180
155 292
156 168
156 233
156 327
156 373
156 566
156 643
156 677
156 715
156 857
156 907
157 198
157 228
157 253
157 425
157 435
157 515
157 535
157 596
157 650
157 840
158 371
158 438
158 462
158 681
158 714
158 944
159 445
159 490
159 641
159 720
159 792
159 901
159 909
159 963
160 498
160 821
160 925
161 364
161 380
161 701
161 735
161 740
161 790
161 811
161 841
162 236
162 240
162 451
162 536
162 550
162 688
163 247
163 351
163 388
163 395
163 425
163 477
163 620
163 856
163 923
164 282
164 357
164 375
164 454
164 463
164 543
164 577
164 987
165 173
165 216
165 279
165 286
165 427
165 436
165 539
165 560
165 756
165 905
166 184
166 250
166 439
166 534
166 589
166 640
166 904
166 949
166 989
167 205
167 474
167 599
167 664
167 668
167 764
167 884
167 921
168 287
168 566
168 603
168 907
169 475
169 505
169 528
169 817
169 846
169 848
169 872
169 926
170 214
170 359
170 420
170 540
170 590
170 816
170 920
171 188
171 318
171 486
171 598
171 804
172 196
172 400
172 532
172 624
172 697
172 922
173 216
173 279
173 286
173 427
173 436
173 464
173 539
173 560
173 756
173 905
173 908
174 252
174 368
174 439
175 176
175 267
175 481
175 593
175 860
175 864
176 281
176 478
176 803
176 864
176 964
177 407
177 421
177 431
177 481
177 499
177 980
178 187
178 541
179 251
179 265
179 288
179 298
179 985
180 212
180 285
180 292
181 209
181 257
181 302
181 338
181 376
181 607
181 647
181 704
181 782
182 280
182 559
182 587
182 660
182 776
182 806
182 808
183 243
183 273
183 346
183 480
183 567
183 870
183 902
183 980
184 455
184 589
184 640
184 793
184 904
184 935
185 295
185 582
185 695
185 703
185 894
185 918
186 265
186 288
186 915
186 916
187 426
187 631
187 758
188 318
188 366
188 486
188 598
188 758
188 804
188 900
189 319
189 323
189 325
189 635
189 705
190 592
190 659
190 670
190 780
190 865
191 202
191 649
191 747
191 788
191 918
192 341
192 485
192 502
192 720
192 785
192 832
192 890
192 909
192 963
193 318
193 430
193 486
193 804
193 885
194 351
194 620
194 632
194 856
195 484
195 664
195 667
195 673
195 730
195 768
195 977
196 413
196 441
196 532
196 679
196 697
197 230
197 467
197 585
197 751
197 764
197 801
197 905
197 928
197 977
198 435
198 650
198 840
198 961
199 349
199 379
199 490
199 763
199 888
200 675
200 700
200 837
200 950
200 972
201 500
201 530
201 642
201 867
201 943
202 369
202 424
202 623
202 649
202 706
202 747
202 788
202 955
202 968
203 387
203 443
203 786
203 966
204 241
204 497
204 798
205 668
205 724
205 921
206 239
206 855
206 979
207 387
207 396
207 453
207 555
207 626
207 684
207 713
207 834
207 889
207 942
208 224
208 432
208 551
208 671
208 883
208 923
209 294
209 302
209 330
209 403
209 607
209 647
209 704
209 782
209 869
209 875
209 915
210 232
210 263
210 408
210 526
210 938
210 973
210 991
211 266
211 307
211 378
211 509
211 530
211 544
211 656
211 784
211 863
211 943
211 959
212 281
212 292
212 803
212 964
213 329
213 424
213 582
213 747
213 788
213 810
213 918
213 997
214 220
214 359
214 420
214 636
214 802
215 293
215 337
215 354
215 405
215 556
215 652
215 750
215 859
216 279
216 286
216 427
216 436
216 464
216 539
216 560
216 618
216 756
216 933
217 261
217 306
217 489
217 708
217 841
217 951
218 379
218 382
218 398
218 547
218 657
219 237
219 361
219 367
219 457
219 580
219 588
219 658
219 690
219 691
219 757
220 359
220 420
220 540
220 725
220 802
221 373
221 569
221 643
221 715
221 857
221 931
222 364
222 516
222 529
222 604
222 735
222 841
222 951
223 309
223 316
223 340
223 344
223 391
223 648
223 932
223 945
223 970
224 386
224 412
224 519
224 551
224 671
225 229
225 600
225 606
225 614
225 616
225 738
225 882
225 886
225 984
226 392
226 440
226 586
226 661
226 776
226 800
226 818
227 492
227 622
227 906
227 954
228 253
228 435
228 535
228 650
229 268
229 606
229 614
229 616
229 736
229 738
230 276
230 467
230 573
230 751
230 801
230 823
230 908
230 928
230 956
230 983
231 413
231 422
231 441
231 533
231 669
232 263
232 526
232 938
232 973
232 991
233 290
233 327
233 373
233 625
233 643
233 677
233 715
233 857
234 394
234 958
235 548
235 550
235 658
235 672
235 797
235 809
235 965
236 240
236 336
236 399
236 451
236 536
236 933
237 457
237 460
237 655
237 691
237 981
238 291
238 414
238 574
238 770
238 789
238 835
238 853
239 482
239 508
239 855
239 912
240 399
240 451
240 536
240 933
241 517
241 521
241 683
241 798
241 829
241 939
242 430
242 483
242 673
242 730
242 794
242 885
243 273
243 346
243 480
243 567
243 745
243 870
243 902
243 920
243 980
244 710
244 927
244 993
245 365
245 612
245 728
245 741
245 826
246 389
246 545
246 554
246 571
246 682
246 752
246 912
246 934
247 253
247 395
247 425
247 515
247 596
247 650
247 923
248 368
248 495
248 522
248 663
248 827
248 898
248 992
249 271
249 339
249 575
249 828
249 911
250 252
250 270
250 363
250 439
250 640
250 949
250 989
251 288
251 298
251 505
251 838
251 872
251 985
252 270
252 391
252 439
252 470
252 945
252 949
253 435
253 515
253 535
253 596
253 650
254 261
254 328
254 402
254 426
254 489
254 708
255 305
255 404
255 456
255 469
255 501
255 581
255 600
255 638
255 722
255 839
255 882
255 924
255 941
256 272
256 694
256 729
256 753
256 819
256 833
256 858
256 891
257 376
257 403
257 584
257 597
257 782
257 830
258 365
258 680
258 976
259 549
259 552
259 712
259 844
259 854
260 274
260 350
260 385
260 469
260 579
260 913
260 924
260 937
261 306
261 328
261 402
261 489
261 708
262 320
262 543
262 688
262 880
263 322
263 526
263 787
263 973
264 437
264 468
264 568
264 693
264 696
264 711
264 957
265 288
265 985
266 307
266 378
266 611
266 784
266 863
266 943
266 959
267 384
267 461
267 471
267 581
267 879
267 941
268 606
268 614
268 736
269 275
269 374
269 485
269 615
269 665
269 719
270 363
270 434
270 799
270 989
271 507
271 575
271 828
271 911
272 694
272 729
272 743
272 753
272 819
272 833
272 858
272 891
273 346
273 480
273 732
273 902
273 920
273 980
274 342
274 350
274 385
274 469
274 579
274 913
274 924
274 937
274 996
275 332
275 418
275 615
275 760
276 279
276 436
276 467
276 573
276 751
276 801
276 823
276 908
276 928
277 308
277 408
277 781
277 899
277 960
278 322
278 352
278 734
278 825
278 876
278 995
279 286
279 427
279 436
279 464
279 467
279 539
279 560
279 751
279 756
279 905
279 908
280 511
280 542
280 808
280 946
281 803
281 864
281 964
282 454
282 463
282 474
282 689
282 987
283 296
283 338
283 362
283 646
283 686
283 724
283 785
283 832
283 890
284 298
284 509
284 601
284 744
284 749
284 767
285 444
285 568
286 436
286 539
286 560
286 756
286 880
286 933
287 677
287 907
288 872
288 916
288 985
289 334
289 466
289 602
289 746
289 866
290 327
290 388
290 625
290 685
290 715
290 919
291 755
291 770
291 813
292 964
293 337
293 354
293 405
293 458
293 556
293 649
293 652
293 859
294 302
294 330
294 374
294 607
294 647
294 704
294 719
294 782
294 815
294 869
294 875
294 915
294 929
295 695
295 969
296 302
296 338
296 362
296 374
296 376
296 485
296 646
296 647
296 686
296 785
296 832
296 890
297 357
297 473
297 522
297 577
297 639
297 653
297 663
297 827
297 952
297 992
298 572
298 838
298 985
299 415
299 450
299 834
300 397
300 418
300 446
300 538
300 554
300 733
300 760
300 934
301 824
301 861
302 338
302 362
302 374
302 376
302 607
302 646
302 647
302 782
303 336
303 464
303 618
303 718
303 726
304 314
304 487
304 503
304 525
304 576
304 896
305 404
305 456
305 501
305 600
305 638
305 654
305 722
305 839
305 882
306 489
306 701
306 708
306 841
306 951
307 378
307 530
307 656
307 784
307 863
307 867
307 943
307 959
308 339
308 408
308 899
308 911
308 969
309 316
309 391
309 470
309 648
309 932
309 945
309 970
310 734
310 938
310 991
311 397
311 428
311 709
311 733
311 855
311 862
311 897
312 410
312 512
312 516
312 529
312 604
313 442
313 611
313 784
313 791
313 852
313 863
314 412
314 487
314 503
314 525
314 551
314 896
315 659
315 894
316 391
316 470
316 648
316 887
316 932
316 945
316 970
317 381
317 812
317 895
317 998
318 486
318 598
318 804
319 325
319 586
319 800
320 375
320 463
320 543
320 689
320 880
321 361
321 523
321 548
321 588
321 610
321 690
321 691
321 716
321 757
321 971
322 352
322 443
322 734
322 995
323 619
323 635
323 705
324 406
324 419
324 518
324 629
324 978
325 705
326 565
326 595
326 633
326 662
326 696
326 990
327 373
327 429
327 643
327 685
327 715
327 857
328 402
328 702
328 708
329 582
329 810
329 918
329 997
330 374
330 607
330 647
330 665
330 719
330 815
330 869
330 875
330 929
331 333
331 459
331 465
331 496
331 510
331 617
331 744
331 749
331 767
331 927
332 418
332 538
332 615
332 760
333 355
333 465
333 496
333 509
333 510
333 544
333 744
333 749
333 767
333 993
334 602
334 746
334 807
334 866
335 507
335 613
335 666
336 536
336 618
336 726
336 933
337 405
337 531
337 556
337 703
337 859
338 362
338 376
338 597
338 646
338 647
338 686
338 785
339 781
339 911
340 344
340 648
340 779
340 797
340 809
340 945
341 362
341 485
341 502
341 720
341 785
341 832
341 890
341 963
342 350
342 385
342 579
342 821
342 913
342 994
342 996
343 447
343 717
344 648
344 809
344 932
344 945
344 970
345 390
346 480
346 870
346 902
346 920
346 980
347 360
347 452
347 527
347 980
348 382
348 445
348 483
348 628
349 564
349 752
349 766
349 888
350 385
350 469
350 579
350 913
350 924
350 937
351 395
351 477
351 620
351 632
351 856
351 923
352 387
352 734
352 786
352 825
352 876
352 995
353 621
353 761
353 779
353 868
353 952
353 986
353 988
354 405
354 652
354 734
354 750
354 859
355 465
355 496
355 509
355 510
355 530
355 544
355 656
355 851
356 524
356 573
356 853
356 956
356 974
357 463
357 473
357 522
357 577
357 639
357 653
357 663
357 952
357 987
358 557
358 583
358 594
358 699
358 743
358 753
358 858
358 891
359 420
359 540
359 745
359 802
360 452
360 527
360 698
360 980
361 548
361 588
361 610
361 658
361 674
361 690
361 691
361 716
361 757
362 374
362 485
362 647
362 785
362 832
362 890
363 434
363 629
363 737
363 799
363 989
364 380
364 604
364 701
364 735
364 811
364 841
365 612
365 780
365 976
366 486
366 598
366 758
366 804
366 900
367 449
367 457
367 476
367 506
367 580
367 605
369 424
369 455
369 623
369 706
369 788
369 793
369 836
369 955
369 968
370 433
370 479
370 494
370 680
370 742
370 881
371 419
371 438
371 462
371 681
371 714
371 944
371 978
372 557
372 565
372 699
372 711
372 772
372 990
373 643
373 715
373 857
373 931
374 485
374 607
374 647
374 665
374 719
374 875
374 929
375 463
375 543
375 689
375 987
376 597
376 646
376 647
376 686
377 415
377 651
377 707
377 932
378 442
378 656
378 784
378 863
378 943
378 959
379 490
379 657
379 763
379 888
380 386
380 519
380 735
380 740
380 790
380 811
381 466
381 812
381 998
382 398
382 547
382 657
383 417
383 475
383 553
383 723
383 846
383 848
384 824
384 941
385 469
385 579
385 913
385 924
385 937
385 994
386 412
386 519
386 551
387 396
387 453
387 555
387 684
387 786
387 825
387 889
387 942
388 477
388 625
388 685
388 843
389 545
389 571
389 682
389 752
389 766
389 912
390 787
390 831
391 470
391 648
391 945
391 970
392 440
392 776
392 818
392 946
393 403
393 472
393 493
393 495
393 830
393 898
394 958
395 477
395 620
395 856
395 923
396 438
396 453
396 462
396 555
396 684
396 825
396 876
396 889
396 942
397 538
397 554
397 733
397 855
397 862
397 897
397 934
398 547
399 536
400 411
400 532
400 624
400 679
400 697
401 411
401 679
401 729
401 819
401 936
401 947
402 426
402 504
402 570
402 702
402 708
403 472
403 493
403 644
403 704
403 782
403 830
404 456
404 513
404 609
404 654
404 722
404 871
404 882
404 975
405 531
405 556
405 703
405 859
406 458
406 518
406 652
406 978
407 421
407 431
407 481
407 499
407 593
407 860
408 899
408 960
409 537
409 558
409 563
409 575
409 762
409 805
410 512
410 516
410 529
411 532
411 679
411 936
412 503
412 525
412 551
413 441
413 533
413 669
414 574
414 701
414 755
414 770
415 450
415 651
415 707
416 429
416 840
416 919
417 553
417 637
417 775
417 822
417 847
417 848
417 910
418 446
418 514
418 538
418 615
418 760
419 518
419 714
419 944
419 978
420 540
420 636
420 802
421 431
421 481
421 499
421 527
421 698
421 860
422 669
422 871
422 893
423 431
423 698
423 727
424 511
424 542
424 623
424 706
424 747
424 788
424 955
424 968
425 515
425 596
425 650
425 685
426 631
426 702
427 539
427 585
427 689
427 756
427 905
428 630
428 645
428 700
428 950
429 774
429 820
429 919
430 486
430 667
430 804
430 885
431 481
431 499
431 593
431 698
431 860
432 515
432 671
432 883
432 923
433 479
433 494
433 676
433 680
433 687
433 742
433 881
434 737
434 799
434 887
435 535
435 650
436 464
436 539
436 560
436 618
436 751
436 756
436 908
437 468
437 568
437 595
437 693
437 696
437 957
438 453
438 462
438 681
438 940
438 944
439 640
439 949
440 586
440 661
440 776
440 777
440 800
440 806
440 818
441 532
441 669
441 947
442 572
442 784
442 791
442 852
442 863
442 959
443 786
443 966
443 995
444 568
444 957
445 490
445 547
445 628
445 657
445 763
445 792
445 901
446 514
447 717
447 728
447 741
447 877
448 738
449 457
449 476
449 506
449 580
449 605
449 948
450 681
451 536
451 688
451 933
452 527
452 732
453 462
453 555
453 626
453 684
453 889
453 942
454 577
454 597
454 987
455 793
455 904
455 968
456 501
456 600
456 609
456 638
456 722
456 839
456 882
457 460
457 605
457 981
458 649
458 652
459 617
459 749
459 767
459 815
460 588
460 655
460 981
461 471
461 478
461 581
461 879
461 886
461 941
461 984
462 681
462 714
462 940
462 944
463 543
463 577
463 653
463 987
464 560
464 618
464 718
464 751
464 756
464 908
465 496
465 509
465 510
465 544
465 656
465 744
465 749
465 767
466 726
466 812
466 998
467 539
467 751
467 801
467 823
467 905
467 908
467 928
468 568
468 595
468 693
468 696
468 711
468 957
468 990
469 839
469 913
469 924
470 648
470 945
470 970
471 478
471 581
471 879
471 886
471 941
471 984
472 493
472 644
472 704
472 830
472 915
473 522
473 577
473 639
473 653
473 663
473 827
473 952
473 992
474 585
474 689
474 921
475 528
475 553
475 723
475 817
475 846
475 848
475 926
476 506
476 561
476 605
476 948
477 620
477 856
478 803
478 864
478 879
478 886
478 984
479 592
479 670
479 680
479 780
479 881
479 976
480 567
480 745
480 870
480 902
481 499
481 593
481 860
482 508
482 954
482 979
483 628
483 673
483 794
483 885
484 599
484 664
484 673
484 730
484 764
484 884
484 977
485 502
485 665
485 785
485 832
486 804
487 576
487 845
487 896
488 513
488 654
488 738
488 871
488 893
488 975
489 701
489 708
489 841
490 657
490 763
490 901
491 534
491 589
491 765
491 778
491 822
491 847
491 935
491 999
492 622
492 645
492 721
492 906
492 954
492 979
493 644
493 830
494 676
494 742
494 754
494 881
495 522
495 692
495 827
495 898
495 992
496 509
496 510
496 749
496 767
496 993
497 798
498 567
498 745
498 870
498 925
499 593
499 824
499 860
500 642
500 851
500 867
500 874
501 581
501 600
501 638
501 722
501 839
501 879
501 882
501 886
502 514
502 963
503 525
503 551
504 570
504 598
504 702
504 769
504 814
504 900
505 528
505 817
505 872
505 916
505 926
506 605
506 948
507 537
507 613
507 666
507 828
508 545
508 682
508 912
509 510
509 530
509 544
509 601
509 656
509 744
509 749
509 767
509 959
510 544
510 617
510 744
510 749
510 767
511 542
511 808
511 955
512 516
512 529
513 600
513 654
513 722
513 738
513 871
513 882
513 975
515 535
515 596
515 650
515 923
516 529
516 604
517 683
517 939
518 629
518 737
518 978
519 551
519 740
520 549
520 559
520 587
520 660
520 676
520 742
520 754
520 776
520 795
520 806
521 609
521 683
521 829
521 939
522 584
522 639
522 663
522 827
522 898
522 992
523 588
523 716
523 971
524 573
524 853
524 956
524 974
525 551
526 787
526 831
526 973
527 698
527 980
528 731
528 817
528 846
528 848
528 872
528 916
528 926
528 953
528 967
529 604
529 951
530 544
530 656
530 867
530 943
530 959
531 556
531 627
531 703
531 859
531 938
531 991
532 679
532 697
534 589
534 640
534 765
534 778
534 949
535 650
536 933
537 762
537 805
538 733
538 760
538 862
539 585
539 756
539 905
539 908
540 745
540 802
540 925
541 573
541 768
541 928
541 983
542 706
542 808
542 836
542 955
542 968
542 999
543 880
544 656
544 959
545 554
545 571
545 682
545 752
545 912
546 605
546 739
547 657
548 610
548 658
548 674
548 690
548 691
548 716
548 757
549 552
549 559
549 661
549 712
549 777
549 795
549 844
549 854
550 672
550 965
551 671
552 687
552 712
552 748
552 783
552 844
552 854
553 637
553 723
553 775
553 817
553 846
553 848
554 571
554 733
554 855
554 862
554 912
554 934
555 626
555 684
555 713
555 834
555 889
555 917
555 942
556 703
556 859
557 565
557 583
557 594
557 699
557 772
558 563
558 762
558 805
559 587
559 660
559 661
559 776
559 777
559 795
559 806
560 618
560 756
560 908
560 933
561 602
561 948
562 709
562 851
562 993
563 762
563 894
564 766
565 633
565 662
565 772
565 990
566 636
566 857
566 931
567 745
567 870
567 902
568 693
568 696
568 957
569 931
569 962
570 598
570 631
570 702
570 758
570 814
570 900
571 682
571 752
571 855
571 912
571 934
572 838
572 852
573 751
573 823
573 928
573 956
573 983
574 770
574 835
574 892
575 828
576 845
576 896
577 584
577 653
577 987
578 624
578 873
578 922
578 966
579 937
579 994
580 658
581 638
581 879
581 886
581 941
581 984
582 810
582 894
582 918
583 594
583 699
583 753
583 772
583 891
584 597
584 639
585 689
585 756
585 764
585 801
585 905
586 661
586 777
586 800
586 818
587 660
587 754
587 776
587 806
588 610
588 655
588 690
588 691
588 757
588 971
589 640
589 778
589 793
589 904
589 935
590 759
590 816
590 842
590 920
591 930
592 612
592 670
592 780
592 865
592 976
593 860
594 699
594 753
594 891
595 633
595 662
595 696
595 990
596 650
596 919
597 646
597 686
598 758
598 769
598 804
598 814
598 900
599 664
599 668
599 730
599 771
599 884
599 921
599 977
600 616
600 638
600 654
600 722
600 879
600 882
600 886
601 656
601 744
601 767
602 726
604 951
605 948
606 614
606 616
606 736
606 738
607 647
607 704
607 782
607 869
607 875
607 915
608 613
608 666
609 829
609 975
610 674
610 690
610 691
610 716
610 757
611 784
611 791
611 863
612 670
612 728
612 780
612 865
613 666
614 616
614 886
614 984
615 710
615 760
616 738
616 882
616 886
616 984
617 744
617 749
617 767
618 718
618 933
619 635
619 914
620 632
620 856
621 653
621 761
621 779
621 868
621 952
621 986
621 988
622 645
622 721
622 906
622 954
622 979
623 649
623 706
623 788
623 955
623 968
624 697
624 922
625 677
625 685
625 843
626 684
626 713
626 834
626 889
626 917
626 942
627 969
627 991
628 901
629 737
629 904
630 700
630 773
630 950
630 972
631 702
632 856
633 662
633 696
633 772
633 990
634 725
635 705
636 802
637 731
637 775
637 817
637 848
637 903
637 910
637 953
637 967
638 722
638 839
638 879
638 882
638 941
639 663
639 827
639 898
639 992
640 904
640 949
640 989
641 720
641 771
641 792
641 850
641 901
641 909
641 963
642 867
643 715
643 857
643 931
644 830
645 721
645 954
645 979
646 686
646 724
647 719
648 932
648 945
648 970
649 747
650 840
651 707
652 750
652 978
653 952
653 988
654 722
654 738
654 871
654 882
654 975
655 796
655 971
655 981
656 959
657 763
657 901
658 690
658 691
658 757
658 965
660 754
660 776
660 795
660 806
661 776
661 777
661 800
661 806
661 818
662 696
663 827
663 898
663 992
664 668
664 730
664 764
664 884
664 921
664 977
665 719
665 929
667 673
667 768
667 885
668 724
668 884
668 921
670 780
670 865
671 883
671 923
672 797
672 809
672 965
673 730
673 771
673 794
673 885
674 690
674 716
674 809
675 700
675 837
675 950
676 680
676 687
676 742
676 748
676 795
676 881
677 843
677 857
677 907
678 741
678 826
678 877
679 697
680 687
680 748
680 783
680 881
680 976
681 714
681 944
682 752
682 912
683 829
683 939
684 713
684 834
684 889
684 917
684 942
685 919
686 724
687 742
687 748
687 783
687 795
688 880
689 905
690 691
690 716
690 757
691 757
692 903
693 696
693 711
693 957
693 990
694 729
694 819
694 858
695 703
695 894
696 711
696 957
696 990
697 922
699 772
700 773
700 837
700 950
700 972
701 841
703 859
704 782
704 830
704 869
704 915
706 747
706 788
706 955
706 968
707 887
708 849
709 862
709 897
710 927
711 957
711 990
712 844
712 854
713 834
713 917
713 942
714 737
714 887
714 944
715 857
716 757
717 741
717 877
719 815
719 869
719 875
719 929
720 792
720 850
720 890
720 909
720 963
721 906
721 954
721 979
722 882
723 846
723 914
723 982
724 890
725 802
725 925
728 741
728 780
728 826
729 819
729 833
729 858
729 936
729 947
730 771
730 794
730 885
731 817
731 903
731 953
731 967
732 759
732 920
733 760
733 855
733 862
733 897
734 825
734 876
735 740
735 790
735 811
735 841
736 738
736 743
736 753
737 799
739 821
740 790
740 811
741 826
741 877
742 754
742 795
742 881
743 753
743 858
743 891
744 749
744 767
745 902
745 925
746 774
746 807
746 820
746 866
747 788
747 810
747 918
748 783
749 767
750 940
751 801
751 823
751 908
751 928
752 766
752 888
752 934
753 858
753 891
754 997
755 770
755 813
756 905
756 908
758 804
758 900
759 816
759 842
759 920
761 868
761 952
761 986
761 988
762 805
764 801
764 884
764 905
764 921
764 977
765 778
765 910
769 814
770 789
770 835
770 853
771 794
771 850
771 909
772 990
773 837
773 874
773 950
773 972
774 820
774 866
775 822
775 847
775 910
776 777
776 806
776 818
777 806
777 844
778 910
778 935
779 797
779 809
779 868
779 986
780 865
780 976
781 899
781 960
782 830
782 915
784 791
784 852
784 863
784 959
785 832
785 890
786 825
786 889
786 995
787 831
787 973
788 955
788 968
789 835
789 853
789 895
789 974
790 811
791 852
791 878
792 850
792 901
792 909
792 963
793 836
793 904
793 935
793 968
793 999
794 885
796 937
796 971
796 981
797 809
797 965
797 986
798 829
798 871
798 893
798 975
799 887
799 989
800 818
801 823
801 905
801 928
801 977
801 983
803 864
803 964
804 900
807 820
807 866
807 962
809 965
810 918
810 997
812 998
815 869
815 875
815 915
815 929
816 842
816 920
817 848
817 953
817 967
818 946
818 982
819 858
819 936
820 866
821 996
822 847
822 999
823 908
823 928
823 956
823 983
825 876
825 889
825 995
826 877
827 898
827 992
829 975
832 890
833 858
833 947
834 917
834 942
835 892
836 935
836 968
836 999
837 950
837 972
838 985
839 924
839 941
840 919
840 961
841 951
844 854
845 896
846 848
846 926
847 910
848 953
848 967
850 890
850 909
850 963
851 874
853 956
853 974
855 862
855 897
855 912
857 931
858 891
861 996
862 897
863 943
863 959
864 964
866 962
867 943
868 952
868 986
868 988
869 875
869 915
869 929
870 902
871 893
871 975
872 916
872 926
873 922
873 966
875 915
875 929
876 995
879 886
879 941
879 984
882 886
883 923
884 921
884 977
886 984
889 942
890 909
893 975
895 998
898 992
899 960
902 920
903 910
903 953
903 967
905 908
906 954
909 963
913 924
913 996
914 982
917 942
921 977
927 993
928 983
932 945
932 970
935 999
938 991
940 944
943 959
945 970
950 972
952 988
953 967
954 979
955 968
956 974
981 994
994 996
