2000
0 0.308002 0.942837
1 0.727138 0.795241
2 0.561443 0.764301
3 0.182193 0.051860
4 0.256234 0.680588
5 0.637762 0.933647
6 0.294655 0.969488
7 0.797529 0.689570
8 0.175566 0.164227
9 0.100964 0.404815
10 0.248232 0.204872
11 0.395948 0.246234
12 0.022938 0.905522
13 0.189683 0.820105
14 0.796469 0.539566
15 0.545048 0.648105
16 0.289013 0.885316
17 0.893672 0.698024
18 0.208790 0.645637
19 0.522352 0.367722
20 0.661668 0.757699
21 0.256029 0.313930
22 0.105255 0.742792
23 0.908412 0.041957
24 0.110448 0.911184
25 0.400412 0.228017
26 0.538119 0.933261
27 0.056925 0.332787
28 0.864631 0.015781
29 0.484094 0.182992
30 0.297069 0.680791
31 0.602019 0.847223
32 0.007565 0.934879
33 0.862022 0.312844
34 0.285826 0.437641
35 0.412870 0.182780
36 0.659936 0.130841
37 0.997026 0.854120
38 0.067744 0.673503
39 0.655793 0.414904
40 0.974620 0.943218
41 0.901342 0.801108
42 0.928077 0.810239
43 0.873984 0.592764
44 0.415771 0.368486
45 0.144599 0.196332
46 0.050558 0.816347
47 0.245046 0.059807
48 0.044817 0.220227
49 0.713430 0.997776
50 0.655959 0.465070
51 0.426476 0.665491
52 0.785993 0.798629
53 0.257870 0.714227
54 0.200286 0.510033
55 0.649252 0.184597
56 0.894101 0.448251
57 0.509679 0.250153
58 0.980246 0.282345
59 0.969691 0.510529
60 0.097119 0.632924
61 0.907764 0.651529
62 0.743679 0.463035
63 0.839723 0.439006
64 0.136349 0.406715
65 0.715850 0.693998
66 0.152572 0.034771
67 0.405740 0.108554
68 0.676727 0.409856
69 0.167552 0.504793
70 0.196339 0.666721
71 0.196189 0.414204
72 0.809979 0.768538
73 0.424009 0.659812
74 0.903010 0.036508
75 0.108037 0.960797
76 0.623262 0.527485
77 0.379239 0.447261
78 0.945995 0.843133
79 0.852294 0.372316
80 0.555954 0.494208
81 0.598362 0.239268
82 0.994060 0.514783
83 0.268738 0.023637
84 0.517247 0.623848
85 0.923858 0.162876
86 0.902199 0.865435
87 0.169986 0.511107
88 0.987199 0.323513
89 0.535006 0.511811
90 0.091036 0.204154
91 0.625095 0.428366
92 0.573903 0.305017
93 0.495670 0.590455
94 0.712419 0.651000
95 0.842821 0.263810
96 0.749424 0.864926
97 0.075581 0.931401
98 0.448870 0.663439
99 0.064710 0.486099
100 0.737172 0.720815
101 0.380274 0.078017
102 0.044538 0.027174
103 0.128172 0.134125
104 0.773349 0.782647
105 0.074834 0.373421
106 0.915313 0.815298
107 0.609693 0.477842
108 0.215149 0.488180
109 0.236615 0.447265
110 0.435763 0.069676
111 0.708342 0.566361
112 0.218342 0.581302
113 0.622078 0.341742
114 0.750544 0.208466
115 0.279733 0.729722
116 0.956921 0.462202
117 0.882908 0.468225
118 0.207940 0.413671
119 0.680587 0.350743
120 0.607455 0.488296
121 0.516570 0.835934
122 0.763192 0.502652
123 0.334070 0.473364
124 0.570805 0.854795
125 0.586459 0.244046
126 0.949271 0.037486
127 0.176040 0.063871
128 0.653871 0.933828
129 0.496788 0.378648
130 0.262752 0.676087
131 0.392377 0.991434
132 0.184003 0.201042
133 0.357399 0.005949
134 0.062442 0.018992
135 0.107546 0.044337
136 0.278762 0.128554
137 0.723614 0.703141
138 0.328422 0.455727
139 0.934545 0.548330
140 0.743656 0.673192
141 0.746323 0.818335
142 0.879158 0.764638
143 0.546403 0.403496
144 0.320540 0.238913
145 0.017428 0.600963
146 0.894334 0.470122
147 0.679376 0.606036
148 0.259305 0.242307
149 0.645833 0.694055
150 0.841075 0.211140
151 0.228004 0.571398
152 0.435531 0.660104
153 0.349104 0.429804
154 0.151196 0.624930
155 0.342180 0.825127
156 0.595986 0.619824
157 0.247152 0.499828
158 0.686391 0.877872
159 0.690037 0.886727
160 0.084910 0.781491
161 0.764340 0.201093
162 0.271285 0.350932
163 0.553377 0.453258
164 0.093656 0.991804
165 0.067399 0.623652
166 0.517717 0.668766
167 0.343823 0.481069
168 0.485327 0.810140
169 0.408180 0.175669
170 0.463442 0.884855
171 0.024737 0.353346
172 0.405792 0.961335
173 0.323033 0.546839
174 0.272601 0.457345
175 0.324995 0.639058
176 0.957754 0.720475
177 0.117067 0.265320
178 0.458150 0.040850
179 0.912731 0.123798
180 0.386591 0.190827
181 0.533045 0.297208
182 0.477410 0.610848
183 0.896292 0.853864
184 0.563139 0.916291
185 0.952561 0.192455
186 0.125057 0.822495
187 0.798569 0.519802
188 0.727168 0.531144
189 0.284426 0.072194
190 0.012783 0.177162
191 0.276503 0.309077
192 0.487100 0.674028
193 0.245169 0.372573
194 0.856119 0.076823
195 0.637547 0.041103
196 0.525254 0.071226
197 0.250938 0.616851
198 0.870969 0.578048
199 0.501375 0.286802
200 0.604082 0.633000
201 0.183740 0.539429
202 0.419331 0.178920
203 0.961537 0.087245
204 0.783055 0.916508
205 0.747225 0.144858
206 0.149293 0.899614
207 0.338136 0.842847
208 0.114349 0.132444
209 0.158358 0.019662
210 0.020830 0.028575
211 0.723538 0.626935
212 0.304414 0.225465
213 0.493454 0.508004
214 0.440055 0.913176
215 0.106264 0.365101
216 0.689080 0.532322
217 0.598722 0.317582
218 0.974596 0.423791
219 0.108231 0.571743
220 0.119858 0.771587
221 0.725482 0.372165
222 0.372733 0.970162
223 0.620486 0.585207
224 0.609089 0.368902
225 0.300211 0.977187
226 0.858974 0.198992
227 0.872594 0.492926
228 0.831601 0.371631
229 0.489566 0.614790
230 0.928710 0.751650
231 0.720842 0.187971
232 0.830529 0.456845
233 0.470550 0.934730
234 0.114608 0.710900
235 0.190407 0.248416
236 0.524951 0.786533
237 0.565975 0.757555
238 0.447410 0.615572
239 0.556648 0.580923
240 0.867002 0.713942
241 0.655371 0.156449
242 0.583775 0.172059
243 0.500677 0.019956
244 0.746119 0.594972
245 0.521510 0.934165
246 0.823838 0.041568
247 0.124369 0.324031
248 0.988075 0.208503
249 0.042689 0.061441
250 0.491131 0.332016
251 0.859960 0.260400
252 0.046450 0.539592
253 0.390935 0.893311
254 0.397526 0.673490
255 0.559397 0.719583
256 0.234208 0.929414
257 0.646285 0.229710
258 0.365858 0.006162
259 0.298593 0.051159
260 0.593036 0.845883
261 0.487306 0.536791
262 0.032883 0.459580
263 0.681738 0.062209
264 0.748078 0.778837
265 0.867991 0.895353
266 0.405223 0.952229
267 0.680835 0.369820
268 0.345759 0.013710
269 0.841213 0.492781
270 0.890961 0.390284
271 0.922316 0.287578
272 0.938878 0.724918
273 0.779538 0.594438
274 0.568908 0.767899
275 0.300723 0.581508
276 0.768927 0.224262
277 0.392612 0.333738
278 0.742897 0.850217
279 0.863649 0.553100
280 0.739364 0.380904
281 0.378528 0.095309
282 0.590947 0.958772
283 0.300105 0.363129
284 0.069447 0.172607
285 0.873065 0.468900
286 0.673450 0.900204
287 0.498209 0.370432
288 0.499108 0.275125
289 0.812861 0.815746
290 0.908398 0.657341
291 0.350462 0.436325
292 0.427904 0.816345
293 0.292253 0.983036
294 0.044689 0.764357
295 0.870435 0.679059
296 0.974563 0.879053
297 0.614089 0.280296
298 0.855078 0.929994
299 0.983217 0.484952
300 0.450449 0.366712
301 0.302802 0.894445
302 0.675298 0.297679
303 0.894139 0.689754
304 0.245133 0.691918
305 0.567278 0.680454
306 0.543660 0.468828
307 0.186279 0.408113
308 0.360546 0.306810
309 0.848095 0.541382
310 0.997932 0.197589
311 0.326217 0.887033
312 0.870008 0.000638
313 0.821849 0.959354
314 0.127172 0.510950
315 0.738219 0.199725
316 0.024768 0.843377
317 0.147726 0.618881
318 0.726148 0.258102
319 0.856995 0.846248
320 0.980731 0.904315
321 0.491486 0.313936
322 0.650029 0.342964
323 0.819190 0.577368
324 0.368014 0.124499
325 0.612003 0.580190
326 0.716979 0.143790
327 0.703765 0.008024
328 0.175997 0.971974
329 0.545522 0.743805
330 0.756319 0.873749
331 0.481423 0.836808
332 0.676518 0.758683
333 0.172792 0.328210
334 0.649924 0.886390
335 0.083231 0.737872
336 0.357871 0.747972
337 0.464488 0.179904
338 0.248615 0.241671
339 0.092266 0.431585
340 0.868263 0.567086
341 0.022338 0.604075
342 0.062851 0.170934
343 0.009403 0.605052
344 0.838027 0.505384
345 0.508435 0.523844
346 0.344239 0.448283
347 0.798817 0.120399
348 0.181545 0.313959
349 0.961229 0.943377
350 0.291098 0.341904
351 0.413654 0.445057
352 0.370580 0.531537
353 0.745017 0.344554
354 0.048746 0.465662
355 0.398530 0.405898
356 0.633284 0.070869
357 0.351466 0.743774
358 0.106618 0.100095
359 0.314129 0.747300
360 0.185819 0.490676
361 0.127953 0.720997
362 0.685682 0.650660
363 0.981200 0.382133
364 0.128108 0.156815
365 0.780384 0.424919
366 0.526301 0.309665
367 0.516608 0.464594
368 0.538855 0.484072
369 0.748139 0.808181
370 0.736710 0.238274
371 0.384095 0.663784
372 0.555005 0.699980
373 0.798807 0.596540
374 0.612251 0.835001
375 0.932398 0.266930
376 0.470805 0.822095
377 0.440366 0.745880
378 0.585533 0.907100
379 0.143405 0.991176
380 0.141595 0.790098
381 0.998464 0.390990
382 0.717668 0.811252
383 0.562975 0.632822
384 0.227526 0.944164
385 0.456451 0.540010
386 0.390734 0.879955
387 0.062319 0.290986
388 0.405827 0.018448
389 0.111636 0.700030
390 0.182253 0.248858
391 0.704763 0.416671
392 0.587508 0.059645
393 0.919166 0.186361
394 0.800527 0.813237
395 0.692339 0.044788
396 0.482813 0.630257
397 0.422997 0.493543
398 0.762141 0.334177
399 0.056168 0.148827
400 0.518312 0.699896
401 0.745310 0.975304
402 0.764477 0.347052
403 0.701060 0.892095
404 0.822031 0.524173
405 0.147791 0.677233
406 0.878714 0.147965
407 0.216371 0.855662
408 0.692416 0.111441
409 0.289995 0.045907
410 0.657241 0.055251
411 0.789713 0.061838
412 0.183800 0.508499
413 0.637212 0.918473
414 0.362229 0.548489
415 0.664664 0.774578
416 0.174361 0.903258
417 0.054935 0.759844
418 0.100510 0.726419
419 0.490141 0.580705
420 0.826721 0.110758
421 0.062559 0.776427
422 0.899930 0.775171
423 0.159091 0.505858
424 0.601327 0.258969
425 0.468977 0.785278
426 0.012313 0.388223
427 0.984164 0.169087
428 0.232803 0.740749
429 0.362735 0.967597
430 0.978222 0.329478
431 0.308005 0.229977
432 0.329396 0.748396
433 0.679389 0.885468
434 0.238639 0.580879
435 0.895848 0.632227
436 0.505688 0.957179
437 0.818736 0.390751
438 0.328748 0.765967
439 0.708042 0.397579
440 0.208736 0.174268
441 0.034558 0.305028
442 0.938964 0.790776
443 0.900180 0.974012
444 0.647779 0.019455
445 0.569553 0.999516
446 0.378365 0.893491
447 0.148493 0.392100
448 0.487683 0.954089
449 0.758093 0.253846
450 0.225688 0.544256
451 0.648142 0.733439
452 0.216276 0.224622
453 0.569477 0.022622
454 0.203038 0.886553
455 0.345727 0.537163
456 0.314333 0.988657
457 0.557476 0.661550
458 0.508203 0.043718
459 0.858123 0.529470
460 0.486813 0.031803
461 0.962202 0.843991
462 0.555412 0.356767
463 0.965262 0.992271
464 0.386503 0.170876
465 0.624203 0.914049
466 0.223851 0.957790
467 0.043993 0.357355
468 0.977606 0.034817
469 0.646408 0.313052
470 0.773134 0.817491
471 0.018834 0.750461
472 0.559609 0.382680
473 0.789662 0.234042
474 0.760338 0.292782
475 0.299108 0.351350
476 0.964634 0.111705
477 0.866520 0.766263
478 0.958855 0.817731
479 0.268695 0.626504
480 0.973360 0.624049
481 0.638471 0.000798
482 0.882467 0.554632
483 0.368834 0.998510
484 0.236104 0.491312
485 0.764982 0.233430
486 0.424710 0.307330
487 0.125322 0.333382
488 0.983012 0.133270
489 0.652017 0.268650
490 0.023695 0.763232
491 0.092770 0.374725
492 0.058545 0.702253
493 0.297685 0.078699
494 0.012534 0.380388
495 0.938561 0.503633
496 0.065385 0.614545
497 0.482685 0.321556
498 0.139183 0.453246
499 0.652949 0.420228
500 0.903184 0.471786
501 0.900286 0.403220
502 0.011574 0.856864
503 0.235640 0.952871
504 0.093796 0.568145
505 0.645901 0.671249
506 0.676005 0.950474
507 0.238327 0.831852
508 0.537383 0.677473
509 0.806192 0.464919
510 0.717963 0.589067
511 0.215922 0.659430
512 0.740144 0.367675
513 0.205236 0.620375
514 0.480287 0.744036
515 0.208939 0.138397
516 0.839673 0.614700
517 0.370162 0.054960
518 0.619634 0.329165
519 0.758760 0.118572
520 0.905939 0.759696
521 0.728041 0.582227
522 0.695003 0.848650
523 0.728912 0.588275
524 0.772868 0.768649
525 0.362156 0.168730
526 0.704635 0.456865
527 0.918032 0.012209
528 0.634648 0.526156
529 0.772020 0.203021
530 0.762154 0.965011
531 0.189795 0.122884
532 0.608384 0.390409
533 0.905313 0.853483
534 0.683838 0.922978
535 0.623396 0.845954
536 0.714973 0.803200
537 0.425743 0.615996
538 0.275373 0.145866
539 0.568611 0.262990
540 0.454112 0.837538
541 0.412693 0.269739
542 0.329681 0.205962
543 0.601660 0.016911
544 0.159378 0.458541
545 0.763095 0.455104
546 0.616990 0.786361
547 0.944002 0.417468
548 0.115654 0.460973
549 0.712800 0.127111
550 0.238127 0.213008
551 0.360698 0.556067
552 0.563340 0.674893
553 0.917580 0.426368
554 0.725921 0.694327
555 0.760969 0.808838
556 0.374487 0.880859
557 0.441422 0.471474
558 0.804873 0.834828
559 0.973627 0.356854
560 0.436033 0.126051
561 0.249754 0.826779
562 0.969242 0.239116
563 0.420028 0.602404
564 0.025284 0.382754
565 0.055286 0.649403
566 0.289710 0.272695
567 0.657199 0.610238
568 0.712802 0.740590
569 0.614097 0.769422
570 0.108781 0.295972
571 0.013808 0.952669
572 0.577850 0.573905
573 0.819639 0.207129
574 0.791613 0.587463
575 0.771557 0.375726
576 0.192304 0.881266
577 0.896604 0.225545
578 0.755067 0.647406
579 0.712959 0.199688
580 0.612227 0.512152
581 0.881723 0.270455
582 0.453063 0.901333
583 0.392962 0.973595
584 0.799410 0.388578
585 0.992105 0.620202
586 0.043696 0.597507
587 0.553714 0.538143
588 0.959661 0.329876
589 0.585142 0.194109
590 0.317658 0.185116
591 0.351837 0.695739
592 0.539566 0.435793
593 0.321152 0.447016
594 0.394381 0.728695
595 0.696526 0.432979
596 0.928856 0.950840
597 0.510779 0.541907
598 0.293468 0.097704
599 0.638663 0.692611
600 0.140713 0.435203
601 0.667898 0.840075
602 0.867517 0.193256
603 0.428291 0.769662
604 0.349470 0.006285
605 0.120138 0.958218
606 0.971873 0.324813
607 0.405930 0.679842
608 0.701012 0.062346
609 0.533538 0.964762
610 0.658846 0.813014
611 0.544351 0.981634
612 0.165233 0.077998
613 0.886476 0.906808
614 0.494070 0.072547
615 0.653199 0.850431
616 0.678038 0.109116
617 0.342637 0.678967
618 0.690922 0.597289
619 0.871684 0.825298
620 0.405974 0.936521
621 0.222690 0.173373
622 0.741266 0.570278
623 0.637720 0.381158
624 0.599411 0.961208
625 0.074104 0.608838
626 0.735984 0.635514
627 0.625827 0.201374
628 0.539929 0.092508
629 0.912427 0.423615
630 0.770584 0.112392
631 0.266905 0.546667
632 0.108242 0.827280
633 0.519062 0.786382
634 0.797180 0.017284
635 0.470066 0.039921
636 0.212073 0.406948
637 0.394784 0.653971
638 0.602623 0.803482
639 0.608093 0.326374
640 0.135055 0.368742
641 0.479921 0.877003
642 0.460242 0.353600
643 0.734743 0.092012
644 0.820446 0.257158
645 0.919107 0.369997
646 0.270156 0.038244
647 0.249868 0.954295
648 0.931205 0.702983
649 0.666162 0.122534
650 0.328357 0.319725
651 0.799736 0.822722
652 0.758747 0.271424
653 0.751144 0.894580
654 0.337062 0.345591
655 0.013352 0.195491
656 0.828057 0.083251
657 0.619730 0.662338
658 0.628995 0.660849
659 0.296805 0.462852
660 0.205078 0.131077
661 0.828255 0.417832
662 0.662699 0.504266
663 0.496131 0.117113
664 0.642326 0.881305
665 0.420425 0.712573
666 0.054123 0.733612
667 0.210737 0.599028
668 0.785891 0.964719
669 0.954573 0.926619
670 0.407815 0.762481
671 0.545967 0.059942
672 0.939720 0.016330
673 0.849811 0.203185
674 0.032173 0.644321
675 0.479509 0.544336
676 0.460639 0.199160
677 0.029062 0.436548
678 0.660982 0.678024
679 0.445389 0.331061
680 0.144981 0.547941
681 0.852696 0.403593
682 0.026098 0.616640
683 0.547909 0.074925
684 0.558622 0.528190
685 0.074679 0.916422
686 0.547382 0.343431
687 0.253180 0.752543
688 0.720601 0.877093
689 0.793910 0.124915
690 0.675043 0.206681
691 0.655920 0.666345
692 0.800472 0.042598
693 0.623388 0.348172
694 0.669535 0.454667
695 0.669158 0.010669
696 0.739538 0.787108
697 0.854176 0.462187
698 0.734506 0.753823
699 0.956143 0.772201
700 0.206675 0.933424
701 0.625639 0.690068
702 0.900665 0.840037
703 0.545152 0.190775
704 0.532295 0.994943
705 0.757475 0.569043
706 0.367799 0.965208
707 0.631803 0.763016
708 0.037461 0.397733
709 0.781818 0.749424
710 0.845459 0.430335
711 0.790058 0.662612
712 0.153326 0.312417
713 0.484434 0.407950
714 0.321692 0.826569
715 0.685639 0.189601
716 0.798274 0.553240
717 0.091008 0.555763
718 0.353880 0.256276
719 0.232045 0.417116
720 0.630668 0.521250
721 0.772567 0.002541
722 0.131719 0.994357
723 0.409348 0.102131
724 0.639913 0.107132
725 0.842411 0.453007
726 0.382424 0.989911
727 0.300085 0.636758
728 0.517839 0.611101
729 0.045132 0.302676
730 0.957488 0.496391
731 0.993448 0.266515
732 0.750690 0.319981
733 0.102597 0.890582
734 0.615003 0.720670
735 0.452230 0.096374
736 0.819573 0.101026
737 0.181117 0.615707
738 0.697212 0.604818
739 0.042454 0.641940
740 0.405729 0.458044
741 0.495083 0.643321
742 0.202300 0.947329
743 0.780174 0.487503
744 0.173157 0.815285
745 0.756415 0.959035
746 0.508918 0.301649
747 0.558543 0.420484
748 0.592042 0.920138
749 0.086954 0.318176
750 0.276314 0.072882
751 0.093001 0.144631
752 0.028289 0.288118
753 0.841671 0.346635
754 0.562430 0.204656
755 0.462653 0.453669
756 0.455488 0.457170
757 0.099945 0.421927
758 0.673784 0.021515
759 0.883527 0.570236
760 0.685082 0.032179
761 0.625125 0.483318
762 0.816007 0.834122
763 0.051340 0.591155
764 0.872901 0.416285
765 0.547666 0.249183
766 0.907176 0.733420
767 0.453228 0.726648
768 0.902860 0.078863
769 0.080590 0.157666
770 0.983872 0.567715
771 0.397489 0.952034
772 0.012014 0.500411
773 0.587059 0.712082
774 0.381378 0.199881
775 0.878508 0.665674
776 0.340966 0.107061
777 0.551570 0.284317
778 0.398648 0.237028
779 0.780684 0.716442
780 0.208813 0.457044
781 0.801533 0.305103
782 0.439864 0.049103
783 0.293286 0.944045
784 0.863041 0.116106
785 0.011482 0.394215
786 0.061290 0.399552
787 0.129339 0.582259
788 0.095362 0.116695
789 0.184052 0.496396
790 0.632817 0.951136
791 0.956483 0.795434
792 0.883961 0.106776
793 0.423067 0.268849
794 0.269091 0.599701
795 0.734114 0.467342
796 0.712849 0.015106
797 0.489580 0.176241
798 0.413733 0.059019
799 0.781388 0.066031
800 0.407637 0.568623
801 0.411575 0.012047
802 0.571200 0.392327
803 0.045548 0.072609
804 0.210957 0.033839
805 0.898663 0.914907
806 0.946370 0.524176
807 0.267413 0.362698
808 0.174743 0.302201
809 0.067339 0.989249
810 0.819614 0.787423
811 0.571880 0.154808
812 0.612059 0.938003
813 0.392736 0.185829
814 0.047537 0.270758
815 0.327808 0.216348
816 0.414946 0.216013
817 0.943846 0.876904
818 0.315439 0.475857
819 0.513367 0.855946
820 0.969405 0.796617
821 0.857650 0.172701
822 0.609761 0.829044
823 0.936125 0.972439
824 0.537532 0.235408
825 0.264908 0.491654
826 0.473643 0.564566
827 0.645460 0.296277
828 0.088433 0.977185
829 0.088700 0.138249
830 0.210788 0.484296
831 0.252246 0.147080
832 0.653444 0.064396
833 0.711576 0.139461
834 0.531258 0.536684
835 0.310584 0.550385
836 0.874472 0.606951
837 0.655788 0.184030
838 0.933741 0.448962
839 0.678778 0.819612
840 0.949653 0.161681
841 0.333089 0.075537
842 0.316704 0.451498
843 0.914558 0.834633
844 0.010165 0.928645
845 0.198291 0.963883
846 0.864019 0.478282
847 0.789086 0.269273
848 0.602103 0.157394
849 0.302728 0.097454
850 0.051609 0.367308
851 0.804966 0.925252
852 0.128404 0.956957
853 0.880584 0.675776
854 0.939774 0.983921
855 0.532768 0.567067
856 0.451108 0.203598
857 0.661051 0.530966
858 0.954333 0.124753
859 0.284825 0.551100
860 0.995783 0.480907
861 0.983387 0.075786
862 0.949827 0.633224
863 0.774477 0.014183
864 0.941163 0.163714
865 0.185497 0.207798
866 0.616533 0.191980
867 0.585047 0.684533
868 0.345734 0.754425
869 0.792137 0.921703
870 0.016797 0.037955
871 0.434529 0.198420
872 0.781521 0.587093
873 0.544951 0.148448
874 0.034547 0.678230
875 0.331301 0.119927
876 0.731821 0.828762
877 0.438825 0.405906
878 0.771220 0.169770
879 0.431517 0.007187
880 0.579263 0.926399
881 0.358783 0.264685
882 0.775512 0.625155
883 0.203811 0.433469
884 0.270339 0.239363
885 0.704922 0.079888
886 0.010499 0.514354
887 0.810041 0.572390
888 0.404335 0.292737
889 0.612828 0.762705
890 0.961893 0.069120
891 0.809974 0.690182
892 0.867692 0.501034
893 0.085023 0.650137
894 0.600857 0.753923
895 0.711504 0.209173
896 0.958926 0.632611
897 0.076822 0.092065
898 0.789316 0.620829
899 0.224392 0.624805
900 0.889652 0.959222
901 0.934266 0.317822
902 0.476668 0.932283
903 0.566684 0.604054
904 0.878277 0.708474
905 0.322751 0.359921
906 0.287275 0.118816
907 0.967051 0.693469
908 0.611923 0.151679
909 0.135406 0.663841
910 0.149584 0.777299
911 0.960938 0.045534
912 0.433542 0.460693
913 0.012262 0.250593
914 0.674076 0.336683
915 0.707678 0.767810
916 0.343655 0.021171
917 0.102312 0.318275
918 0.028639 0.676995
919 0.993605 0.123004
920 0.032037 0.354760
921 0.982654 0.987771
922 0.435176 0.441164
923 0.231153 0.593657
924 0.082736 0.042517
925 0.802219 0.383545
926 0.283228 0.596923
927 0.217692 0.374447
928 0.552456 0.884367
929 0.496301 0.470452
930 0.863574 0.470680
931 0.050072 0.625706
932 0.137319 0.728603
933 0.809152 0.678299
934 0.471948 0.323551
935 0.994660 0.696540
936 0.140599 0.850328
937 0.128696 0.338113
938 0.932496 0.850771
939 0.260782 0.999492
940 0.540448 0.169899
941 0.281611 0.651163
942 0.367843 0.903592
943 0.708258 0.687264
944 0.055780 0.029565
945 0.100592 0.923970
946 0.177091 0.380424
947 0.153451 0.347522
948 0.906403 0.876896
949 0.468360 0.029632
950 0.517355 0.716596
951 0.630919 0.250207
952 0.200989 0.646013
953 0.971956 0.050299
954 0.047886 0.094862
955 0.604440 0.691892
956 0.015833 0.974592
957 0.964224 0.955155
958 0.494384 0.938068
959 0.198232 0.230076
960 0.624548 0.811489
961 0.152144 0.935029
962 0.242555 0.109133
963 0.468154 0.877755
964 0.559876 0.508578
965 0.570504 0.670949
966 0.433606 0.302221
967 0.466695 0.342508
968 0.155286 0.121080
969 0.372271 0.452002
970 0.098288 0.001081
971 0.011713 0.771422
972 0.512435 0.723506
973 0.098395 0.090849
974 0.810117 0.007758
975 0.244071 0.655868
976 0.474073 0.426110
977 0.940212 0.138141
978 0.811705 0.356369
979 0.613939 0.377436
980 0.656810 0.765966
981 0.402854 0.001598
982 0.776791 0.129733
983 0.215954 0.430346
984 0.181929 0.323682
985 0.851872 0.699455
986 0.753000 0.908400
987 0.604499 0.818200
988 0.165389 0.850795
989 0.382979 0.105957
990 0.263453 0.058602
991 0.276943 0.344153
992 0.751578 0.694543
993 0.185798 0.738592
994 0.525279 0.381801
995 0.644164 0.375824
996 0.456718 0.074461
997 0.942797 0.111278
998 0.643984 0.455054
999 0.928462 0.799251
1000 0.751609 0.091805
1001 0.240973 0.673776
1002 0.209984 0.572179
1003 0.420857 0.976932
1004 0.466554 0.570964
1005 0.410582 0.822394
1006 0.999125 0.576223
1007 0.783977 0.075165
1008 0.052816 0.913874
1009 0.574685 0.760684
1010 0.651419 0.000464
1011 0.286346 0.021211
1012 0.753232 0.740872
1013 0.724414 0.458596
1014 0.851499 0.396818
1015 0.754644 0.198563
1016 0.502586 0.870017
1017 0.106276 0.064377
1018 0.320751 0.432249
1019 0.185037 0.900432
1020 0.526184 0.958999
1021 0.924538 0.251356
1022 0.962144 0.279022
1023 0.549412 0.798537
1024 0.607335 0.339061
1025 0.749470 0.183471
1026 0.001272 0.501151
1027 0.171415 0.106169
1028 0.673254 0.439319
1029 0.323107 0.876859
1030 0.955104 0.920531
1031 0.109536 0.867875
1032 0.735195 0.086410
1033 0.615404 0.692768
1034 0.563845 0.998228
1035 0.463366 0.466145
1036 0.191965 0.096188
1037 0.876552 0.918311
1038 0.445621 0.902787
1039 0.850403 0.042625
1040 0.701960 0.673291
1041 0.462980 0.233498
1042 0.392009 0.623656
1043 0.440662 0.649405
1044 0.255201 0.208471
1045 0.593422 0.224182
1046 0.649281 0.502927
1047 0.686437 0.623522
1048 0.901448 0.686391
1049 0.155634 0.560574
1050 0.485863 0.247274
1051 0.425184 0.193278
1052 0.298522 0.166264
1053 0.105869 0.327569
1054 0.655218 0.483040
1055 0.559949 0.841941
1056 0.254956 0.789997
1057 0.812177 0.160652
1058 0.328489 0.445336
1059 0.122914 0.925086
1060 0.179511 0.121964
1061 0.208085 0.861959
1062 0.133676 0.604534
1063 0.549758 0.161555
1064 0.727166 0.024396
1065 0.724379 0.907530
1066 0.324066 0.855725
1067 0.270415 0.046108
1068 0.212142 0.833014
1069 0.993157 0.360033
1070 0.368191 0.318281
1071 0.761628 0.921424
1072 0.791044 0.537730
1073 0.732292 0.602484
1074 0.123991 0.776252
1075 0.092405 0.965169
1076 0.524459 0.255275
1077 0.612066 0.906790
1078 0.281107 0.023588
1079 0.916953 0.110886
1080 0.479592 0.015261
1081 0.398841 0.387120
1082 0.148549 0.762808
1083 0.978495 0.468592
1084 0.309753 0.779409
1085 0.915352 0.489597
1086 0.370255 0.279656
1087 0.785832 0.891876
1088 0.482730 0.198329
1089 0.706262 0.188123
1090 0.111699 0.223391
1091 0.660842 0.428730
1092 0.918583 0.318217
1093 0.696960 0.951712
1094 0.236307 0.917007
1095 0.557168 0.448498
1096 0.816176 0.470313
1097 0.494623 0.778103
1098 0.150411 0.981252
1099 0.864732 0.755053
1100 0.128573 0.648554
1101 0.111326 0.423451
1102 0.377653 0.526597
1103 0.075551 0.142616
1104 0.329152 0.019660
1105 0.799534 0.923497
1106 0.140293 0.214157
1107 0.900841 0.290398
1108 0.776650 0.188229
1109 0.750944 0.034295
1110 0.301022 0.286979
1111 0.199508 0.586885
1112 0.168234 0.452168
1113 0.397203 0.501727
1114 0.646096 0.769966
1115 0.739565 0.530773
1116 0.954109 0.806125
1117 0.446847 0.009856
1118 0.319073 0.782018
1119 0.185557 0.710859
1120 0.531193 0.951684
1121 0.539358 0.008350
1122 0.559812 0.317006
1123 0.036537 0.156629
1124 0.661302 0.224917
1125 0.546775 0.888606
1126 0.110209 0.210239
1127 0.016753 0.486897
1128 0.404422 0.311501
1129 0.980148 0.921471
1130 0.161345 0.923743
1131 0.166047 0.725033
1132 0.597853 0.908063
1133 0.980346 0.217161
1134 0.732358 0.986423
1135 0.940125 0.380565
1136 0.774030 0.044491
1137 0.488929 0.105191
1138 0.217148 0.244446
1139 0.806835 0.709285
1140 0.635751 0.486151
1141 0.017877 0.411720
1142 0.658883 0.096599
1143 0.279503 0.776978
1144 0.301996 0.879101
1145 0.604289 0.517319
1146 0.253790 0.229863
1147 0.386894 0.400667
1148 0.883057 0.913764
1149 0.203802 0.961810
1150 0.313815 0.700190
1151 0.929817 0.040076
1152 0.411780 0.362962
1153 0.249280 0.871328
1154 0.148154 0.861370
1155 0.299498 0.501234
1156 0.140306 0.949299
1157 0.184435 0.470023
1158 0.721190 0.858484
1159 0.019598 0.118377
1160 0.327809 0.241937
1161 0.373135 0.794758
1162 0.218768 0.134927
1163 0.453511 0.706395
1164 0.160742 0.149302
1165 0.475395 0.903457
1166 0.166018 0.377127
1167 0.008624 0.320820
1168 0.513625 0.424307
1169 0.849463 0.785873
1170 0.693213 0.060720
1171 0.272028 0.974478
1172 0.202694 0.238757
1173 0.301426 0.994334
1174 0.576224 0.427983
1175 0.808993 0.343801
1176 0.077545 0.583978
1177 0.511187 0.377704
1178 0.833895 0.009416
1179 0.490183 0.946269
1180 0.396116 0.817711
1181 0.357658 0.092203
1182 0.402229 0.344205
1183 0.339164 0.953529
1184 0.889985 0.972521
1185 0.007913 0.763838
1186 0.978199 0.146898
1187 0.919916 0.479302
1188 0.748237 0.046314
1189 0.844832 0.619692
1190 0.531399 0.158387
1191 0.657675 0.074436
1192 0.087320 0.792205
1193 0.120725 0.017020
1194 0.313356 0.494386
1195 0.336909 0.122459
1196 0.645945 0.414587
1197 0.480971 0.596575
1198 0.583759 0.395700
1199 0.730621 0.787595
1200 0.590250 0.651103
1201 0.527284 0.455077
1202 0.981857 0.760318
1203 0.288501 0.026907
1204 0.680291 0.917241
1205 0.442696 0.805649
1206 0.173578 0.847435
1207 0.058014 0.604402
1208 0.225609 0.646058
1209 0.199630 0.988350
1210 0.508686 0.500630
1211 0.402744 0.484152
1212 0.541371 0.797171
1213 0.707724 0.719607
1214 0.319813 0.114607
1215 0.511742 0.707662
1216 0.358767 0.209454
1217 0.953163 0.939994
1218 0.301024 0.843445
1219 0.716676 0.730171
1220 0.620445 0.050796
1221 0.554115 0.028746
1222 0.443729 0.971335
1223 0.290766 0.953152
1224 0.961614 0.590506
1225 0.615425 0.670341
1226 0.639963 0.090393
1227 0.664394 0.397096
1228 0.915969 0.931658
1229 0.179984 0.272540
1230 0.038617 0.005041
1231 0.671038 0.848879
1232 0.076618 0.466471
1233 0.183142 0.382346
1234 0.352810 0.570644
1235 0.149834 0.386020
1236 0.802572 0.784689
1237 0.810209 0.440435
1238 0.224945 0.827955
1239 0.971643 0.380424
1240 0.119339 0.787742
1241 0.340163 0.276641
1242 0.521813 0.185535
1243 0.133871 0.267255
1244 0.059761 0.662084
1245 0.417563 0.823328
1246 0.768373 0.814533
1247 0.133883 0.749939
1248 0.810715 0.328399
1249 0.334902 0.353213
1250 0.695613 0.567098
1251 0.325109 0.116728
1252 0.393436 0.367830
1253 0.138210 0.917667
1254 0.126651 0.999622
1255 0.565556 0.696626
1256 0.041178 0.576040
1257 0.160974 0.071816
1258 0.500024 0.423160
1259 0.420511 0.791463
1260 0.238035 0.862888
1261 0.680863 0.977728
1262 0.683536 0.906460
1263 0.250675 0.181980
1264 0.999978 0.563583
1265 0.664625 0.929882
1266 0.056156 0.407162
1267 0.304480 0.657925
1268 0.353069 0.334132
1269 0.005129 0.025237
1270 0.339688 0.168875
1271 0.471995 0.140254
1272 0.444615 0.834800
1273 0.979347 0.062063
1274 0.277526 0.862280
1275 0.783965 0.503289
1276 0.460171 0.967000
1277 0.327559 0.652270
1278 0.134818 0.675956
1279 0.093223 0.015969
1280 0.949573 0.245388
1281 0.463445 0.669762
1282 0.690338 0.722380
1283 0.801068 0.350057
1284 0.065007 0.573330
1285 0.649845 0.858150
1286 0.847814 0.769912
1287 0.632449 0.642937
1288 0.608460 0.997886
1289 0.155829 0.804967
1290 0.728838 0.493938
1291 0.176034 0.696303
1292 0.416849 0.312455
1293 0.846164 0.583499
1294 0.092695 0.075953
1295 0.786202 0.241635
1296 0.075271 0.725222
1297 0.567276 0.497472
1298 0.232085 0.793219
1299 0.676778 0.774995
1300 0.357848 0.910789
1301 0.215109 0.130442
1302 0.046858 0.442997
1303 0.356396 0.171785
1304 0.527730 0.991603
1305 0.224104 0.075019
1306 0.815679 0.501317
1307 0.903380 0.501994
1308 0.597618 0.719473
1309 0.130189 0.327454
1310 0.409569 0.413130
1311 0.726495 0.046530
1312 0.390386 0.915525
1313 0.942480 0.895316
1314 0.878558 0.173483
1315 0.430846 0.935760
1316 0.048336 0.802407
1317 0.339342 0.716497
1318 0.564533 0.798707
1319 0.238700 0.317790
1320 0.116120 0.343891
1321 0.540834 0.575377
1322 0.599576 0.546142
1323 0.116014 0.914651
1324 0.643632 0.612950
1325 0.990801 0.598393
1326 0.546496 0.951902
1327 0.035396 0.050766
1328 0.602355 0.766875
1329 0.520546 0.635544
1330 0.633701 0.688277
1331 0.209888 0.738534
1332 0.691179 0.127366
1333 0.543240 0.003628
1334 0.142194 0.905969
1335 0.677411 0.912127
1336 0.636035 0.241748
1337 0.718750 0.666498
1338 0.574083 0.439851
1339 0.287225 0.608034
1340 0.026020 0.262179
1341 0.804330 0.188983
1342 0.659898 0.263385
1343 0.114222 0.982353
1344 0.055501 0.585329
1345 0.897825 0.955979
1346 0.271388 0.804265
1347 0.606252 0.730601
1348 0.818226 0.558807
1349 0.187746 0.566131
1350 0.254517 0.851784
1351 0.711444 0.375954
1352 0.465541 0.115359
1353 0.101609 0.155985
1354 0.312307 0.356345
1355 0.587605 0.833430
1356 0.744541 0.957426
1357 0.147691 0.689544
1358 0.660214 0.000040
1359 0.178877 0.191409
1360 0.860369 0.279615
1361 0.194794 0.901917
1362 0.084522 0.397413
1363 0.021524 0.193705
1364 0.276901 0.821058
1365 0.484187 0.442775
1366 0.481826 0.756513
1367 0.944808 0.024367
1368 0.388092 0.791018
1369 0.991323 0.452629
1370 0.501081 0.028464
1371 0.758872 0.656587
1372 0.709817 0.705037
1373 0.038086 0.282058
1374 0.196155 0.999915
1375 0.828885 0.939362
1376 0.917910 0.274564
1377 0.625484 0.029972
1378 0.273091 0.745371
1379 0.272522 0.732464
1380 0.019542 0.089200
1381 0.349476 0.365801
1382 0.075525 0.996924
1383 0.910734 0.267623
1384 0.455711 0.649518
1385 0.754513 0.880225
1386 0.844325 0.409463
1387 0.147529 0.411710
1388 0.194337 0.857185
1389 0.293946 0.140902
1390 0.906829 0.302306
1391 0.104754 0.919794
1392 0.910856 0.352425
1393 0.526086 0.190912
1394 0.364046 0.283281
1395 0.860307 0.776404
1396 0.667636 0.789070
1397 0.158303 0.353636
1398 0.079800 0.286476
1399 0.268828 0.933430
1400 0.637123 0.474355
1401 0.952470 0.973830
1402 0.499990 0.485881
1403 0.539222 0.502232
1404 0.603688 0.759951
1405 0.419619 0.669796
1406 0.503975 0.319235
1407 0.019296 0.234290
1408 0.894641 0.233984
1409 0.857381 0.645540
1410 0.407781 0.354902
1411 0.902016 0.244043
1412 0.254020 0.400088
1413 0.923221 0.314098
1414 0.141428 0.004058
1415 0.524628 0.032346
1416 0.299647 0.704430
1417 0.852403 0.435414
1418 0.440575 0.847446
1419 0.990985 0.747696
1420 0.468865 0.758057
1421 0.834605 0.325964
1422 0.047788 0.827425
1423 0.780904 0.495951
1424 0.050769 0.522758
1425 0.380683 0.018948
1426 0.729437 0.509645
1427 0.179863 0.219753
1428 0.624864 0.715876
1429 0.683594 0.477581
1430 0.684391 0.500413
1431 0.097681 0.918075
1432 0.275139 0.890201
1433 0.004227 0.257170
1434 0.953784 0.047155
1435 0.336668 0.153214
1436 0.816156 0.303034
1437 0.533752 0.579270
1438 0.089203 0.671922
1439 0.519619 0.233100
1440 0.804213 0.760002
1441 0.076653 0.500795
1442 0.024422 0.371846
1443 0.354294 0.037224
1444 0.885032 0.419379
1445 0.900320 0.117992
1446 0.589422 0.700002
1447 0.030607 0.073499
1448 0.997115 0.012543
1449 0.304137 0.008256
1450 0.862679 0.272167
1451 0.468868 0.127275
1452 0.913768 0.577657
1453 0.517541 0.869141
1454 0.945135 0.297224
1455 0.106198 0.023662
1456 0.614874 0.363569
1457 0.613059 0.558424
1458 0.440747 0.853969
1459 0.976311 0.486915
1460 0.006390 0.291919
1461 0.714545 0.093567
1462 0.691425 0.170271
1463 0.834599 0.312780
1464 0.077480 0.910138
1465 0.576626 0.207005
1466 0.927122 0.489195
1467 0.003335 0.106725
1468 0.301732 0.317392
1469 0.385237 0.746147
1470 0.526540 0.103626
1471 0.311215 0.558024
1472 0.091032 0.840209
1473 0.577464 0.815334
1474 0.268591 0.895131
1475 0.301481 0.212818
1476 0.452279 0.762450
1477 0.421820 0.703817
1478 0.854483 0.602043
1479 0.212600 0.792339
1480 0.660251 0.806127
1481 0.784624 0.447117
1482 0.033612 0.879310
1483 0.414926 0.785394
1484 0.528070 0.283269
1485 0.373037 0.808392
1486 0.872707 0.148204
1487 0.915358 0.345461
1488 0.929043 0.137424
1489 0.790950 0.867385
1490 0.851987 0.387787
1491 0.334177 0.971851
1492 0.540190 0.064037
1493 0.544368 0.219217
1494 0.694948 0.012780
1495 0.520928 0.090740
1496 0.860234 0.444297
1497 0.886214 0.655591
1498 0.793764 0.332450
1499 0.174042 0.721787
1500 0.328920 0.332630
1501 0.598487 0.422498
1502 0.375432 0.609903
1503 0.547520 0.461065
1504 0.097736 0.841334
1505 0.818914 0.907378
1506 0.124931 0.728897
1507 0.470321 0.835845
1508 0.425007 0.392283
1509 0.954848 0.586354
1510 0.208215 0.998900
1511 0.620874 0.818872
1512 0.068134 0.160912
1513 0.154310 0.876824
1514 0.037842 0.014491
1515 0.310421 0.044323
1516 0.821736 0.770821
1517 0.400218 0.182780
1518 0.539543 0.107115
1519 0.504378 0.742972
1520 0.824405 0.274600
1521 0.970935 0.993524
1522 0.922514 0.683512
1523 0.948521 0.603068
1524 0.908407 0.514674
1525 0.113815 0.378015
1526 0.385503 0.697506
1527 0.417011 0.532975
1528 0.570016 0.402544
1529 0.207472 0.477740
1530 0.656523 0.728620
1531 0.289799 0.643021
1532 0.517592 0.031868
1533 0.445566 0.594218
1534 0.089705 0.094674
1535 0.884296 0.585645
1536 0.567831 0.362179
1537 0.699168 0.682682
1538 0.121342 0.530531
1539 0.747619 0.275604
1540 0.454281 0.358012
1541 0.503044 0.536413
1542 0.424624 0.688339
1543 0.330976 0.128726
1544 0.331630 0.270886
1545 0.161577 0.574817
1546 0.360406 0.073676
1547 0.022656 0.995537
1548 0.088944 0.926628
1549 0.001519 0.590638
1550 0.321827 0.683885
1551 0.035076 0.569702
1552 0.165900 0.280820
1553 0.509312 0.071310
1554 0.621919 0.518708
1555 0.141826 0.526364
1556 0.991961 0.443491
1557 0.960802 0.577226
1558 0.597738 0.290686
1559 0.302015 0.604832
1560 0.827569 0.443103
1561 0.894669 0.400590
1562 0.397788 0.084808
1563 0.270850 0.431383
1564 0.343854 0.655139
1565 0.897473 0.375909
1566 0.673531 0.264481
1567 0.424105 0.233865
1568 0.540702 0.591232
1569 0.273434 0.644238
1570 0.670070 0.389856
1571 0.793453 0.113409
1572 0.435840 0.889358
1573 0.378817 0.143813
1574 0.938638 0.575227
1575 0.764067 0.795345
1576 0.838893 0.803233
1577 0.259468 0.299166
1578 0.690242 0.242585
1579 0.982728 0.263533
1580 0.807504 0.310710
1581 0.553278 0.216840
1582 0.446139 0.096360
1583 0.968471 0.758014
1584 0.050458 0.665928
1585 0.286562 0.543481
1586 0.051361 0.379186
1587 0.321778 0.028767
1588 0.210019 0.493344
1589 0.528453 0.543575
1590 0.860050 0.408782
1591 0.093983 0.485385
1592 0.272369 0.108638
1593 0.225127 0.448549
1594 0.993580 0.288673
1595 0.484457 0.226917
1596 0.497091 0.716062
1597 0.431320 0.446139
1598 0.611850 0.649132
1599 0.884339 0.369915
1600 0.003401 0.956558
1601 0.737261 0.594360
1602 0.555151 0.588909
1603 0.498869 0.923788
1604 0.679588 0.183895
1605 0.974821 0.518716
1606 0.555663 0.373530
1607 0.090485 0.410373
1608 0.456304 0.554495
1609 0.749822 0.120785
1610 0.094302 0.304290
1611 0.624841 0.471861
1612 0.393720 0.230640
1613 0.041054 0.078721
1614 0.735103 0.050149
1615 0.126064 0.673082
1616 0.603346 0.824723
1617 0.490097 0.570280
1618 0.023556 0.498464
1619 0.910827 0.130496
1620 0.495937 0.849144
1621 0.722496 0.206816
1622 0.134807 0.301786
1623 0.788949 0.306308
1624 0.787923 0.743771
1625 0.368735 0.752970
1626 0.477017 0.245363
1627 0.505048 0.595974
1628 0.045826 0.741003
1629 0.849025 0.356488
1630 0.639417 0.124512
1631 0.575812 0.058921
1632 0.155225 0.954540
1633 0.585121 0.376204
1634 0.604072 0.240980
1635 0.491396 0.133768
1636 0.398510 0.588758
1637 0.003507 0.863166
1638 0.946231 0.312303
1639 0.169805 0.573831
1640 0.567847 0.002164
1641 0.621644 0.420240
1642 0.681206 0.424691
1643 0.386924 0.481807
1644 0.398526 0.566305
1645 0.064949 0.444101
1646 0.167963 0.095836
1647 0.154859 0.572545
1648 0.857831 0.511571
1649 0.112150 0.003514
1650 0.729568 0.764042
1651 0.074599 0.201272
1652 0.116685 0.857815
1653 0.900648 0.270106
1654 0.512054 0.676981
1655 0.401788 0.369490
1656 0.462022 0.148328
1657 0.190993 0.067460
1658 0.697038 0.355526
1659 0.476931 0.314773
1660 0.672656 0.793083
1661 0.057395 0.078927
1662 0.956909 0.252106
1663 0.359107 0.817337
1664 0.756023 0.935119
1665 0.089057 0.865820
1666 0.045735 0.110718
1667 0.320988 0.557165
1668 0.858415 0.724132
1669 0.639499 0.278191
1670 0.373899 0.825248
1671 0.426574 0.032354
1672 0.691979 0.344610
1673 0.468338 0.982655
1674 0.367631 0.342244
1675 0.077541 0.866364
1676 0.802683 0.431776
1677 0.765783 0.039683
1678 0.992166 0.729003
1679 0.884367 0.641023
1680 0.531756 0.034930
1681 0.279759 0.872067
1682 0.563132 0.175921
1683 0.741783 0.951942
1684 0.055048 0.461978
1685 0.876884 0.303360
1686 0.325297 0.713958
1687 0.256084 0.136228
1688 0.311063 0.604478
1689 0.194291 0.813324
1690 0.154885 0.366260
1691 0.825464 0.856506
1692 0.930053 0.653472
1693 0.023592 0.890362
1694 0.465919 0.515256
1695 0.227413 0.869896
1696 0.634745 0.441695
1697 0.511042 0.764541
1698 0.653449 0.642008
1699 0.409675 0.053071
1700 0.396853 0.040658
1701 0.425870 0.604520
1702 0.551974 0.152466
1703 0.179186 0.210656
1704 0.532057 0.685832
1705 0.122096 0.536199
1706 0.164109 0.778080
1707 0.132218 0.533032
1708 0.618343 0.220465
1709 0.986362 0.609107
1710 0.027140 0.781253
1711 0.450277 0.474265
1712 0.074294 0.388507
1713 0.308241 0.257636
1714 0.153100 0.738878
1715 0.808988 0.871018
1716 0.084853 0.758208
1717 0.953216 0.902130
1718 0.821466 0.747978
1719 0.966717 0.196150
1720 0.432347 0.117156
1721 0.800152 0.234621
1722 0.591582 0.305529
1723 0.438785 0.344392
1724 0.537887 0.138719
1725 0.263582 0.771674
1726 0.247533 0.215189
1727 0.512613 0.900232
1728 0.792608 0.396558
1729 0.441556 0.073669
1730 0.027154 0.861573
1731 0.664167 0.873844
1732 0.111353 0.727007
1733 0.560518 0.488686
1734 0.015383 0.607633
1735 0.386718 0.449650
1736 0.591058 0.673088
1737 0.885261 0.595735
1738 0.519105 0.002822
1739 0.320720 0.541028
1740 0.997228 0.989063
1741 0.324641 0.343368
1742 0.304249 0.394721
1743 0.039329 0.988829
1744 0.269615 0.262506
1745 0.954043 0.439372
1746 0.596147 0.515106
1747 0.004957 0.285710
1748 0.457486 0.474217
1749 0.664067 0.849608
1750 0.621067 0.858282
1751 0.566622 0.710734
1752 0.136435 0.911489
1753 0.911591 0.719366
1754 0.393010 0.059001
1755 0.680000 0.227858
1756 0.067459 0.644822
1757 0.303148 0.201733
1758 0.288575 0.600131
1759 0.338054 0.309500
1760 0.581951 0.384580
1761 0.117968 0.885806
1762 0.366083 0.154063
1763 0.350279 0.347032
1764 0.175529 0.607093
1765 0.783674 0.189852
1766 0.085025 0.998609
1767 0.944695 0.905856
1768 0.936574 0.030034
1769 0.075288 0.818252
1770 0.577747 0.732196
1771 0.034319 0.609547
1772 0.446177 0.451572
1773 0.686465 0.210315
1774 0.845797 0.032506
1775 0.217489 0.451478
1776 0.983136 0.500052
1777 0.870494 0.117080
1778 0.230926 0.553144
1779 0.385221 0.578085
1780 0.107863 0.875070
1781 0.027921 0.944652
1782 0.337893 0.447796
1783 0.517544 0.010271
1784 0.668317 0.320247
1785 0.334435 0.376312
1786 0.584111 0.991907
1787 0.902280 0.527639
1788 0.935054 0.371513
1789 0.479382 0.274882
1790 0.263718 0.152583
1791 0.911951 0.187023
1792 0.890252 0.197595
1793 0.933524 0.890536
1794 0.049836 0.545164
1795 0.309661 0.695015
1796 0.742663 0.508930
1797 0.827418 0.701731
1798 0.606445 0.072091
1799 0.611212 0.294327
1800 0.503653 0.330602
1801 0.965795 0.629885
1802 0.638968 0.566913
1803 0.291500 0.297315
1804 0.511581 0.291577
1805 0.281489 0.715866
1806 0.207649 0.766466
1807 0.373910 0.992424
1808 0.728635 0.641149
1809 0.640575 0.230384
1810 0.410203 0.396084
1811 0.720568 0.409759
1812 0.441671 0.488691
1813 0.387099 0.490205
1814 0.570463 0.617185
1815 0.634484 0.881742
1816 0.575529 0.519057
1817 0.027474 0.127210
1818 0.530279 0.401772
1819 0.377378 0.641022
1820 0.622344 0.732904
1821 0.021512 0.341114
1822 0.215888 0.890265
1823 0.531131 0.780959
1824 0.773891 0.539218
1825 0.904942 0.721749
1826 0.809428 0.132765
1827 0.172712 0.713130
1828 0.459927 0.856734
1829 0.691395 0.633275
1830 0.001299 0.682780
1831 0.700116 0.103764
1832 0.302508 0.344305
1833 0.184532 0.161495
1834 0.637924 0.402263
1835 0.226871 0.985240
1836 0.547503 0.320465
1837 0.322523 0.631178
1838 0.529724 0.822323
1839 0.287393 0.754107
1840 0.238190 0.712942
1841 0.761886 0.302153
1842 0.907929 0.894443
1843 0.468036 0.426462
1844 0.936378 0.604338
1845 0.429875 0.535809
1846 0.199851 0.060415
1847 0.736868 0.727602
1848 0.477560 0.494895
1849 0.348532 0.196829
1850 0.486125 0.130947
1851 0.663654 0.085506
1852 0.578679 0.859448
1853 0.477441 0.576870
1854 0.811581 0.896349
1855 0.733224 0.994837
1856 0.035575 0.939076
1857 0.012637 0.429934
1858 0.132658 0.315377
1859 0.129180 0.616925
1860 0.320685 0.772452
1861 0.307350 0.456467
1862 0.923459 0.912845
1863 0.293822 0.615374
1864 0.113872 0.497417
1865 0.824790 0.224549
1866 0.333458 0.256066
1867 0.235379 0.850748
1868 0.631474 0.272042
1869 0.993475 0.223726
1870 0.938818 0.187430
1871 0.165246 0.886965
1872 0.092170 0.946649
1873 0.471378 0.273071
1874 0.833973 0.807729
1875 0.794267 0.023701
1876 0.002573 0.786375
1877 0.628107 0.446641
1878 0.073584 0.973421
1879 0.254667 0.493415
1880 0.944183 0.045534
1881 0.610489 0.334220
1882 0.935330 0.163844
1883 0.759838 0.323202
1884 0.723797 0.976517
1885 0.680741 0.564792
1886 0.544879 0.309226
1887 0.636834 0.759561
1888 0.635240 0.716971
1889 0.983137 0.836104
1890 0.703597 0.204909
1891 0.457592 0.825845
1892 0.176119 0.993768
1893 0.047411 0.454223
1894 0.750628 0.827951
1895 0.569596 0.596421
1896 0.251263 0.132215
1897 0.191184 0.837729
1898 0.507624 0.014256
1899 0.140198 0.716830
1900 0.344219 0.263635
1901 0.439423 0.233911
1902 0.754967 0.664918
1903 0.908268 0.489795
1904 0.395413 0.427840
1905 0.753556 0.821339
1906 0.680659 0.686041
1907 0.066783 0.135739
1908 0.290961 0.430914
1909 0.629761 0.837435
1910 0.198586 0.248704
1911 0.541134 0.386796
1912 0.890504 0.166936
1913 0.999223 0.496699
1914 0.008253 0.271178
1915 0.526944 0.875948
1916 0.477121 0.303443
1917 0.919957 0.263912
1918 0.350468 0.806440
1919 0.275905 0.391022
1920 0.374884 0.318084
1921 0.509263 0.267738
1922 0.023632 0.155751
1923 0.618898 0.035312
1924 0.056981 0.233726
1925 0.871886 0.061649
1926 0.781729 0.304119
1927 0.988599 0.280019
1928 0.208784 0.827908
1929 0.896277 0.898250
1930 0.961645 0.155362
1931 0.492563 0.256651
1932 0.950228 0.420726
1933 0.814393 0.762448
1934 0.371769 0.003965
1935 0.194573 0.088052
1936 0.886369 0.322000
1937 0.410062 0.987561
1938 0.075785 0.553022
1939 0.646192 0.522777
1940 0.878274 0.834017
1941 0.932590 0.239381
1942 0.773486 0.243857
1943 0.124406 0.292244
1944 0.148401 0.994655
1945 0.373078 0.078307
1946 0.353237 0.207157
1947 0.044757 0.869866
1948 0.910616 0.693268
1949 0.677045 0.934729
1950 0.877991 0.072365
1951 0.036719 0.481207
1952 0.475841 0.380127
1953 0.641797 0.715673
1954 0.292049 0.711410
1955 0.728524 0.090409
1956 0.881680 0.379981
1957 0.547337 0.394543
1958 0.890149 0.462994
1959 0.228453 0.620420
1960 0.403940 0.204542
1961 0.657425 0.541900
1962 0.938740 0.880202
1963 0.353755 0.540983
1964 0.750628 0.567034
1965 0.641191 0.431771
1966 0.272133 0.066560
1967 0.862454 0.593966
1968 0.483389 0.310341
1969 0.277487 0.157190
1970 0.602147 0.916134
1971 0.412280 0.306490
1972 0.455618 0.847498
1973 0.278577 0.043577
1974 0.183112 0.988334
1975 0.939110 0.807153
1976 0.827640 0.322279
1977 0.096378 0.539407
1978 0.472025 0.387056
1979 0.684405 0.811539
1980 0.317354 0.152738
1981 0.032801 0.926587
1982 0.055170 0.984087
1983 0.016401 0.936132
1984 0.989224 0.789169
1985 0.093766 0.129403
1986 0.372140 0.913177
1987 0.376750 0.153185
1988 0.877686 0.211423
1989 0.135118 0.086012
1990 0.133018 0.283425
1991 0.082814 0.690996
1992 0.911102 0.546738
1993 0.396737 0.108819
1994 0.761981 0.987036
1995 0.812197 0.412228
1996 0.550391 0.605077
1997 0.974079 0.121801
1998 0.165202 0.750429
1999 0.765686 0.122251
6000
0 6
0 783
0 1223
1 141
1 264
1 369
1 382
1 536
1 696
1 1199
1 1650
2 237
2 274
2 329
2 1009
3 127
3 612
3 1257
3 1657
3 1846
4 130
4 304
4 975
4 1001
5 128
5 413
5 465
5 790
5 812
5 1265
6 225
6 293
6 456
6 783
6 1171
6 1173
6 1223
7 711
7 891
7 933
7 1139
8 1164
8 1359
8 1833
9 339
9 491
9 757
9 1101
9 1362
9 1525
9 1607
9 1712
10 550
10 1044
10 1146
10 1263
10 1726
11 25
11 541
11 778
11 1567
11 1612
12 844
12 1008
12 1482
12 1693
12 1981
12 1983
13 744
13 1068
13 1689
13 1897
13 1928
14 187
14 404
14 716
14 1072
14 1348
14 1824
15 383
15 457
15 508
15 1329
16 301
16 1144
16 1274
16 1432
16 1474
16 1681
17 240
17 295
17 303
17 853
17 904
17 1048
17 1753
17 1825
17 1948
18 70
18 511
18 513
18 899
18 952
18 1208
19 129
19 287
19 994
19 1177
19 1911
20 332
20 415
20 451
20 707
20 980
20 1114
20 1299
20 1530
20 1887
21 191
21 1319
21 1577
22 335
22 361
22 418
22 1247
22 1506
22 1716
22 1732
23 74
23 527
23 1151
23 1768
24 733
24 945
24 1059
24 1253
24 1323
24 1391
24 1431
24 1548
24 1752
24 1761
25 778
25 816
25 1567
25 1612
25 1960
26 184
26 245
26 1020
26 1120
26 1326
27 467
28 312
28 1039
28 1178
28 1774
29 337
29 676
29 797
29 1088
30 1150
30 1267
30 1416
30 1550
30 1795
30 1954
31 260
31 374
31 535
31 822
31 987
31 1355
31 1616
31 1750
31 1852
31 1909
32 571
32 844
32 1600
32 1781
32 1856
32 1981
32 1983
33 1421
33 1463
33 1685
33 1936
34 174
34 659
34 1563
34 1861
34 1908
35 169
35 180
35 202
35 464
35 813
35 871
35 1051
35 1517
35 1960
36 241
36 616
36 649
36 724
36 1332
36 1630
37 1889
38 492
38 565
38 893
38 1244
38 1438
38 1584
38 1756
38 1991
39 68
39 499
39 1028
39 1091
39 1196
39 1227
39 1570
39 1642
39 1834
39 1965
40 349
40 669
40 957
40 1030
40 1129
40 1217
41 42
41 106
41 422
41 999
42 106
42 442
42 843
42 999
42 1116
42 1975
43 198
43 340
43 759
43 836
43 1293
43 1478
43 1535
43 1737
43 1967
44 1081
44 1152
44 1182
44 1252
44 1410
44 1508
44 1655
44 1810
45 1106
46 1316
46 1422
46 1769
47 990
47 1067
47 1305
47 1966
48 1407
48 1924
49 1134
49 1855
49 1884
50 694
50 998
50 1028
50 1054
50 1140
50 1400
50 1429
50 1696
51 73
51 98
51 152
51 254
51 607
51 1043
51 1405
51 1542
52 104
52 394
52 470
52 555
52 651
52 1236
52 1246
52 1575
53 115
53 304
53 1379
53 1805
53 1840
54 87
54 108
54 360
54 412
54 789
54 830
54 1588
55 241
55 627
55 837
55 1604
56 117
56 146
56 285
56 500
56 629
56 1444
56 1958
57 288
57 824
57 1050
57 1076
57 1439
57 1921
57 1931
58 731
58 1022
58 1579
58 1594
58 1927
59 82
59 299
59 730
59 806
59 1459
59 1605
59 1776
60 165
60 893
61 290
61 435
61 1497
61 1679
61 1692
62 545
62 795
62 1013
63 232
63 661
63 697
63 710
63 725
63 1237
63 1386
63 1417
63 1496
63 1560
64 447
64 600
64 1101
64 1235
64 1387
65 137
65 554
65 943
65 1040
65 1213
65 1337
65 1372
65 1537
66 209
67 281
67 723
67 989
67 1562
67 1720
67 1993
68 391
68 499
68 595
68 1028
68 1091
68 1196
68 1227
68 1570
68 1642
69 87
69 360
69 412
69 423
69 789
70 511
70 952
71 118
71 307
71 636
71 883
71 983
72 810
72 1236
72 1440
72 1516
72 1718
72 1933
73 98
73 152
73 254
73 607
73 637
73 1043
73 1405
73 1542
74 527
74 1151
75 605
75 828
75 852
75 1075
75 1343
75 1872
76 528
76 580
76 720
76 1145
76 1322
76 1554
76 1746
76 1939
77 291
77 740
77 969
77 1735
77 1904
78 461
78 478
78 938
79 228
79 681
79 753
79 1014
79 1490
79 1629
79 1956
80 89
80 306
80 368
80 964
80 1297
80 1403
80 1733
80 1816
81 125
81 424
81 1045
81 1634
81 1708
82 1605
82 1776
82 1913
83 409
83 646
83 1011
83 1067
83 1078
83 1203
83 1973
84 229
84 728
84 741
84 1329
84 1627
85 393
85 840
85 864
85 977
85 1488
85 1791
85 1870
85 1882
86 183
86 533
86 702
86 948
86 1842
87 201
87 360
87 412
87 423
87 789
88 430
88 588
88 606
89 345
89 368
89 684
89 834
89 964
89 1210
89 1403
90 1090
90 1126
90 1651
91 499
91 1196
91 1501
91 1641
91 1696
91 1834
91 1877
91 1965
92 217
92 777
92 1122
92 1558
92 1722
92 1836
92 1886
93 182
93 229
93 419
93 728
93 1197
93 1617
93 1627
93 1853
94 211
94 362
94 626
94 1040
94 1337
94 1808
94 1829
95 251
95 644
95 1360
95 1450
95 1520
96 278
96 330
96 653
96 688
96 1158
96 1385
97 685
97 945
97 1008
97 1391
97 1431
97 1464
97 1548
97 1872
98 152
98 1043
98 1281
98 1384
98 1405
99 354
99 1232
99 1441
99 1591
99 1684
99 1951
100 137
100 554
100 568
100 992
100 1012
100 1213
100 1219
100 1372
100 1847
101 281
101 517
101 989
101 1181
101 1546
101 1562
101 1754
101 1945
102 134
102 210
102 870
102 944
102 1230
102 1327
102 1514
103 208
103 364
103 968
104 264
104 524
104 555
104 1236
104 1575
105 491
105 786
105 850
105 1362
105 1586
105 1712
106 702
106 843
106 999
106 1975
107 120
107 761
107 1140
107 1400
107 1611
108 360
108 484
108 830
108 1529
108 1588
109 719
109 780
109 983
109 1593
109 1775
110 735
110 782
110 798
110 996
110 1582
110 1699
110 1729
111 510
111 521
111 523
111 1250
111 1885
112 151
112 434
112 667
112 923
112 1002
112 1111
112 1778
113 224
113 322
113 518
113 639
113 693
113 1024
113 1456
113 1881
114 161
114 276
114 315
114 485
114 529
114 1015
114 1025
114 1621
115 1378
115 1379
115 1805
115 1839
115 1954
116 838
116 1083
116 1459
116 1745
117 146
117 227
117 285
117 500
117 697
117 846
117 930
117 1958
118 307
118 636
118 719
118 883
118 983
119 267
119 322
119 914
119 1658
119 1672
120 580
120 761
120 1140
120 1145
120 1611
120 1746
121 819
121 1620
121 1838
122 743
122 1275
122 1423
122 1796
123 138
123 167
123 346
123 593
123 818
123 842
123 1058
123 1194
123 1782
123 1861
124 260
124 1055
124 1355
124 1852
125 424
125 539
125 1045
125 1634
126 468
126 672
126 911
126 953
126 1151
126 1367
126 1434
126 1768
126 1880
127 612
127 1257
127 1657
127 1846
127 1935
128 413
128 506
128 790
128 1204
128 1265
128 1949
129 287
129 994
129 1177
129 1952
129 1978
130 304
130 941
130 975
130 1001
131 222
131 483
131 583
131 726
131 1807
131 1937
132 865
132 1359
132 1427
132 1703
133 258
133 268
133 604
133 916
133 1104
133 1425
133 1443
133 1934
134 924
134 944
134 1230
134 1279
134 1514
135 924
135 1017
135 1193
135 1455
136 538
136 906
136 1389
136 1592
136 1687
136 1790
136 1896
136 1969
137 554
137 943
137 992
137 1213
137 1219
137 1372
137 1847
138 167
138 291
138 346
138 593
138 818
138 842
138 1018
138 1058
138 1782
138 1861
139 806
139 1574
139 1992
140 554
140 578
140 992
140 1337
140 1371
140 1902
141 369
141 382
141 470
141 555
141 876
141 1246
141 1575
141 1894
141 1905
142 422
142 477
142 520
142 1099
142 1395
143 472
143 747
143 802
143 994
143 1528
143 1606
143 1818
143 1911
143 1957
144 212
144 431
144 815
144 1160
144 1713
144 1866
145 341
145 343
145 586
145 682
145 1549
145 1734
145 1771
146 227
146 285
146 500
146 846
146 930
146 1085
146 1187
146 1903
146 1958
147 567
147 618
147 738
147 1047
147 1829
148 338
148 884
148 1146
148 1726
148 1744
149 505
149 599
149 678
149 691
149 701
149 1033
149 1330
149 1428
149 1888
149 1953
150 226
150 573
150 673
150 1865
151 434
151 450
151 923
151 1002
151 1778
152 1043
152 1281
152 1384
152 1405
152 1542
153 291
153 346
153 1018
153 1058
153 1782
154 317
154 737
154 1062
154 1764
154 1859
155 207
155 714
155 1663
155 1918
156 200
156 1814
157 484
157 825
157 1879
158 159
158 286
158 403
158 433
158 522
158 1262
158 1731
159 286
159 403
159 433
159 1262
159 1335
159 1731
160 421
160 1192
160 1716
161 276
161 315
161 529
161 1015
161 1025
161 1108
161 1765
162 283
162 350
162 475
162 807
162 991
163 306
163 592
163 1095
163 1201
163 1338
163 1503
164 809
164 828
164 1075
164 1343
164 1382
164 1766
164 1878
165 496
165 565
165 625
165 739
165 931
165 1207
165 1756
166 192
166 400
166 508
166 1654
166 1704
167 818
168 331
168 376
168 425
168 1507
169 180
169 202
169 464
169 813
169 1051
169 1517
169 1960
170 582
170 641
170 963
170 1038
170 1165
170 1572
170 1828
171 467
171 494
171 564
171 850
171 920
171 1442
171 1821
172 266
172 583
172 620
172 771
172 1003
172 1937
173 455
173 835
173 1471
173 1667
173 1739
173 1963
174 659
174 1563
175 727
175 1267
175 1277
175 1564
175 1837
176 272
176 907
177 1243
177 1943
177 1990
178 460
178 635
178 782
178 949
179 977
179 1079
179 1445
179 1488
179 1619
180 464
180 774
180 813
180 1517
180 1960
181 366
181 746
181 777
181 1484
181 1804
181 1836
181 1886
182 229
182 238
182 396
182 1197
182 1627
183 533
183 702
183 843
183 948
183 1940
184 378
184 748
184 880
185 840
185 864
185 1719
185 1870
186 632
187 404
187 1072
187 1275
187 1306
187 1423
187 1824
188 1115
188 1426
188 1796
189 259
189 409
189 493
189 598
189 750
189 849
189 990
189 1067
189 1966
189 1973
190 655
190 1123
190 1363
190 1922
191 1468
191 1577
191 1803
192 1281
192 1654
193 807
193 927
193 1412
194 656
194 1925
194 1950
195 356
195 410
195 444
195 832
195 1220
195 1377
195 1923
196 614
196 628
196 671
196 683
196 1492
196 1495
196 1553
197 479
197 794
197 899
197 923
197 1959
198 279
198 340
198 482
198 759
198 836
198 1293
198 1478
198 1535
198 1737
198 1967
199 288
199 321
199 746
199 1484
199 1789
199 1804
199 1916
199 1921
199 1931
199 1968
200 1200
200 1287
200 1598
201 412
201 1349
202 813
202 871
202 1051
202 1517
202 1960
203 476
203 861
203 890
203 997
203 1273
204 851
204 869
204 986
204 1071
204 1087
204 1105
205 326
205 519
205 1609
205 1999
206 416
206 1130
206 1253
206 1334
206 1513
206 1752
206 1871
207 714
207 1066
208 364
208 751
208 788
208 829
208 1353
208 1985
209 1414
210 870
210 1230
210 1269
210 1327
210 1514
211 626
211 1073
211 1808
212 431
212 815
212 1160
212 1475
212 1757
213 261
213 345
213 1210
213 1402
213 1541
213 1694
213 1848
214 582
214 1038
214 1315
214 1572
215 491
215 640
215 1320
215 1525
216 857
217 518
217 639
217 1024
217 1558
217 1722
217 1799
217 1881
218 547
218 1556
218 1745
218 1932
219 504
219 717
219 787
220 380
220 910
220 1074
220 1082
220 1240
220 1247
221 280
221 439
221 512
221 1351
222 429
222 483
222 583
222 706
222 726
222 771
222 1807
223 325
223 1457
223 1802
224 532
224 623
224 693
224 979
224 1024
224 1456
224 1633
224 1760
225 293
225 456
225 1171
225 1173
225 1223
226 602
226 673
226 821
226 1792
226 1988
227 269
227 285
227 846
227 892
227 930
227 1648
228 437
228 753
228 978
228 1490
228 1629
229 396
229 728
229 741
229 1197
229 1627
230 272
230 520
230 766
231 315
231 579
231 895
231 1025
231 1089
231 1621
231 1890
232 509
232 697
232 710
232 725
232 1096
232 1237
232 1417
232 1560
233 448
233 902
233 958
233 1165
233 1179
233 1603
234 361
234 389
234 418
234 932
234 1506
234 1732
234 1899
235 390
235 959
235 1138
235 1172
235 1229
235 1427
235 1910
236 633
236 1023
236 1097
236 1212
236 1697
236 1823
237 274
237 329
237 1009
237 1770
238 537
238 563
238 1533
238 1701
239 572
239 855
239 903
239 1321
239 1437
239 1568
239 1602
239 1895
239 1996
240 904
240 985
240 1668
241 837
242 589
242 811
242 848
242 1682
243 458
243 460
243 1080
243 1370
243 1415
243 1532
243 1738
243 1783
243 1898
244 510
244 521
244 523
244 622
244 705
244 1073
244 1601
244 1964
245 436
245 958
245 1020
245 1120
245 1326
245 1603
246 692
246 1039
246 1774
247 487
247 712
247 917
247 937
247 1053
247 1309
247 1320
247 1622
247 1858
248 310
248 1133
248 1719
248 1869
249 803
249 1327
249 1447
249 1613
249 1661
250 321
250 497
250 934
250 967
250 1406
250 1659
250 1800
250 1968
251 581
251 1360
251 1450
252 1424
252 1794
253 386
253 446
253 556
253 942
253 1312
253 1986
254 371
254 607
254 637
254 1405
254 1526
254 1542
255 329
255 372
255 773
255 1255
255 1751
255 1770
256 384
256 466
256 503
256 647
256 700
256 1094
257 951
257 1124
257 1336
257 1708
257 1809
258 268
258 604
258 916
258 1425
258 1934
259 409
259 493
259 646
259 750
259 1067
259 1203
259 1515
259 1966
259 1973
260 374
260 535
260 822
260 987
260 1355
260 1616
260 1750
260 1852
261 345
261 385
261 597
261 675
261 826
261 1541
261 1694
262 354
262 677
262 1302
262 1684
262 1893
262 1951
263 395
263 410
263 608
263 760
263 832
263 885
263 1170
263 1191
263 1851
264 369
264 524
264 696
264 698
264 1199
264 1575
264 1650
265 613
265 1037
265 1148
265 1929
266 583
266 620
266 771
266 1003
266 1315
267 1351
267 1570
267 1658
267 1672
268 604
268 916
268 1104
268 1443
268 1587
268 1934
269 344
269 846
269 892
269 930
269 1306
269 1648
270 501
270 764
270 1444
270 1561
270 1565
270 1599
270 1956
271 375
271 1092
271 1107
271 1376
271 1383
271 1390
271 1413
271 1454
271 1653
271 1917
272 648
272 1753
273 373
273 574
273 872
273 882
273 898
274 1009
274 1318
275 926
275 1339
275 1471
275 1559
275 1688
275 1758
276 449
276 473
276 485
276 529
276 1015
276 1295
276 1942
277 1070
277 1128
277 1182
277 1410
277 1674
277 1920
278 330
278 876
278 1158
278 1894
278 1905
279 309
279 340
279 459
279 482
279 759
280 512
280 1351
281 324
281 723
281 989
281 1181
281 1546
281 1562
281 1945
281 1993
282 624
282 812
283 350
283 475
283 905
283 991
283 1354
283 1741
283 1832
284 342
284 399
284 769
284 1103
284 1512
284 1651
285 500
285 697
285 846
285 930
285 1496
285 1958
286 334
286 403
286 433
286 534
286 1204
286 1262
286 1265
286 1335
286 1731
287 994
287 1177
287 1952
287 1978
288 746
288 1050
288 1484
288 1789
288 1804
288 1873
288 1921
288 1931
289 394
289 558
289 651
289 762
289 810
289 1576
289 1874
290 435
290 775
290 1048
290 1497
290 1522
290 1679
290 1692
291 346
291 593
291 969
291 1018
291 1058
291 1782
292 1005
292 1205
292 1245
292 1259
292 1272
292 1891
293 456
293 1171
293 1173
293 1223
294 417
294 421
294 471
294 490
294 1628
294 1710
295 303
295 775
295 853
295 904
295 985
295 1497
296 320
296 817
296 1717
297 424
297 1558
297 1669
297 1799
297 1868
298 1037
298 1375
299 730
299 860
299 1083
299 1459
299 1776
299 1913
300 642
300 967
300 1540
300 1723
300 1952
300 1978
301 311
301 1029
301 1144
301 1432
302 827
302 1784
303 775
303 853
303 904
303 1048
303 1522
303 1948
304 1001
304 1840
305 372
305 457
305 508
305 552
305 867
305 965
305 1255
305 1446
305 1736
305 1751
306 367
306 368
306 1095
306 1201
306 1503
306 1733
307 636
307 883
307 946
307 1233
308 1070
308 1086
308 1268
308 1394
308 1759
308 1920
309 404
309 459
309 1648
310 427
310 1133
310 1719
310 1869
311 1029
311 1066
311 1144
313 1375
314 1538
314 1555
314 1705
314 1707
314 1864
315 579
315 895
315 1015
315 1025
315 1621
316 502
316 1422
316 1637
316 1730
317 1062
317 1764
317 1859
318 370
318 1539
319 619
319 1940
320 1030
320 1129
320 1717
321 497
321 746
321 934
321 1406
321 1659
321 1800
321 1804
321 1916
321 1968
322 469
322 693
322 914
322 1784
323 373
323 574
323 887
323 1293
323 1348
324 989
324 1195
324 1573
324 1762
324 1987
325 1457
325 1802
326 549
326 833
326 1332
327 760
327 796
327 1064
327 1494
328 845
328 1098
328 1149
328 1209
328 1632
328 1892
328 1974
330 653
330 1385
331 376
331 540
331 1507
331 1620
331 1828
331 1891
331 1972
332 415
332 980
332 1299
332 1396
333 348
333 712
333 808
333 947
333 984
333 1397
334 433
334 664
334 1285
334 1731
334 1815
335 418
335 666
335 1296
335 1716
335 1732
336 357
336 432
336 868
336 1469
336 1625
337 676
337 797
337 856
337 1088
338 550
338 884
338 1138
338 1146
338 1726
338 1744
339 757
339 1101
339 1607
339 1645
340 482
340 759
340 1293
340 1535
340 1967
341 343
341 586
341 682
341 1549
341 1734
341 1771
342 399
342 769
342 1103
342 1123
342 1512
343 682
343 1549
343 1734
343 1771
344 404
344 459
344 892
344 1306
344 1648
345 597
345 834
345 1210
345 1541
345 1589
346 593
346 842
346 969
346 1018
346 1058
346 1782
347 420
347 630
347 689
347 736
347 982
347 1571
347 1826
348 712
348 808
348 984
349 669
349 957
349 1030
349 1129
349 1217
350 475
350 807
350 991
350 1354
350 1468
350 1832
351 740
351 912
351 922
351 1597
351 1735
351 1904
352 414
352 455
352 551
352 1102
352 1963
353 398
353 402
353 512
353 732
353 1883
354 1232
354 1302
354 1645
354 1684
354 1893
354 1951
355 1081
355 1147
355 1310
355 1508
355 1810
355 1904
356 410
356 832
356 1191
356 1220
356 1226
356 1798
357 432
357 868
357 1317
357 1625
358 788
358 897
358 973
358 1294
358 1534
359 432
359 438
359 1839
359 1860
360 412
360 423
360 789
360 830
360 1157
360 1529
360 1588
361 389
361 418
361 932
361 1247
361 1506
361 1714
361 1732
361 1899
362 1040
362 1047
362 1829
363 381
363 559
363 1069
363 1239
364 1353
365 1481
365 1676
365 1728
366 746
366 1406
366 1484
366 1800
366 1804
366 1836
366 1886
367 368
367 929
367 1201
367 1402
367 1503
368 1201
368 1297
368 1403
368 1503
368 1733
369 382
369 470
369 555
369 696
369 876
369 1199
369 1246
369 1575
369 1894
369 1905
370 449
370 485
371 607
371 637
371 1819
372 508
372 552
372 1255
372 1704
372 1751
373 574
373 872
373 887
373 898
374 535
374 822
374 960
374 987
374 1355
374 1511
374 1616
374 1750
374 1909
375 1021
375 1280
375 1376
375 1383
375 1662
375 1917
375 1941
376 540
376 1272
376 1507
376 1891
376 1972
377 603
377 767
377 1420
377 1476
378 748
378 880
378 1077
378 1132
378 1970
379 722
379 1098
379 1254
379 1343
379 1944
380 910
380 1074
380 1082
380 1240
380 1289
380 1706
381 1069
381 1239
382 536
382 876
382 1199
383 457
383 903
383 1814
383 1996
384 466
384 503
384 647
384 700
384 742
384 1094
384 1149
385 675
385 826
385 1608
385 1694
385 1845
386 446
386 556
387 441
387 729
387 814
387 1373
387 1398
388 801
388 879
388 981
388 1425
388 1671
388 1700
389 418
389 1615
389 1732
389 1991
390 959
390 1172
390 1229
390 1427
390 1910
391 439
391 595
391 1642
391 1811
392 1631
392 1798
393 864
393 1791
393 1792
393 1870
393 1882
394 470
394 558
394 651
394 762
394 1236
395 608
395 758
395 760
395 1170
396 741
397 557
397 1113
397 1211
397 1812
398 402
398 732
398 1883
399 769
399 1103
399 1123
399 1512
399 1907
400 508
400 950
400 972
400 1215
400 1596
400 1654
400 1704
401 530
401 745
401 1134
401 1356
401 1683
401 1855
401 1884
401 1994
402 575
402 732
402 1883
403 433
403 688
403 1065
403 1262
403 1335
404 1306
405 909
405 1278
405 1357
405 1615
406 1314
406 1486
406 1912
407 1061
407 1068
407 1238
407 1260
407 1388
407 1695
407 1867
407 1897
407 1928
408 549
408 616
408 649
408 1332
408 1461
408 1831
409 646
409 750
409 990
409 1011
409 1067
409 1078
409 1203
409 1515
409 1966
409 1973
410 832
410 1191
410 1851
411 692
411 799
411 1007
411 1136
412 423
412 789
412 1588
413 465
413 1077
413 1265
414 455
414 551
414 1102
414 1234
414 1963
415 980
415 1114
415 1299
415 1396
415 1660
415 1887
416 576
416 1019
416 1130
416 1361
416 1871
417 421
417 490
417 666
417 1628
417 1716
418 1296
418 1506
418 1732
419 826
419 1004
419 1197
419 1617
419 1627
419 1853
420 656
420 736
420 1826
421 1192
421 1316
421 1716
422 520
423 789
423 1555
424 951
424 1634
425 1097
425 1366
425 1420
425 1476
426 494
426 564
426 708
426 785
426 1141
426 1442
427 1186
427 1930
428 687
428 1331
428 1840
429 483
429 583
429 706
429 726
429 1183
429 1491
429 1807
430 559
430 588
430 606
431 815
431 1160
431 1475
431 1713
431 1757
432 438
432 868
432 1860
433 1262
433 1335
433 1731
434 923
434 1002
434 1778
435 1497
435 1679
436 448
436 609
436 958
436 1020
436 1120
436 1179
437 584
437 661
437 925
437 1728
437 1995
438 868
438 1084
438 1118
438 1860
439 1351
439 1811
440 621
440 1833
441 729
441 752
441 1167
441 1373
441 1460
442 699
442 791
442 820
442 999
442 1116
442 1975
443 900
443 1184
443 1345
444 481
444 695
444 758
444 1010
444 1358
444 1377
445 611
445 1034
445 1786
446 556
446 942
446 1300
446 1312
446 1986
447 640
447 946
447 1166
447 1235
447 1387
447 1690
448 902
448 958
448 1179
448 1276
449 485
449 652
449 1295
449 1539
449 1942
450 1778
451 1428
451 1530
451 1820
451 1887
451 1888
451 1953
452 550
452 959
452 1138
452 1172
452 1910
453 1221
453 1640
454 576
454 1019
454 1061
454 1361
454 1388
454 1695
454 1822
455 551
455 1739
455 1963
456 1173
456 1491
457 508
457 552
457 965
458 460
458 1370
458 1415
458 1532
458 1553
458 1680
458 1898
459 892
459 1648
460 635
460 949
460 1080
460 1370
460 1532
460 1898
461 478
461 938
461 1889
462 472
462 686
462 1536
462 1606
463 854
463 921
463 1401
463 1521
464 525
464 774
464 813
464 1303
464 1517
464 1573
464 1762
464 1987
465 812
465 1077
465 1132
465 1970
466 503
466 647
466 700
466 742
466 845
466 1149
466 1835
467 564
467 850
467 920
467 1442
467 1586
467 1821
468 911
468 953
468 1273
468 1434
468 1448
469 518
469 827
469 1784
470 555
470 651
470 1246
470 1575
470 1894
470 1905
471 490
471 971
471 1185
471 1628
472 802
472 1198
472 1528
472 1536
472 1606
472 1633
472 1760
472 1911
472 1957
473 485
473 1295
473 1721
473 1942
474 652
474 732
474 1539
474 1623
474 1841
474 1883
474 1926
475 905
475 991
475 1354
475 1741
475 1832
476 488
476 858
476 919
476 997
476 1997
477 1099
477 1169
477 1286
477 1395
478 791
478 820
478 1116
478 1889
478 1975
479 794
479 941
479 1339
479 1531
479 1569
479 1863
480 585
480 862
480 896
480 1325
480 1709
480 1801
481 1010
481 1358
482 759
482 1535
482 1992
483 726
483 1807
484 825
484 830
484 1588
484 1879
485 529
485 1295
485 1942
486 679
486 888
486 966
486 1128
486 1292
486 1971
487 917
487 937
487 947
487 1053
487 1309
487 1320
487 1858
488 858
488 919
488 1186
488 1930
488 1997
489 827
489 951
489 1336
489 1342
489 1566
489 1669
489 1868
490 971
490 1185
490 1628
490 1710
490 1876
491 1362
491 1525
491 1712
492 666
492 1296
492 1991
493 598
493 750
493 849
493 1966
494 564
494 708
494 785
494 1442
495 730
495 806
495 1085
495 1187
495 1466
496 586
496 625
496 763
496 931
496 1207
496 1344
496 1756
496 1771
497 934
497 967
497 1406
497 1659
497 1800
497 1916
497 1968
498 544
498 548
498 600
498 1112
499 1028
499 1091
499 1196
499 1227
499 1641
499 1642
499 1696
499 1834
499 1965
500 1085
500 1187
500 1307
500 1466
500 1903
500 1958
501 553
501 629
501 764
501 1444
501 1561
501 1565
501 1956
502 1482
502 1637
502 1730
503 647
504 717
504 1176
504 1284
504 1938
504 1977
505 599
505 657
505 658
505 678
505 691
505 701
505 1225
505 1287
505 1330
505 1698
506 534
506 1093
506 1261
506 1265
506 1949
507 561
507 1068
507 1238
507 1260
507 1350
507 1867
507 1928
508 552
508 1654
508 1704
509 1096
509 1237
509 1481
509 1560
510 521
510 523
510 618
510 622
510 738
510 1073
510 1250
510 1601
511 952
511 975
511 1001
511 1208
512 1351
513 667
513 737
513 899
513 952
513 1959
514 1366
514 1420
514 1519
515 531
515 660
515 1162
515 1301
516 1189
516 1478
516 1967
517 1443
517 1546
517 1700
517 1754
517 1945
518 639
518 693
518 1024
518 1881
519 630
519 982
519 1000
519 1609
519 1999
520 766
521 523
521 622
521 1073
521 1601
521 1964
522 601
522 1158
522 1231
522 1749
523 622
523 1073
523 1601
523 1964
524 709
524 1575
524 1624
525 1270
525 1303
525 1435
525 1573
525 1762
525 1849
525 1987
526 595
526 795
526 1013
526 1429
527 672
527 1151
527 1367
527 1768
528 580
528 720
528 857
528 1046
528 1145
528 1554
528 1939
528 1961
529 1015
529 1025
529 1108
529 1765
530 668
530 745
530 1356
530 1664
530 1683
530 1994
531 660
531 1027
531 1036
531 1060
531 1162
531 1301
532 623
532 979
532 1198
532 1456
532 1633
532 1760
533 702
533 843
533 938
533 948
534 1093
534 1204
534 1262
534 1265
534 1335
534 1949
535 615
535 822
535 1285
535 1511
535 1616
535 1750
535 1909
536 696
536 876
536 1199
537 563
537 1533
537 1701
538 831
538 906
538 1052
538 1389
538 1687
538 1790
538 1896
538 1969
539 765
539 777
540 1272
540 1418
540 1458
540 1507
540 1828
540 1891
540 1972
541 793
541 888
542 590
542 815
542 1216
542 1475
542 1757
542 1849
542 1946
543 1377
543 1923
544 600
544 1112
544 1157
545 795
545 1481
546 569
546 638
546 707
546 889
546 960
546 1328
546 1404
547 553
547 1745
547 1932
549 833
549 1332
549 1831
550 1044
550 1146
550 1726
551 1234
551 1963
552 867
552 965
552 1255
552 1736
553 629
553 838
554 943
554 992
554 1213
554 1337
554 1372
554 1537
555 696
555 1246
555 1575
555 1894
555 1905
556 942
557 755
557 756
557 912
557 922
557 1035
557 1597
557 1711
557 1748
557 1772
557 1812
558 651
558 762
558 1691
559 588
559 1069
559 1239
560 1352
560 1582
560 1720
561 1238
561 1346
561 1350
561 1364
561 1867
562 1133
562 1280
562 1579
562 1662
562 1869
563 1533
563 1636
563 1701
564 708
564 785
564 850
564 920
564 1141
564 1442
564 1586
565 674
565 739
565 893
565 931
565 1244
565 1584
565 1756
566 1110
566 1713
566 1744
566 1803
567 1324
568 698
568 915
568 1213
568 1219
568 1282
568 1650
568 1847
569 707
569 889
569 894
569 1328
569 1404
569 1887
570 749
570 917
570 1398
570 1610
570 1622
570 1858
570 1943
570 1990
571 844
571 956
571 1600
571 1781
571 1856
571 1983
572 1602
572 1895
573 673
573 1341
573 1865
574 872
574 887
575 584
575 925
575 1728
576 1019
576 1061
576 1361
576 1388
576 1822
576 1871
577 1408
577 1411
577 1792
577 1988
578 626
578 882
578 1371
578 1808
578 1902
579 715
579 895
579 1089
579 1621
579 1773
579 1890
580 720
580 761
580 1145
580 1554
580 1746
581 1107
581 1360
581 1383
581 1450
581 1653
582 963
582 1038
582 1165
582 1572
583 706
583 726
583 771
583 1003
583 1807
583 1937
584 925
584 1728
584 1995
585 1325
585 1709
585 1801
586 682
586 763
586 931
586 1207
586 1256
586 1344
586 1551
586 1734
586 1771
587 684
587 834
587 964
587 1589
587 1816
588 606
588 901
588 1638
589 754
589 866
589 1045
589 1465
589 1682
590 1052
590 1270
590 1757
591 617
591 1317
592 747
592 1095
592 1168
592 1201
592 1503
593 659
593 818
593 842
593 1018
593 1058
593 1782
593 1861
594 665
594 1469
595 1028
595 1642
596 823
596 1217
596 1228
596 1345
597 675
597 834
597 1541
597 1589
598 750
598 849
598 906
598 1214
598 1592
599 678
599 691
599 701
599 1033
599 1330
599 1428
599 1888
599 1953
600 1101
600 1387
601 610
601 615
601 839
601 1231
601 1285
601 1749
602 673
602 821
602 1314
602 1792
602 1988
603 670
603 1259
603 1476
603 1483
604 916
604 1104
604 1443
604 1934
605 852
605 1075
605 1156
605 1343
605 1872
606 1638
607 637
607 1405
607 1477
607 1526
607 1542
608 885
608 1170
608 1311
609 611
609 704
609 1020
609 1120
609 1304
609 1326
610 839
610 1396
610 1480
610 1660
610 1979
611 704
611 1020
611 1034
611 1304
611 1326
612 1027
612 1257
612 1646
612 1657
612 1935
612 1989
613 805
613 1037
613 1148
613 1842
613 1929
614 1553
615 1231
615 1285
615 1731
615 1749
615 1909
616 649
616 1142
616 1332
616 1831
616 1851
617 1277
617 1550
617 1564
618 738
618 1047
618 1250
619 1940
620 771
620 1312
620 1315
621 1263
622 705
622 1601
622 1964
623 979
623 995
623 1227
623 1456
623 1834
624 812
625 763
625 931
625 1176
625 1207
625 1344
626 1371
626 1808
627 866
627 1708
628 683
628 1470
628 1492
628 1495
628 1518
629 1444
629 1561
630 689
630 982
630 1000
630 1571
630 1609
630 1999
631 859
631 1585
632 1472
632 1504
633 1097
633 1212
633 1697
633 1823
634 692
634 721
634 863
634 974
634 1875
635 782
635 949
635 1080
636 719
636 883
636 983
637 1042
637 1405
637 1819
638 822
638 960
638 987
638 1473
638 1511
638 1616
639 693
639 1024
639 1722
639 1881
640 937
640 947
640 1235
640 1320
640 1397
640 1525
640 1690
641 963
641 1016
641 1165
641 1828
642 679
642 967
642 1540
642 1723
642 1952
643 1000
643 1032
643 1461
643 1955
644 1520
644 1721
645 1135
645 1392
645 1487
645 1565
645 1788
646 990
646 1011
646 1067
646 1078
646 1203
646 1966
646 1973
647 1171
647 1399
648 1522
648 1753
648 1948
649 724
649 1142
649 1332
649 1630
650 654
650 1268
650 1468
650 1500
650 1741
650 1759
651 762
652 847
652 1539
652 1841
652 1942
653 986
653 1065
653 1071
653 1385
654 905
654 1249
654 1268
654 1354
654 1381
654 1500
654 1674
654 1741
654 1763
654 1785
655 1363
656 736
657 658
657 701
657 1033
657 1200
657 1225
657 1287
657 1330
657 1598
657 1736
658 691
658 701
658 1225
658 1287
658 1330
658 1598
658 1698
659 818
659 842
659 1861
660 1060
660 1162
660 1301
661 681
661 710
661 1014
661 1237
661 1386
661 1417
661 1560
661 1676
661 1995
662 857
662 1046
662 1054
662 1430
662 1939
663 1137
663 1352
663 1451
663 1635
663 1850
664 1285
664 1731
664 1750
664 1815
665 1477
665 1542
666 1296
666 1628
667 899
667 923
667 1002
667 1111
667 1959
668 745
669 957
669 1030
669 1129
669 1217
669 1717
669 1767
670 1259
670 1469
670 1483
671 683
671 1492
671 1631
671 1680
672 1151
672 1367
672 1768
672 1880
673 821
673 1988
674 682
674 739
674 931
674 1584
675 826
675 1004
675 1541
675 1608
675 1617
676 856
676 871
676 1088
677 1141
677 1302
677 1857
677 1893
678 691
678 1330
678 1906
679 934
679 966
679 967
679 1540
679 1723
680 1049
680 1538
680 1545
680 1555
680 1647
680 1705
680 1707
681 710
681 764
681 1014
681 1386
681 1490
681 1590
682 739
682 931
682 1734
682 1771
683 1492
683 1495
684 834
684 964
684 1816
685 945
685 1008
685 1391
685 1431
685 1464
685 1548
686 1122
686 1536
686 1606
686 1836
687 1378
687 1379
687 1725
688 1065
688 1158
689 982
689 1571
689 1826
689 1999
690 715
690 837
690 1124
690 1604
690 1755
690 1773
690 1890
691 1330
691 1698
691 1906
692 799
692 1136
692 1875
693 979
693 1024
693 1456
693 1881
694 998
694 1028
694 1091
694 1429
695 758
695 760
695 1010
695 1358
695 1494
696 1199
696 1575
696 1650
697 725
697 846
697 930
697 1417
697 1496
698 915
698 1012
698 1219
698 1650
698 1847
699 791
699 820
699 1202
699 1583
700 742
700 845
700 1149
701 955
701 1033
701 1225
701 1330
701 1428
701 1888
701 1953
702 843
702 1940
703 754
703 940
703 1063
703 1242
703 1393
703 1493
703 1581
703 1682
704 1304
705 872
705 1964
706 726
706 1183
706 1807
707 889
707 980
707 1114
707 1328
707 1404
707 1820
707 1887
708 785
708 786
708 1141
708 1266
708 1442
708 1586
709 1012
709 1440
709 1624
710 725
710 764
710 1386
710 1417
710 1496
710 1560
710 1590
711 933
712 808
712 984
712 1309
712 1622
712 1858
713 976
713 1258
713 1843
713 1952
713 1978
714 1066
714 1218
715 837
715 1089
715 1462
715 1604
715 1773
715 1890
716 887
716 1072
716 1348
716 1824
717 1176
717 1284
717 1938
717 1977
718 881
718 1086
718 1160
718 1241
718 1394
718 1544
718 1866
718 1900
719 983
719 1412
720 1046
720 1145
720 1554
720 1939
721 863
721 1875
722 1098
722 1254
722 1343
722 1944
723 989
723 1562
723 1720
723 1993
724 1142
724 1226
724 1630
725 930
725 1096
725 1417
725 1496
725 1560
726 1807
726 1937
727 941
727 1267
727 1277
727 1339
727 1531
727 1569
727 1837
727 1863
728 1329
728 1568
728 1627
729 752
729 1373
730 806
730 1459
730 1466
730 1605
730 1776
731 1579
731 1594
731 1927
732 1841
732 1883
733 1031
733 1323
733 1391
733 1431
733 1665
733 1761
733 1780
734 773
734 955
734 1033
734 1308
734 1347
734 1428
734 1820
734 1888
734 1953
735 996
735 1352
735 1582
735 1720
735 1729
736 1571
737 1764
738 1047
738 1829
739 931
739 1244
739 1584
739 1756
740 912
740 1211
740 1597
740 1643
740 1735
741 1329
742 845
742 1149
743 1275
743 1423
744 1289
744 1689
744 1897
745 1356
745 1664
745 1683
745 1994
746 1406
746 1484
746 1800
746 1804
746 1968
747 802
747 1095
747 1174
747 1338
747 1528
747 1957
748 812
748 880
748 1077
748 1132
748 1970
749 917
749 1053
749 1610
750 990
750 1067
750 1966
750 1973
751 769
751 788
751 829
751 1103
751 1353
751 1512
751 1907
751 1985
752 814
752 1340
752 1373
752 1460
752 1747
752 1914
753 978
753 1421
753 1629
753 1976
754 1465
754 1493
754 1581
754 1682
755 756
755 912
755 922
755 976
755 1035
755 1365
755 1711
755 1748
755 1772
755 1843
756 912
756 922
756 1035
756 1597
756 1711
756 1748
756 1772
757 1101
757 1362
757 1607
758 760
758 1010
758 1358
758 1494
759 1452
759 1535
759 1737
760 1170
760 1494
761 1046
761 1054
761 1140
761 1400
761 1611
762 1691
763 1176
763 1207
763 1256
763 1284
763 1344
763 1551
763 1771
764 1014
764 1386
764 1417
764 1444
764 1496
764 1561
764 1590
765 824
765 1076
765 1493
766 1753
766 1825
767 1163
768 1950
769 829
769 1103
769 1353
769 1512
769 1907
769 1985
770 1006
770 1264
770 1325
770 1557
772 886
772 1026
772 1127
772 1618
772 1951
773 867
773 955
773 1255
773 1308
773 1347
773 1446
773 1751
773 1770
774 813
774 1216
774 1517
774 1946
774 1960
775 853
775 1048
775 1409
775 1497
775 1679
776 875
776 1181
776 1195
776 1214
776 1251
776 1543
777 1484
777 1886
778 816
778 1567
778 1612
779 1139
779 1624
780 830
780 883
780 983
780 1157
780 1529
780 1593
780 1775
781 1248
781 1436
781 1498
781 1580
781 1623
781 1926
781 1976
782 798
782 996
782 1671
782 1699
782 1729
783 1223
783 1399
784 792
784 1777
785 1141
785 1442
786 1266
786 1362
786 1586
786 1607
786 1712
787 1062
787 1647
788 829
788 897
788 973
788 1534
788 1985
789 830
789 1157
789 1529
789 1588
790 812
791 820
791 999
791 1116
791 1975
792 1445
792 1777
793 888
794 926
794 1339
794 1758
794 1863
795 1013
795 1290
796 1064
796 1494
797 1088
798 1562
798 1671
798 1699
798 1700
798 1729
798 1754
799 1007
799 1136
799 1677
800 1636
800 1644
800 1779
801 879
801 981
801 1425
801 1671
802 1198
802 1528
802 1536
802 1606
802 1633
802 1760
802 1911
802 1957
803 954
803 1327
803 1380
803 1447
803 1613
803 1661
804 1846
805 1037
805 1148
805 1228
805 1842
805 1862
805 1929
806 1605
807 991
807 1919
808 984
808 1229
808 1552
809 828
809 1382
809 1743
809 1766
809 1878
809 1982
810 1169
810 1236
810 1440
810 1516
810 1576
810 1874
810 1933
811 848
811 873
811 1063
811 1682
811 1702
812 1077
812 1970
813 1517
813 1960
814 1340
814 1373
815 1160
815 1475
815 1757
815 1849
815 1946
816 871
816 1051
816 1567
816 1612
816 1901
816 1960
817 938
817 1313
817 1717
817 1767
817 1793
817 1962
818 842
818 1155
818 1194
818 1861
819 1016
819 1453
819 1620
819 1915
820 1116
820 1984
821 1314
821 1486
822 960
822 987
822 1355
822 1511
822 1616
822 1750
822 1909
823 854
823 1401
824 1076
824 1439
824 1493
824 1581
825 1879
826 1004
826 1608
826 1617
826 1853
827 1669
827 1868
828 1075
828 1343
828 1382
828 1766
828 1872
828 1878
829 1103
829 1353
829 1512
829 1907
829 1985
830 1157
830 1529
830 1588
831 1687
831 1790
831 1896
831 1969
832 1191
832 1226
832 1851
833 1332
834 855
834 1541
834 1589
835 859
835 1471
835 1585
835 1667
835 1739
836 1478
836 1535
836 1737
836 1967
837 1604
838 1745
839 1231
839 1480
839 1660
839 1979
840 864
840 977
840 1870
840 1882
840 1930
841 1181
841 1546
842 1018
842 1058
842 1782
842 1861
843 938
844 1600
844 1781
844 1856
844 1981
844 1983
845 1149
845 1209
845 1974
846 892
846 930
846 1958
847 1295
847 1942
848 908
849 906
849 1214
849 1251
850 920
850 1442
850 1586
850 1712
851 869
851 1105
851 1375
851 1505
851 1854
852 1156
852 1343
852 1632
853 1048
853 1497
854 1401
855 1321
855 1437
855 1568
855 1589
855 1602
856 871
856 1051
857 1046
857 1939
857 1961
858 977
858 997
858 1488
858 1930
858 1997
859 1471
859 1585
860 1083
860 1369
860 1459
860 1776
860 1913
861 890
861 953
861 1273
862 896
862 1523
862 1692
862 1801
863 1109
863 1136
863 1677
863 1875
864 977
864 1488
864 1870
864 1882
864 1930
865 959
865 1359
865 1427
865 1703
866 1708
867 955
867 965
867 1033
867 1255
867 1446
867 1736
868 1625
868 1860
869 1071
869 1087
869 1105
869 1505
870 1269
870 1327
870 1514
871 1051
871 1960
873 940
873 1063
873 1190
873 1702
873 1724
874 918
874 1244
874 1584
875 1195
875 1214
875 1251
875 1543
876 1158
876 1894
876 1905
877 1310
877 1508
877 1810
878 1025
878 1108
878 1765
879 981
879 1117
879 1671
880 1132
880 1970
881 1086
881 1241
881 1394
881 1544
881 1866
881 1900
882 898
883 983
883 1593
883 1775
884 1146
884 1744
885 1032
885 1170
885 1461
885 1831
885 1955
886 1026
886 1127
886 1618
887 1348
888 966
888 1128
888 1292
888 1971
889 894
889 1328
889 1404
889 1820
889 1887
890 911
890 953
890 1273
890 1434
890 1880
891 933
891 1139
891 1797
892 930
892 1648
893 1244
893 1438
893 1756
894 1009
894 1328
894 1347
894 1404
894 1820
895 1089
895 1621
895 1773
895 1890
896 1523
896 1801
897 954
897 973
897 1294
897 1534
897 1661
899 952
899 1208
899 1959
900 1184
900 1345
901 1092
901 1390
901 1413
901 1454
901 1638
902 958
902 1165
902 1179
902 1603
903 1568
903 1602
903 1814
903 1895
903 1996
904 985
904 1668
904 1825
905 1249
905 1354
905 1381
905 1500
905 1741
905 1763
905 1785
905 1832
906 1389
906 1592
907 935
909 1100
909 1278
909 1357
909 1615
910 1074
910 1082
910 1247
910 1289
910 1706
910 1998
911 953
911 1151
911 1273
911 1367
911 1434
911 1768
911 1880
912 922
912 1035
912 1597
912 1711
912 1748
912 1772
912 1812
913 1340
913 1407
913 1433
913 1914
914 1658
914 1672
914 1784
915 1199
915 1650
916 1104
916 1443
916 1587
917 1053
917 1309
917 1320
917 1610
917 1858
918 1584
918 1830
919 1186
919 1997
920 1442
920 1586
920 1821
921 1521
921 1740
922 1597
922 1772
923 1002
923 1959
924 944
924 1279
924 1455
925 978
925 1728
925 1995
926 1339
926 1559
926 1688
926 1758
926 1863
928 1125
928 1915
929 1365
929 1402
929 1848
930 1496
930 1958
931 1207
931 1756
931 1771
932 1131
932 1247
932 1506
932 1714
932 1732
932 1899
933 1139
933 1797
934 967
934 1659
934 1916
934 1968
936 988
936 1154
936 1513
936 1652
937 947
937 1053
937 1309
937 1320
937 1858
938 1962
939 1171
940 1063
940 1190
940 1242
940 1393
940 1682
940 1702
940 1724
941 1267
941 1531
941 1569
942 1300
942 1312
942 1986
943 1040
943 1337
943 1372
943 1537
943 1906
944 1230
944 1327
944 1514
945 1059
945 1323
945 1391
945 1431
945 1464
945 1548
945 1872
946 1166
946 1233
946 1235
946 1690
947 1309
947 1397
947 1690
948 1793
948 1842
948 1929
949 1080
949 1117
950 972
950 1215
950 1519
950 1596
951 1336
951 1634
951 1669
951 1809
951 1868
952 1208
953 1273
953 1434
953 1880
954 1380
954 1447
954 1613
954 1661
954 1666
955 1033
955 1225
955 1308
955 1330
955 1428
955 1446
955 1736
956 1547
956 1600
956 1743
957 1217
957 1401
958 1179
958 1603
959 1138
959 1172
959 1427
959 1703
959 1910
960 987
960 1511
960 1616
960 1909
961 1059
961 1130
961 1156
961 1253
961 1334
961 1632
961 1752
962 1592
962 1687
962 1896
963 1165
963 1828
964 1297
964 1403
964 1733
964 1816
965 1200
965 1255
965 1736
966 1128
966 1292
966 1971
967 1540
967 1659
967 1723
968 1027
968 1060
968 1164
968 1646
969 1735
970 1193
970 1279
970 1455
970 1649
971 1185
971 1710
971 1876
972 1215
972 1519
972 1596
973 1017
973 1294
973 1534
974 1178
974 1875
975 1001
975 1208
975 1569
976 1258
976 1365
976 1843
977 997
977 1488
977 1619
977 1882
977 1930
978 1175
978 1248
978 1283
978 1498
979 995
979 1456
979 1633
980 1114
980 1299
980 1396
980 1660
980 1887
981 1425
981 1934
982 1571
982 1609
982 1999
983 1593
983 1775
985 1668
985 1797
986 1065
986 1071
986 1385
986 1664
987 1355
987 1473
987 1511
987 1616
988 1154
988 1206
988 1388
988 1513
988 1897
989 1181
989 1562
989 1945
989 1993
990 1067
990 1966
990 1973
991 1832
992 1902
993 1119
993 1131
993 1331
993 1499
993 1827
993 1998
994 1177
994 1606
994 1818
994 1911
994 1957
995 1227
995 1570
995 1834
996 1582
996 1729
997 1079
997 1488
998 1054
998 1091
998 1400
998 1611
998 1696
998 1877
998 1965
999 1116
999 1975
1000 1032
1000 1609
1000 1955
1002 1111
1002 1349
1002 1778
1003 1222
1003 1937
1004 1197
1004 1533
1004 1608
1004 1617
1004 1853
1005 1180
1005 1245
1006 1264
1006 1325
1008 1464
1008 1856
1008 1981
1009 1328
1009 1404
1009 1770
1010 1358
1011 1067
1011 1078
1011 1203
1011 1449
1011 1973
1012 1847
1014 1386
1014 1490
1014 1590
1015 1025
1015 1108
1015 1765
1016 1453
1016 1620
1016 1915
1017 1294
1018 1058
1018 1782
1018 1861
1018 1908
1019 1361
1019 1871
1020 1120
1020 1326
1021 1280
1021 1376
1021 1383
1021 1411
1021 1653
1021 1917
1021 1941
1022 1454
1022 1579
1022 1662
1022 1927
1023 1212
1023 1318
1023 1823
1023 1838
1024 1456
1024 1881
1025 1108
1026 1127
1026 1618
1027 1036
1027 1060
1027 1646
1027 1935
1028 1091
1028 1642
1029 1066
1029 1144
1030 1129
1030 1217
1030 1313
1030 1717
1030 1767
1031 1504
1031 1652
1031 1665
1031 1761
1031 1780
1032 1461
1032 1955
1033 1225
1033 1330
1033 1428
1033 1446
1033 1736
1033 1888
1034 1786
1035 1365
1035 1711
1035 1748
1035 1772
1035 1812
1036 1060
1036 1646
1036 1657
1036 1935
1037 1148
1037 1929
1038 1165
1038 1572
1039 1774
1039 1925
1040 1337
1040 1537
1040 1906
1041 1050
1041 1595
1041 1626
1041 1901
1042 1502
1042 1819
1043 1281
1043 1384
1043 1405
1044 1146
1044 1263
1044 1726
1045 1465
1045 1634
1045 1708
1046 1054
1046 1140
1046 1400
1046 1554
1046 1939
1047 1829
1048 1522
1048 1948
1049 1545
1049 1639
1049 1647
1050 1595
1050 1626
1050 1789
1050 1873
1050 1921
1050 1931
1051 1517
1051 1960
1052 1389
1052 1969
1052 1980
1053 1309
1053 1320
1053 1610
1053 1858
1054 1140
1054 1400
1054 1429
1055 1355
1055 1852
1056 1143
1056 1298
1056 1346
1056 1725
1057 1341
1057 1826
1058 1782
1058 1861
1059 1156
1059 1253
1059 1323
1059 1334
1059 1391
1059 1431
1059 1752
1060 1646
1061 1068
1061 1260
1061 1388
1061 1695
1061 1822
1061 1867
1061 1897
1062 1859
1063 1190
1063 1682
1063 1702
1063 1724
1064 1109
1064 1188
1064 1311
1064 1614
1066 1218
1067 1078
1067 1203
1067 1966
1067 1973
1068 1238
1068 1388
1068 1689
1068 1867
1068 1897
1068 1928
1069 1239
1070 1268
1070 1674
1070 1759
1070 1920
1071 1664
1072 1824
1073 1601
1074 1082
1074 1240
1074 1247
1075 1343
1075 1872
1075 1878
1076 1439
1076 1484
1076 1921
1077 1132
1077 1970
1078 1203
1078 1449
1078 1973
1079 1445
1079 1488
1079 1619
1080 1370
1080 1898
1081 1147
1081 1152
1081 1252
1081 1310
1081 1508
1081 1655
1081 1810
1082 1247
1082 1706
1082 1714
1082 1998
1083 1369
1083 1459
1083 1556
1084 1118
1084 1143
1084 1860
1085 1187
1085 1307
1085 1466
1085 1524
1085 1903
1086 1241
1086 1394
1086 1900
1087 1489
1087 1715
1087 1854
1088 1595
1089 1462
1089 1604
1089 1621
1089 1773
1089 1890
1090 1106
1090 1126
1091 1196
1091 1642
1091 1696
1091 1965
1092 1390
1092 1413
1092 1487
1092 1638
1093 1261
1093 1949
1095 1174
1095 1201
1095 1338
1095 1503
1096 1237
1096 1306
1096 1560
1097 1366
1097 1697
1098 1254
1098 1632
1098 1892
1098 1944
1099 1286
1099 1395
1099 1668
1100 1278
1100 1615
1100 1859
1101 1607
1102 1113
1102 1963
1103 1353
1103 1512
1103 1907
1103 1985
1104 1443
1104 1449
1104 1515
1104 1587
1105 1505
1105 1854
1106 1126
1107 1376
1107 1383
1107 1390
1107 1653
1107 1685
1108 1341
1108 1765
1109 1136
1109 1188
1109 1311
1109 1614
1109 1677
1110 1468
1110 1713
1110 1803
1111 1349
1111 1764
1112 1157
1113 1211
1113 1643
1113 1813
1114 1299
1114 1396
1114 1887
1115 1426
1115 1796
1116 1975
1117 1671
1118 1860
1119 1131
1119 1291
1119 1499
1119 1827
1120 1326
1121 1221
1121 1333
1121 1415
1121 1640
1121 1680
1121 1738
1121 1783
1122 1836
1122 1886
1123 1817
1123 1922
1124 1336
1124 1755
1124 1773
1124 1809
1125 1915
1127 1618
1127 1951
1128 1292
1128 1920
1128 1971
1130 1253
1130 1334
1130 1632
1130 1752
1131 1291
1131 1499
1131 1714
1131 1827
1131 1899
1131 1998
1132 1970
1133 1719
1133 1869
1134 1356
1134 1855
1134 1884
1134 1994
1135 1239
1135 1788
1136 1188
1136 1677
1136 1875
1137 1352
1137 1451
1137 1635
1137 1850
1138 1172
1138 1910
1139 1797
1140 1400
1140 1611
1141 1857
1142 1191
1142 1226
1142 1851
1143 1346
1143 1725
1143 1839
1144 1274
1144 1432
1144 1681
1145 1322
1145 1554
1145 1746
1145 1816
1146 1726
1147 1310
1147 1810
1147 1904
1148 1842
1148 1929
1149 1209
1150 1317
1150 1416
1150 1550
1150 1686
1150 1795
1150 1954
1151 1367
1151 1434
1151 1768
1151 1880
1152 1182
1152 1252
1152 1410
1152 1655
1153 1260
1153 1274
1153 1350
1153 1474
1153 1681
1153 1695
1153 1867
1154 1206
1154 1513
1154 1652
1154 1871
1155 1194
1156 1632
1157 1529
1159 1380
1159 1467
1159 1666
1159 1817
1160 1544
1160 1713
1160 1866
1160 1900
1161 1368
1161 1485
1161 1663
1161 1670
1161 1918
1162 1301
1164 1833
1165 1603
1166 1233
1166 1235
1166 1397
1166 1690
1167 1460
1167 1821
1168 1258
1168 1818
1169 1286
1169 1395
1169 1516
1169 1576
1169 1874
1171 1223
1172 1427
1172 1910
1174 1338
1174 1501
1174 1528
1175 1248
1175 1283
1175 1421
1175 1498
1175 1976
1176 1207
1176 1284
1176 1344
1176 1938
1177 1818
1177 1911
1178 1774
1179 1603
1180 1245
1180 1368
1180 1485
1180 1670
1181 1546
1181 1945
1182 1252
1182 1410
1182 1655
1183 1491
1184 1345
1185 1710
1185 1876
1186 1930
1186 1997
1187 1307
1187 1466
1187 1903
1188 1311
1188 1614
1188 1677
1189 1409
1189 1478
1189 1967
1190 1242
1190 1702
1190 1724
1191 1226
1191 1851
1192 1769
1193 1279
1193 1414
1193 1455
1193 1649
1195 1214
1195 1251
1195 1435
1195 1543
1196 1227
1196 1641
1196 1696
1196 1834
1196 1965
1197 1617
1197 1627
1197 1853
1198 1501
1198 1528
1198 1633
1198 1760
1199 1650
1200 1598
1200 1736
1201 1503
1202 1419
1202 1583
1202 1984
1203 1449
1203 1515
1203 1973
1204 1262
1204 1265
1204 1335
1204 1949
1205 1245
1205 1259
1205 1272
1205 1891
1206 1388
1206 1897
1207 1344
1207 1771
1208 1959
1209 1374
1209 1510
1209 1835
1209 1892
1209 1974
1210 1402
1210 1403
1210 1848
1211 1643
1211 1813
1212 1318
1212 1823
1212 1838
1213 1219
1213 1282
1213 1372
1213 1847
1214 1251
1214 1543
1215 1596
1215 1654
1215 1704
1216 1849
1216 1946
1218 1274
1219 1282
1219 1372
1219 1847
1220 1377
1220 1798
1220 1923
1221 1333
1221 1415
1221 1640
1221 1680
1222 1276
1222 1673
1223 1399
1224 1325
1224 1509
1224 1523
1224 1557
1224 1574
1224 1709
1224 1844
1225 1330
1225 1598
1225 1736
1226 1851
1227 1570
1227 1834
1228 1345
1228 1862
1229 1552
1229 1910
1230 1514
1231 1285
1231 1731
1231 1749
1232 1591
1232 1645
1232 1684
1234 1963
1235 1387
1235 1690
1236 1440
1236 1516
1236 1933
1237 1481
1237 1560
1237 1676
1237 1995
1238 1867
1238 1928
1241 1394
1241 1544
1241 1866
1241 1900
1242 1393
1243 1943
1243 1990
1244 1438
1244 1584
1244 1756
1245 1272
1246 1575
1246 1894
1246 1905
1247 1506
1247 1714
1247 1998
1248 1283
1248 1421
1248 1436
1248 1463
1248 1498
1248 1580
1248 1623
1248 1976
1249 1268
1249 1354
1249 1381
1249 1500
1249 1741
1249 1763
1249 1785
1250 1885
1251 1543
1252 1410
1252 1655
1253 1323
1253 1334
1253 1752
1254 1343
1254 1944
1255 1446
1255 1751
1256 1284
1256 1344
1256 1551
1257 1646
1257 1657
1257 1989
1258 1365
1259 1483
1260 1350
1260 1695
1260 1867
1262 1265
1262 1335
1262 1949
1265 1335
1265 1949
1266 1362
1266 1586
1266 1712
1267 1277
1267 1531
1267 1550
1268 1500
1268 1674
1268 1741
1268 1759
1268 1763
1268 1920
1270 1303
1270 1435
1270 1762
1270 1849
1270 1980
1271 1352
1271 1451
1271 1635
1271 1656
1271 1850
1272 1418
1272 1458
1272 1507
1272 1828
1272 1891
1272 1972
1273 1434
1274 1350
1274 1432
1274 1681
1275 1423
1276 1673
1277 1564
1277 1837
1278 1357
1278 1615
1279 1455
1279 1649
1280 1662
1280 1941
1281 1384
1282 1372
1283 1498
1284 1344
1284 1551
1284 1938
1285 1731
1285 1749
1285 1750
1285 1815
1285 1909
1286 1395
1286 1516
1287 1598
1287 1698
1288 1786
1289 1706
1290 1426
1290 1796
1291 1357
1291 1499
1291 1827
1292 1971
1293 1478
1293 1967
1294 1534
1295 1721
1295 1942
1297 1403
1297 1733
1297 1816
1298 1479
1299 1396
1299 1660
1300 1986
1302 1645
1302 1684
1302 1893
1303 1435
1303 1762
1303 1849
1303 1987
1305 1846
1307 1466
1307 1524
1307 1787
1307 1903
1308 1347
1308 1428
1308 1446
1308 1770
1308 1820
1309 1320
1309 1622
1309 1858
1310 1508
1310 1810
1310 1904
1311 1614
1312 1986
1313 1717
1313 1767
1313 1793
1313 1862
1313 1962
1314 1486
1314 1792
1314 1912
1316 1422
1316 1710
1316 1769
1317 1686
1318 1473
1319 1577
1321 1437
1321 1568
1321 1602
1321 1996
1322 1457
1322 1746
1323 1334
1323 1391
1323 1431
1323 1548
1323 1752
1323 1761
1324 1698
1325 1709
1327 1447
1327 1613
1328 1404
1330 1428
1330 1888
1330 1953
1331 1806
1332 1831
1333 1640
1333 1738
1333 1783
1334 1513
1334 1752
1334 1761
1334 1871
1335 1949
1336 1708
1336 1809
1336 1868
1337 1537
1337 1808
1338 1501
1339 1559
1339 1688
1339 1758
1339 1863
1340 1373
1340 1407
1340 1433
1340 1747
1340 1914
1341 1765
1342 1566
1342 1669
1342 1868
1344 1551
1346 1364
1347 1404
1347 1428
1347 1770
1347 1820
1349 1545
1349 1639
1350 1867
1351 1658
1352 1451
1352 1582
1352 1850
1353 1985
1354 1500
1354 1741
1354 1785
1354 1832
1355 1473
1355 1616
1355 1852
1356 1664
1356 1683
1356 1884
1357 1615
1357 1899
1359 1427
1359 1703
1359 1833
1360 1450
1360 1685
1361 1822
1362 1607
1362 1712
1365 1843
1366 1420
1366 1476
1366 1519
1366 1697
1367 1434
1367 1768
1367 1880
1368 1483
1368 1485
1369 1556
1370 1415
1370 1532
1370 1680
1370 1738
1370 1783
1370 1898
1371 1902
1372 1537
1374 1510
1374 1892
1374 1974
1376 1383
1376 1390
1376 1653
1376 1917
1377 1923
1378 1379
1378 1725
1378 1805
1378 1839
1379 1805
1379 1839
1379 1954
1380 1447
1380 1467
1380 1613
1381 1674
1381 1763
1381 1785
1382 1766
1382 1878
1382 1982
1383 1411
1383 1653
1383 1917
1386 1417
1386 1490
1386 1590
1388 1897
1389 1969
1389 1980
1390 1413
1390 1685
1390 1936
1391 1431
1391 1464
1391 1548
1391 1872
1392 1487
1392 1565
1392 1788
1394 1900
1396 1480
1396 1660
1396 1979
1397 1690
1398 1610
1400 1611
1400 1877
1401 1521
1402 1848
1403 1733
1405 1542
1406 1659
1406 1800
1406 1804
1406 1916
1406 1968
1407 1433
1408 1411
1408 1988
1409 1497
1409 1679
1410 1655
1411 1653
1411 1917
1411 1941
1412 1919
1413 1454
1413 1638
1414 1649
1415 1532
1415 1680
1415 1738
1415 1783
1415 1898
1416 1550
1416 1686
1416 1795
1416 1805
1416 1954
1417 1496
1417 1560
1417 1590
1418 1458
1418 1828
1418 1891
1418 1972
1419 1583
1419 1678
1420 1476
1421 1436
1421 1463
1421 1580
1421 1976
1422 1769
1424 1794
1425 1700
1425 1934
1426 1796
1427 1703
1428 1820
1428 1888
1428 1953
1429 1430
1431 1464
1431 1548
1431 1872
1432 1474
1432 1681
1433 1747
1433 1914
1434 1768
1434 1880
1435 1543
1435 1762
1435 1980
1436 1463
1436 1520
1436 1580
1436 1623
1436 1976
1437 1568
1437 1602
1437 1996
1438 1991
1439 1493
1440 1516
1440 1624
1440 1718
1440 1933
1441 1591
1442 1586
1442 1821
1444 1561
1444 1590
1445 1619
1445 1777
1446 1736
1446 1751
1447 1613
1447 1661
1449 1587
1451 1635
1451 1656
1451 1850
1452 1535
1452 1574
1452 1992
1453 1620
1453 1727
1453 1915
1454 1638
1455 1649
1456 1881
1457 1802
1458 1828
1458 1972
1459 1776
1459 1913
1460 1747
1460 1914
1461 1831
1461 1955
1462 1604
1463 1580
1463 1976
1464 1548
1465 1581
1466 1524
1466 1903
1467 1817
1468 1500
1468 1803
1468 1832
1469 1625
1470 1495
1470 1518
1471 1585
1471 1667
1471 1739
1472 1504
1472 1652
1472 1665
1472 1675
1472 1769
1473 1616
1474 1681
1475 1757
1477 1542
1478 1737
1478 1967
1479 1689
1479 1806
1480 1660
1480 1979
1481 1676
1482 1693
1482 1730
1482 1947
1484 1804
1484 1886
1484 1921
1485 1663
1485 1670
1485 1918
1486 1777
1486 1912
1488 1619
1488 1882
1489 1715
1490 1590
1490 1629
1490 1956
1492 1680
1493 1581
1495 1518
1495 1553
1497 1679
1498 1580
1498 1623
1498 1926
1499 1714
1499 1827
1499 1998
1500 1741
1500 1759
1500 1763
1500 1832
1501 1641
1502 1636
1502 1819
1503 1733
1504 1652
1504 1665
1505 1854
1506 1714
1506 1732
1506 1899
1507 1620
1507 1828
1507 1891
1507 1972
1508 1810
1509 1523
1509 1557
1509 1574
1509 1844
1510 1835
1510 1974
1511 1616
1511 1909
1512 1907
1513 1871
1515 1587
1516 1718
1516 1933
1517 1960
1518 1724
1519 1596
1519 1697
1521 1740
1522 1692
1522 1948
1523 1557
1523 1574
1523 1844
1524 1787
1524 1903
1527 1845
1528 1633
1528 1760
1528 1957
1529 1588
1529 1775
1530 1888
1530 1953
1531 1569
1531 1863
1532 1680
1532 1738
1532 1783
1532 1898
1533 1701
1535 1737
1535 1967
1536 1606
1536 1633
1536 1760
1537 1906
1538 1555
1538 1705
1538 1707
1538 1977
1539 1841
1540 1723
1540 1952
1541 1589
1543 1980
1544 1713
1544 1866
1544 1900
1545 1639
1545 1647
1546 1945
1547 1743
1548 1872
1549 1734
1550 1686
1550 1795
1551 1794
1554 1746
1554 1939
1555 1705
1555 1707
1557 1574
1558 1722
1558 1799
1559 1688
1559 1758
1559 1863
1560 1676
1561 1565
1561 1956
1562 1754
1562 1945
1562 1993
1563 1908
1565 1599
1565 1956
1566 1578
1567 1612
1567 1901
1568 1602
1568 1895
1568 1996
1571 1826
1571 1999
1573 1762
1573 1987
1574 1844
1575 1905
1576 1874
1578 1755
1579 1594
1579 1662
1579 1927
1580 1623
1580 1926
1580 1976
1582 1720
1582 1729
1584 1756
1586 1712
1591 1864
1592 1896
1593 1775
1594 1927
1595 1626
1595 1931
1597 1772
1599 1956
1600 1781
1600 1983
1601 1964
1602 1895
1602 1996
1603 1727
1604 1773
1605 1776
1606 1633
1606 1760
1606 1911
1606 1957
1607 1712
1608 1853
1609 1999
1611 1877
1612 1960
1613 1661
1616 1909
1617 1627
1617 1853
1618 1951
1621 1890
1622 1858
1622 1943
1622 1990
1623 1841
1623 1926
1626 1789
1626 1873
1626 1931
1633 1760
1634 1708
1635 1850
1636 1644
1636 1701
1636 1779
1637 1730
1639 1647
1641 1696
1641 1834
1641 1877
1641 1965
1643 1813
1644 1779
1645 1684
1645 1893
1646 1935
1652 1665
1652 1761
1652 1780
1653 1917
1654 1704
1655 1810
1656 1850
1657 1846
1657 1935
1658 1672
1659 1800
1659 1916
1659 1968
1660 1979
1662 1941
1663 1670
1663 1918
1664 1683
1665 1675
1665 1780
1666 1817
1667 1739
1669 1868
1670 1918
1671 1699
1671 1700
1674 1763
1674 1920
1675 1780
1676 1995
1680 1783
1682 1702
1683 1884
1684 1893
1684 1951
1685 1936
1686 1795
1687 1790
1687 1896
1687 1969
1688 1758
1688 1837
1688 1863
1689 1897
1689 1928
1691 1715
1693 1730
1693 1947
1694 1848
1695 1822
1695 1867
1696 1877
1696 1965
1697 1823
1699 1700
1699 1754
1700 1754
1702 1724
1705 1707
1705 1977
1706 1998
1708 1809
1709 1801
1710 1876
1711 1748
1711 1772
1711 1812
1713 1866
1714 1899
1714 1998
1715 1854
1717 1767
1717 1793
1717 1862
1717 1962
1718 1933
1719 1870
1721 1865
1721 1942
1722 1799
1725 1839
1727 1915
1728 1995
1730 1947
1731 1749
1731 1815
1732 1899
1734 1771
1735 1904
1737 1967
1738 1783
1738 1898
1741 1763
1741 1832
1742 1919
1743 1982
1745 1932
1746 1816
1747 1914
1748 1772
1748 1812
1748 1848
1750 1815
1750 1909
1751 1770
1752 1761
1753 1825
1753 1948
1754 1945
1755 1773
1758 1863
1761 1780
1762 1987
1766 1878
1767 1793
1767 1862
1767 1962
1768 1880
1773 1890
1776 1913
1781 1856
1781 1981
1781 1983
1783 1898
1787 1992
1789 1873
1789 1916
1789 1921
1789 1931
1790 1896
1790 1969
1791 1792
1791 1870
1791 1912
1792 1912
1792 1988
1793 1842
1793 1862
1793 1962
1794 1938
1795 1954
1799 1868
1800 1968
1802 1961
1804 1921
1805 1954
1814 1895
1814 1996
1817 1922
1818 1911
1818 1957
1820 1887
1820 1888
1820 1953
1825 1948
1828 1891
1828 1972
1831 1955
1834 1965
1836 1886
1841 1883
1841 1926
1842 1862
1842 1929
1846 1935
1849 1946
1855 1884
1855 1994
1856 1981
1856 1983
1858 1943
1861 1908
1862 1929
1866 1900
1870 1882
1873 1916
1873 1931
1877 1965
1878 1982
1882 1930
1883 1926
1888 1953
1891 1972
1892 1944
1892 1974
1893 1951
1894 1905
1895 1996
1897 1928
1907 1985
1911 1957
1916 1968
1917 1941
1921 1931
1925 1950
1938 1977
1939 1961
1943 1990
1952 1978
1966 1973
1981 1983
