500
0 0.801869 0.569273
1 0.499585 0.568016
2 0.036503 0.608784
3 0.796835 0.703444
4 0.760549 0.032606
5 0.588096 0.600156
6 0.461672 0.690083
7 0.339673 0.549069
8 0.757710 0.255577
9 0.960211 0.687948
10 0.737746 0.863616
11 0.659096 0.322733
12 0.471446 0.196595
13 0.860597 0.799447
14 0.844670 0.067056
15 0.164254 0.633276
16 0.739685 0.373482
17 0.718007 0.578924
18 0.719927 0.676697
19 0.527770 0.335149
20 0.802102 0.543408
21 0.165640 0.616414
22 0.602529 0.234043
23 0.058668 0.395895
24 0.129969 0.273997
25 0.041059 0.226599
26 0.763783 0.940535
27 0.134947 0.681167
28 0.504128 0.722017
29 0.588318 0.115941
30 0.409992 0.361801
31 0.043423 0.161198
32 0.251216 0.186048
33 0.334955 0.566962
34 0.792257 0.032856
35 0.824535 0.292620
36 0.798317 0.249556
37 0.366503 0.018583
38 0.808514 0.905641
39 0.969732 0.579548
40 0.956189 0.580757
41 0.971186 0.171426
42 0.632986 0.830313
43 0.069134 0.567827
44 0.591225 0.705689
45 0.877446 0.996985
46 0.158193 0.511705
47 0.757091 0.776354
48 0.596299 0.320896
49 0.556957 0.279574
50 0.284681 0.632336
51 0.553321 0.319377
52 0.320664 0.962131
53 0.315793 0.569955
54 0.343617 0.083405
55 0.447266 0.223683
56 0.869045 0.095481
57 0.146393 0.679559
58 0.187426 0.495153
59 0.323335 0.694571
60 0.930095 0.947327
61 0.562993 0.094193
62 0.733605 0.508015
63 0.574682 0.834531
64 0.044362 0.639534
65 0.893162 0.936162
66 0.996880 0.475959
67 0.471929 0.446289
68 0.748123 0.353679
69 0.894867 0.543421
70 0.353223 0.779746
71 0.069878 0.238990
72 0.644494 0.466508
73 0.362379 0.287245
74 0.077101 0.909889
75 0.839740 0.435585
76 0.000116 0.246713
77 0.559557 0.365025
78 0.179439 0.527611
79 0.055078 0.020775
80 0.976620 0.963436
81 0.208952 0.861277
82 0.238538 0.619325
83 0.129374 0.453488
84 0.891393 0.070614
85 0.346745 0.272809
86 0.952150 0.606081
87 0.634364 0.528023
88 0.171601 0.666524
89 0.023239 0.324742
90 0.805396 0.340504
91 0.128975 0.505280
92 0.737787 0.058549
93 0.708470 0.587674
94 0.709037 0.080467
95 0.635577 0.980771
96 0.643317 0.883541
97 0.201785 0.743861
98 0.437907 0.003712
99 0.600585 0.587182
100 0.076224 0.797025
101 0.068173 0.419968
102 0.258415 0.942940
103 0.052431 0.117740
104 0.506141 0.782971
105 0.714591 0.244621
106 0.453184 0.799060
107 0.197856 0.714397
108 0.042781 0.241092
109 0.388409 0.141218
110 0.214764 0.035552
111 0.676634 0.186683
112 0.553241 0.917703
113 0.741547 0.733218
114 0.874062 0.174194
115 0.540290 0.262015
116 0.112637 0.407585
117 0.706517 0.848532
118 0.686329 0.444253
119 0.177745 0.345284
120 0.489515 0.152437
121 0.109273 0.870519
122 0.096564 0.046855
123 0.347318 0.412639
124 0.707604 0.452124
125 0.146681 0.088528
126 0.801719 0.964293
127 0.336329 0.115906
128 0.635061 0.599180
129 0.824784 0.349819
130 0.175452 0.196882
131 0.806903 0.054686
132 0.800413 0.363736
133 0.284651 0.435864
134 0.102166 0.476187
135 0.546650 0.338471
136 0.440980 0.045399
137 0.064805 0.436257
138 0.467363 0.047160
139 0.861006 0.179589
140 0.693940 0.658493
141 0.772892 0.749166
142 0.339453 0.210590
143 0.204895 0.270874
144 0.090187 0.067074
145 0.889248 0.587203
146 0.128203 0.567275
147 0.901368 0.951975
148 0.761145 0.136109
149 0.675022 0.117640
150 0.254952 0.155320
151 0.044868 0.418201
152 0.018685 0.215249
153 0.407501 0.615866
154 0.119769 0.921975
155 0.936786 0.475816
156 0.218305 0.521575
157 0.415310 0.261000
158 0.400701 0.221404
159 0.650959 0.597693
160 0.636126 0.452553
161 0.970272 0.279803
162 0.576775 0.283221
163 0.777132 0.391945
164 0.669575 0.777061
165 0.964384 0.819278
166 0.037521 0.976382
167 0.752959 0.836027
168 0.547961 0.003584
169 0.788779 0.281869
170 0.331656 0.045899
171 0.675822 0.888284
172 0.697489 0.736982
173 0.098221 0.345150
174 0.794650 0.581368
175 0.192297 0.457221
176 0.812629 0.607871
177 0.033549 0.670792
178 0.729039 0.009268
179 0.616292 0.128170
180 0.251762 0.077510
181 0.300377 0.782766
182 0.122930 0.621298
183 0.728455 0.591143
184 0.534284 0.579790
185 0.746712 0.649222
186 0.916513 0.910929
187 0.115910 0.644836
188 0.008584 0.983805
189 0.499262 0.249296
190 0.845783 0.417832
191 0.268279 0.981932
192 0.061943 0.051563
193 0.951307 0.939097
194 0.115478 0.326209
195 0.747395 0.876545
196 0.674681 0.731376
197 0.781709 0.940621
198 0.390484 0.799542
199 0.617181 0.514074
200 0.425964 0.516940
201 0.861273 0.542407
202 0.884083 0.843885
203 0.223800 0.187869
204 0.047067 0.518337
205 0.726214 0.247633
206 0.017469 0.173761
207 0.002171 0.871263
208 0.938331 0.765202
209 0.425057 0.179570
210 0.408256 0.707961
211 0.389421 0.930554
212 0.139699 0.607296
213 0.265298 0.394266
214 0.152467 0.041752
215 0.614651 0.437423
216 0.125512 0.809073
217 0.642237 0.490370
218 0.141941 0.010844
219 0.041306 0.989140
220 0.864354 0.298332
221 0.499610 0.583801
222 0.361824 0.502127
223 0.893816 0.985205
224 0.655912 0.529897
225 0.301647 0.994327
226 0.092435 0.812495
227 0.089784 0.474910
228 0.626183 0.760664
229 0.205281 0.632727
230 0.244445 0.150805
231 0.439770 0.832940
232 0.412431 0.867094
233 0.358659 0.586439
234 0.862163 0.967263
235 0.791571 0.266726
236 0.266102 0.610645
237 0.265664 0.580800
238 0.337810 0.989634
239 0.530035 0.810681
240 0.684114 0.039489
241 0.367305 0.366621
242 0.296752 0.366447
243 0.217550 0.248711
244 0.916198 0.530427
245 0.750108 0.600499
246 0.626343 0.546097
247 0.410392 0.656429
248 0.945917 0.224915
249 0.141691 0.034272
250 0.371049 0.770762
251 0.936052 0.504453
252 0.793048 0.863090
253 0.603654 0.080018
254 0.466496 0.314029
255 0.234961 0.269719
256 0.581959 0.067019
257 0.535099 0.841134
258 0.074167 0.707667
259 0.224944 0.757080
260 0.093190 0.870920
261 0.129143 0.934615
262 0.913885 0.466666
263 0.923041 0.137915
264 0.804137 0.741806
265 0.110039 0.731705
266 0.576432 0.731024
267 0.348951 0.847988
268 0.724330 0.993143
269 0.056585 0.567019
270 0.468085 0.291647
271 0.753150 0.701394
272 0.570758 0.634488
273 0.829873 0.185497
274 0.144433 0.543460
275 0.819073 0.541996
276 0.055333 0.279295
277 0.231250 0.388314
278 0.087048 0.892768
279 0.226052 0.502713
280 0.729930 0.802891
281 0.097569 0.602105
282 0.174490 0.436516
283 0.427632 0.875846
284 0.814670 0.115246
285 0.576961 0.337174
286 0.092532 0.457634
287 0.439756 0.804275
288 0.665470 0.679940
289 0.467541 0.376389
290 0.939337 0.137133
291 0.177888 0.100375
292 0.277809 0.146437
293 0.947816 0.375463
294 0.151206 0.019281
295 0.097605 0.565604
296 0.989999 0.344925
297 0.187587 0.332438
298 0.241509 0.786049
299 0.035410 0.316012
300 0.381212 0.651527
301 0.689247 0.130226
302 0.492739 0.005442
303 0.988401 0.997019
304 0.917650 0.707109
305 0.512169 0.387684
306 0.440953 0.741138
307 0.845530 0.493994
308 0.366472 0.727917
309 0.186513 0.256446
310 0.178650 0.630231
311 0.268777 0.470543
312 0.030790 0.433044
313 0.733098 0.748987
314 0.611977 0.423179
315 0.232145 0.436405
316 0.096652 0.494771
317 0.640940 0.170154
318 0.859311 0.505946
319 0.293467 0.499757
320 0.496734 0.732853
321 0.356243 0.736172
322 0.896642 0.282510
323 0.523447 0.646975
324 0.548692 0.181250
325 0.684691 0.021705
326 0.094968 0.220532
327 0.134109 0.960313
328 0.219451 0.386999
329 0.565956 0.422058
330 0.400792 0.209735
331 0.439851 0.531263
332 0.546800 0.503925
333 0.191859 0.669902
334 0.206767 0.095911
335 0.004166 0.132280
336 0.019244 0.910110
337 0.039236 0.095162
338 0.934434 0.399800
339 0.497820 0.549603
340 0.086931 0.539822
341 0.509353 0.632408
342 0.089620 0.102810
343 0.640209 0.902593
344 0.720440 0.652790
345 0.712899 0.781782
346 0.235777 0.062873
347 0.288070 0.324133
348 0.362098 0.674363
349 0.336317 0.278239
350 0.794803 0.828319
351 0.821681 0.816575
352 0.368118 0.309153
353 0.081166 0.621480
354 0.377938 0.413455
355 0.421427 0.753963
356 0.147258 0.508318
357 0.261043 0.490438
358 0.835236 0.102495
359 0.036511 0.557506
360 0.132590 0.546642
361 0.520828 0.519472
362 0.014048 0.075238
363 0.672950 0.991486
364 0.789714 0.322132
365 0.974551 0.699877
366 0.318472 0.330202
367 0.992780 0.961831
368 0.939458 0.679625
369 0.719457 0.599471
370 0.009545 0.568859
371 0.580051 0.550334
372 0.018404 0.137372
373 0.675277 0.413329
374 0.755534 0.294771
375 0.624728 0.421907
376 0.989015 0.282962
377 0.882943 0.438704
378 0.382333 0.691058
379 0.680513 0.699723
380 0.923463 0.667240
381 0.806331 0.201147
382 0.969533 0.627385
383 0.291810 0.818171
384 0.120713 0.847216
385 0.683855 0.472773
386 0.528572 0.942894
387 0.000627 0.926155
388 0.917039 0.394368
389 0.652594 0.061579
390 0.548140 0.946480
391 0.581088 0.844667
392 0.600106 0.934740
393 0.617596 0.500734
394 0.941986 0.325817
395 0.599188 0.832518
396 0.089011 0.016736
397 0.184289 0.906544
398 0.645471 0.664141
399 0.274894 0.016623
400 0.459718 0.405339
401 0.667746 0.953020
402 0.838272 0.773376
403 0.228882 0.967291
404 0.446101 0.694172
405 0.569526 0.952045
406 0.445190 0.467145
407 0.609859 0.594790
408 0.664626 0.720937
409 0.760267 0.070960
410 0.720431 0.462905
411 0.009866 0.660938
412 0.566874 0.006110
413 0.541247 0.731530
414 0.305700 0.253815
415 0.100717 0.109259
416 0.205700 0.549035
417 0.244907 0.991022
418 0.792281 0.055492
419 0.757495 0.187062
420 0.555150 0.426331
421 0.983862 0.671872
422 0.291970 0.338290
423 0.566875 0.130556
424 0.356819 0.321509
425 0.083577 0.431355
426 0.114509 0.198987
427 0.380431 0.729428
428 0.715287 0.364712
429 0.983847 0.212674
430 0.823087 0.337282
431 0.644248 0.768848
432 0.183318 0.139428
433 0.738711 0.200835
434 0.230026 0.778840
435 0.174375 0.701275
436 0.608043 0.325536
437 0.749489 0.046805
438 0.719874 0.945266
439 0.623758 0.923319
440 0.488129 0.341373
441 0.778221 0.819587
442 0.130764 0.168077
443 0.372203 0.028833
444 0.589438 0.431760
445 0.215992 0.878151
446 0.124118 0.990529
447 0.900324 0.998761
448 0.398088 0.590368
449 0.011542 0.195598
450 0.461934 0.470615
451 0.370877 0.198030
452 0.756786 0.518372
453 0.322003 0.070198
454 0.051250 0.763891
455 0.755644 0.365035
456 0.044778 0.376126
457 0.385203 0.401766
458 0.170910 0.237836
459 0.345555 0.525321
460 0.596946 0.872089
461 0.899765 0.002505
462 0.838304 0.279749
463 0.371578 0.351604
464 0.305272 0.180670
465 0.530417 0.665992
466 0.062680 0.733715
467 0.932775 0.013070
468 0.581855 0.420683
469 0.341316 0.725151
470 0.535491 0.691376
471 0.943933 0.636332
472 0.618003 0.796452
473 0.978356 0.389848
474 0.492310 0.647427
475 0.825163 0.019403
476 0.619291 0.587014
477 0.498497 0.597190
478 0.709863 0.327137
479 0.471383 0.831796
480 0.068503 0.364787
481 0.123028 0.557310
482 0.098919 0.923466
483 0.900295 0.566737
484 0.578035 0.940265
485 0.598053 0.465423
486 0.881601 0.688566
487 0.436379 0.610633
488 0.436653 0.333882
489 0.373331 0.824148
490 0.851579 0.971379
491 0.265911 0.208030
492 0.531817 0.908762
493 0.698762 0.714352
494 0.804913 0.467103
495 0.430888 0.286724
496 0.170833 0.723768
497 0.401804 0.124412
498 0.113749 0.491052
499 0.447993 0.065434
2500
0 20
0 174
0 176
0 183
0 201
0 245
0 275
0 452
1 184
1 221
1 323
1 331
1 332
1 339
1 341
1 361
1 371
1 474
1 477
1 487
2 43
2 64
2 177
2 269
2 281
2 295
2 353
2 359
2 370
2 411
3 18
3 47
3 113
3 141
3 185
3 264
3 271
3 313
3 402
4 34
4 92
4 94
4 131
4 178
4 240
4 325
4 409
4 418
4 437
4 475
5 99
5 128
5 159
5 184
5 246
5 272
5 323
5 371
5 407
5 476
6 28
6 210
6 247
6 306
6 320
6 323
6 341
6 355
6 378
6 404
6 465
6 470
6 474
7 33
7 53
7 222
7 233
7 237
7 319
7 448
7 459
8 35
8 36
8 105
8 169
8 205
8 235
8 364
8 374
8 381
8 419
8 433
9 86
9 208
9 304
9 365
9 368
9 380
9 382
9 421
9 471
9 486
10 26
10 38
10 117
10 167
10 171
10 195
10 252
10 280
10 350
10 441
11 48
11 428
11 436
11 478
12 55
12 120
12 158
12 189
12 209
12 324
12 330
13 202
13 264
13 350
13 351
13 402
14 34
14 56
14 84
14 131
14 284
14 358
14 418
14 475
15 21
15 27
15 57
15 82
15 88
15 146
15 182
15 187
15 212
15 229
15 281
15 310
15 333
15 435
16 68
16 90
16 132
16 163
16 364
16 373
16 374
16 428
16 455
16 478
17 62
17 93
17 159
17 174
17 183
17 185
17 224
17 245
17 344
17 369
17 452
18 113
18 140
18 172
18 185
18 196
18 245
18 271
18 288
18 313
18 344
18 369
18 379
18 398
18 408
18 493
19 48
19 49
19 51
19 77
19 115
19 135
19 162
19 254
19 270
19 285
19 289
19 305
19 436
19 440
20 62
20 174
20 176
20 201
20 245
20 275
20 307
20 318
20 452
20 494
21 27
21 57
21 82
21 88
21 146
21 182
21 187
21 212
21 229
21 274
21 281
21 310
21 333
21 360
21 416
21 481
22 49
22 115
22 162
22 317
22 324
23 89
23 101
23 116
23 137
23 151
23 173
23 286
23 312
23 425
23 456
23 480
24 71
24 143
24 173
24 194
24 276
24 297
24 309
24 326
24 426
24 458
25 31
25 71
25 76
25 108
25 152
25 206
25 276
25 326
25 426
25 449
26 38
26 126
26 195
26 197
26 252
26 268
26 438
27 57
27 88
27 107
27 182
27 187
27 212
27 258
27 265
27 310
27 333
27 353
27 435
27 496
28 104
28 266
28 306
28 320
28 323
28 404
28 413
28 465
28 470
28 474
29 61
29 179
29 253
29 256
29 317
29 324
29 423
30 123
30 241
30 254
30 289
30 352
30 354
30 400
30 424
30 440
30 457
30 463
30 488
30 495
31 71
31 103
31 108
31 152
31 206
31 326
31 335
31 337
31 342
31 372
31 415
31 426
31 449
32 130
32 150
32 203
32 230
32 243
32 292
32 432
32 464
32 491
33 50
33 53
33 222
33 233
33 236
33 237
33 319
33 448
33 459
34 92
34 131
34 178
34 358
34 409
34 418
34 437
34 475
35 36
35 90
35 129
35 132
35 169
35 220
35 235
35 322
35 364
35 374
35 430
35 462
36 169
36 205
36 220
36 235
36 273
36 364
36 374
36 381
36 419
36 433
36 462
37 54
37 98
37 136
37 170
37 443
37 453
38 126
38 195
38 197
38 234
38 252
38 350
38 490
39 40
39 86
39 145
39 244
39 251
39 382
39 471
39 483
40 69
40 86
40 145
40 244
40 251
40 382
40 471
40 483
41 248
41 263
41 290
41 429
42 63
42 96
42 117
42 164
42 171
42 228
42 343
42 391
42 395
42 431
42 460
42 472
43 64
43 146
43 182
43 204
43 212
43 269
43 274
43 281
43 295
43 316
43 340
43 353
43 359
43 360
43 370
43 481
44 228
44 266
44 272
44 288
44 398
44 408
44 413
44 431
44 465
44 470
45 60
45 65
45 126
45 147
45 223
45 234
45 447
45 490
46 58
46 78
46 83
46 91
46 134
46 146
46 156
46 175
46 227
46 274
46 279
46 282
46 295
46 316
46 340
46 356
46 360
46 416
46 481
46 498
47 113
47 141
47 167
47 172
47 264
47 271
47 280
47 313
47 345
47 350
47 351
47 402
47 441
48 49
48 51
48 77
48 115
48 135
48 162
48 285
48 436
49 51
49 115
49 135
49 162
49 189
49 285
49 436
50 53
50 59
50 82
50 229
50 236
50 237
51 77
51 115
51 135
51 162
51 285
51 305
51 436
51 440
52 102
52 191
52 211
52 225
52 238
52 417
53 222
53 233
53 236
53 237
53 319
53 459
54 109
54 127
54 170
54 443
54 453
54 497
55 120
55 157
55 158
55 189
55 209
55 270
55 330
55 451
55 495
56 84
56 114
56 131
56 263
56 284
56 290
56 358
57 88
57 107
57 182
57 187
57 212
57 229
57 258
57 265
57 310
57 333
57 435
57 496
58 78
58 83
58 91
58 156
58 175
58 274
58 279
58 282
58 315
58 356
58 357
58 360
58 416
58 498
59 300
59 308
59 321
59 348
59 378
59 427
59 469
60 65
60 80
60 147
60 186
60 193
60 223
60 234
60 303
60 367
60 447
60 490
61 179
61 253
61 256
61 423
62 118
62 124
62 224
62 385
62 410
62 452
62 494
63 239
63 257
63 391
63 395
63 460
63 472
64 177
64 182
64 187
64 258
64 269
64 281
64 353
64 359
64 370
64 411
65 147
65 186
65 193
65 223
65 234
65 447
65 490
66 155
66 251
67 289
67 305
67 400
67 406
67 450
68 90
68 129
68 132
68 163
68 169
68 364
68 374
68 428
68 430
68 455
68 478
69 145
69 155
69 201
69 244
69 251
69 262
69 275
69 307
69 318
69 483
70 181
70 198
70 250
70 267
70 308
70 321
70 355
70 383
70 427
70 469
70 489
71 76
71 108
71 152
71 276
71 326
71 426
71 449
72 87
72 118
72 124
72 160
72 199
72 215
72 217
72 224
72 246
72 314
72 373
72 375
72 385
72 393
72 410
72 444
72 468
72 485
73 85
73 142
73 157
73 158
73 241
73 347
73 349
73 352
73 366
73 414
73 424
73 463
73 495
74 121
74 154
74 166
74 260
74 261
74 278
74 327
74 336
74 384
74 387
74 482
75 132
75 163
75 190
75 262
75 307
75 318
75 377
75 494
76 89
76 108
76 152
76 206
76 276
76 299
76 449
77 135
77 285
77 305
77 314
77 329
77 420
77 436
77 440
77 444
77 468
78 91
78 146
78 156
78 175
78 274
78 279
78 356
78 360
78 416
78 481
78 498
79 122
79 144
79 192
79 337
79 362
79 396
80 147
80 186
80 193
80 303
80 367
81 298
81 397
81 445
82 88
82 229
82 236
82 237
82 310
82 333
82 416
83 91
83 101
83 116
83 134
83 137
83 175
83 227
83 282
83 286
83 316
83 356
83 425
83 498
84 263
84 290
84 358
84 461
84 467
85 142
85 157
85 158
85 347
85 349
85 352
85 366
85 414
85 424
85 451
85 463
86 145
86 368
86 380
86 382
86 421
86 471
86 483
87 99
87 128
87 159
87 160
87 199
87 217
87 224
87 246
87 371
87 385
87 393
87 407
87 476
87 485
88 97
88 107
88 182
88 187
88 212
88 229
88 310
88 333
88 435
88 496
89 173
89 276
89 299
89 456
89 480
90 129
90 132
90 163
90 169
90 220
90 235
90 364
90 374
90 430
90 455
90 462
91 134
91 146
91 175
91 204
91 227
91 274
91 282
91 286
91 295
91 316
91 340
91 356
91 360
91 481
91 498
92 94
92 131
92 148
92 178
92 240
92 325
92 409
92 418
92 437
93 128
93 140
93 159
93 183
93 185
93 224
93 245
93 344
93 369
94 148
94 149
94 178
94 240
94 301
94 325
94 389
94 409
94 437
95 343
95 363
95 392
95 401
95 405
95 439
95 484
96 117
96 171
96 343
96 391
96 392
96 395
96 401
96 439
96 460
97 107
97 259
97 298
97 333
97 434
97 435
97 496
98 136
98 138
98 302
98 443
98 499
99 128
99 159
99 184
99 199
99 224
99 246
99 272
99 371
99 407
99 476
100 121
100 216
100 226
100 260
100 265
100 384
100 454
100 466
101 116
101 134
101 137
101 151
101 173
101 227
101 286
101 312
101 316
101 425
101 456
101 480
102 191
102 225
102 397
102 403
102 417
102 445
103 144
103 192
103 206
103 335
103 337
103 342
103 362
103 372
103 415
104 106
104 239
104 257
104 287
104 306
104 320
104 413
104 479
105 111
105 169
105 205
105 235
105 374
105 419
105 433
105 478
106 198
106 231
106 232
106 239
106 283
106 287
106 306
106 320
106 355
106 479
107 229
107 259
107 333
107 434
107 435
107 496
108 152
108 206
108 276
108 299
108 326
108 449
109 127
109 158
109 209
109 330
109 451
109 497
110 180
110 214
110 218
110 249
110 291
110 294
110 334
110 346
110 399
111 149
111 205
111 301
111 317
111 419
111 433
112 257
112 386
112 390
112 391
112 392
112 405
112 439
112 460
112 484
112 492
113 141
113 172
113 196
113 264
113 271
113 280
113 313
113 345
113 379
113 408
113 493
114 139
114 263
114 273
114 290
114 358
114 381
115 135
115 162
115 189
115 270
115 324
116 134
116 137
116 151
116 173
116 194
116 227
116 282
116 286
116 425
116 456
116 480
117 164
117 167
117 171
117 195
117 280
117 345
117 441
118 124
118 160
118 215
118 217
118 314
118 373
118 375
118 385
118 410
119 143
119 173
119 194
119 277
119 297
119 328
120 209
120 324
120 423
121 154
121 216
121 226
121 260
121 261
121 278
121 384
121 482
122 125
122 144
122 192
122 214
122 218
122 249
122 294
122 337
122 342
122 396
122 415
123 133
123 241
123 242
123 354
123 457
123 463
124 160
124 217
124 373
124 385
124 410
124 452
125 144
125 214
125 218
125 249
125 291
125 294
125 334
125 342
125 415
125 432
125 442
126 197
126 234
126 268
126 490
127 170
127 292
127 453
127 464
127 497
128 159
128 224
128 246
128 272
128 371
128 398
128 407
128 476
129 132
129 163
129 169
129 190
129 220
129 364
129 430
129 455
129 462
130 143
130 203
130 230
130 243
130 309
130 426
130 432
130 442
130 458
131 284
131 358
131 409
131 418
131 437
131 475
132 163
132 169
132 190
132 364
132 374
132 430
132 455
133 213
133 242
133 277
133 311
133 315
133 319
133 328
133 357
134 137
134 151
134 204
134 227
134 274
134 282
134 286
134 316
134 340
134 356
134 360
134 425
134 498
135 162
135 285
135 305
135 436
135 440
136 138
136 302
136 443
136 499
137 151
137 227
137 286
137 312
137 316
137 425
137 456
137 480
137 498
138 302
138 499
139 263
139 273
139 284
139 358
139 381
140 159
140 172
140 183
140 185
140 196
140 245
140 271
140 288
140 344
140 369
140 379
140 398
140 408
140 493
141 172
141 264
141 271
141 280
141 313
141 345
141 350
141 402
141 441
141 493
142 158
142 330
142 349
142 414
142 451
142 464
142 491
143 243
143 255
143 297
143 309
143 458
144 192
144 214
144 218
144 249
144 294
144 337
144 342
144 362
144 396
144 415
145 176
145 201
145 244
145 471
145 483
146 182
146 187
146 212
146 269
146 274
146 281
146 295
146 310
146 316
146 340
146 353
146 356
146 360
146 416
146 481
146 498
147 186
147 193
147 223
147 234
147 447
147 490
148 284
148 301
148 358
148 381
148 409
148 419
148 433
149 179
149 240
149 253
149 301
149 317
149 389
150 180
150 203
150 230
150 292
150 334
150 432
150 464
150 491
151 227
151 286
151 312
151 425
151 456
151 480
152 206
152 276
152 326
152 372
152 449
153 233
153 247
153 300
153 348
153 378
153 448
153 487
154 260
154 261
154 278
154 327
154 384
154 397
154 446
154 482
155 244
155 251
155 262
155 338
155 377
156 175
156 237
156 274
156 279
156 311
156 319
156 356
156 357
156 416
157 158
157 209
157 254
157 270
157 330
157 349
157 352
157 451
157 488
157 495
158 209
158 330
158 451
158 495
159 183
159 224
159 246
159 369
159 398
159 407
159 476
160 199
160 215
160 217
160 224
160 314
160 329
160 373
160 375
160 385
160 393
160 444
160 468
160 485
161 248
161 296
161 322
161 376
161 394
161 429
162 285
162 436
163 190
163 364
163 428
163 430
163 455
163 494
164 172
164 196
164 228
164 280
164 313
164 345
164 379
164 408
164 431
164 472
164 493
165 208
166 188
166 219
166 336
166 387
166 482
167 195
167 252
167 280
167 345
167 350
167 351
167 441
168 256
168 302
168 412
169 205
169 220
169 235
169 364
169 374
169 381
169 430
169 462
170 399
170 443
170 453
171 195
171 343
171 401
171 438
171 439
171 460
172 196
172 228
172 271
172 280
172 288
172 313
172 345
172 379
172 408
172 431
172 493
173 194
173 276
173 299
173 456
173 480
174 176
174 183
174 201
174 245
174 275
174 369
174 452
175 277
175 279
175 282
175 311
175 315
175 328
175 356
175 357
176 185
176 201
176 245
176 275
177 258
177 353
177 411
177 466
178 240
178 325
178 409
178 418
178 437
179 253
179 256
179 301
179 317
179 389
179 423
180 230
180 291
180 292
180 334
180 346
180 399
180 453
181 250
181 259
181 267
181 298
181 321
181 383
181 434
181 469
182 187
182 212
182 274
182 281
182 295
182 310
182 353
182 360
182 481
183 185
183 245
183 344
183 369
183 452
184 221
184 272
184 323
184 332
184 339
184 341
184 361
184 371
184 407
184 474
184 477
185 245
185 271
185 344
185 369
185 493
186 193
186 202
186 223
186 234
187 212
187 258
187 281
187 295
187 310
187 333
187 353
187 435
188 219
188 336
188 387
189 254
189 270
189 495
190 307
190 377
190 388
190 494
191 225
191 238
191 403
191 417
192 249
192 337
192 342
192 362
192 396
192 415
193 223
193 303
193 367
193 447
194 276
194 297
194 299
194 480
195 197
195 252
195 280
195 350
195 438
195 441
196 228
196 288
196 313
196 345
196 379
196 398
196 408
196 431
196 493
197 252
197 268
197 438
197 490
198 231
198 232
198 250
198 267
198 287
198 306
198 308
198 321
198 355
198 427
198 489
199 215
199 217
199 224
199 246
199 332
199 371
199 385
199 393
199 407
199 476
199 485
200 222
200 331
200 339
200 406
200 448
200 450
200 459
201 244
201 275
201 307
201 318
201 483
202 351
203 230
203 243
203 255
203 292
203 309
203 432
203 458
203 464
203 491
204 227
204 269
204 286
204 295
204 316
204 340
204 359
204 370
204 498
205 235
205 374
205 419
205 433
205 478
206 335
206 337
206 372
206 449
207 336
207 387
208 304
208 365
209 330
209 451
209 497
210 247
210 250
210 300
210 306
210 308
210 321
210 348
210 355
210 378
210 404
210 427
210 469
211 232
211 238
211 283
212 229
212 274
212 281
212 295
212 310
212 333
212 353
212 360
212 481
213 242
213 277
213 311
213 315
213 328
213 347
213 422
214 218
214 249
214 291
214 294
214 334
214 396
215 217
215 314
215 329
215 373
215 375
215 385
215 393
215 420
215 444
215 468
215 485
216 226
216 260
216 265
216 384
217 224
217 246
217 314
217 375
217 385
217 393
217 410
217 444
217 485
218 249
218 294
218 396
219 336
219 387
219 446
220 235
220 322
220 364
220 394
220 430
220 462
221 323
221 331
221 339
221 341
221 361
221 474
221 477
221 487
222 319
222 459
223 234
223 447
223 490
224 246
224 371
224 385
224 393
224 407
224 476
225 238
225 403
225 417
226 260
226 265
226 278
226 384
226 454
227 286
227 312
227 316
227 340
227 356
227 425
227 498
228 266
228 379
228 395
228 408
228 431
228 472
229 236
229 237
229 310
229 333
229 435
230 292
230 334
230 432
230 464
230 491
231 232
231 283
231 287
231 355
231 479
231 489
232 267
232 283
232 287
232 479
232 489
233 300
233 448
233 459
233 487
234 447
234 490
235 364
235 374
235 381
235 430
235 462
236 237
237 416
239 257
239 391
239 395
239 413
239 479
240 325
240 389
240 409
240 437
241 242
241 352
241 354
241 366
241 422
241 424
241 457
241 463
241 488
242 277
242 328
242 347
242 366
242 422
242 424
242 463
243 255
243 309
243 458
243 491
244 251
244 262
244 307
244 318
244 483
245 344
245 369
245 452
246 371
246 393
246 407
246 476
247 300
247 348
247 378
247 404
247 427
247 448
247 474
247 487
248 322
248 376
248 429
249 291
249 294
249 396
250 267
250 287
250 306
250 308
250 321
250 355
250 378
250 427
250 469
250 489
251 262
251 318
251 483
252 350
252 351
252 441
253 256
253 389
253 412
253 423
254 270
254 289
254 440
254 488
254 495
255 297
255 309
255 347
255 414
255 458
255 491
256 389
256 412
256 423
257 391
257 395
257 460
257 479
257 492
258 265
258 411
258 454
258 466
259 298
259 434
259 435
259 496
260 261
260 278
260 384
260 482
261 278
261 327
261 397
261 446
261 482
262 307
262 318
262 338
262 377
262 388
263 290
264 271
264 313
264 351
264 402
264 441
265 435
265 454
265 466
265 496
266 320
266 413
266 431
266 465
266 470
266 472
267 383
267 489
268 363
268 401
268 438
269 281
269 295
269 316
269 340
269 353
269 359
269 360
269 370
269 481
270 440
270 488
270 495
271 313
271 344
271 379
271 493
272 323
272 341
272 398
272 407
272 465
272 470
272 474
272 476
272 477
273 284
273 381
273 419
274 281
274 295
274 316
274 340
274 356
274 360
274 416
274 481
274 498
275 307
275 318
275 452
275 494
276 299
276 326
277 282
277 297
277 315
277 328
277 422
278 327
278 336
278 384
278 482
279 311
279 315
279 319
279 356
279 357
279 416
280 313
280 345
280 350
280 441
281 295
281 340
281 353
281 359
281 360
281 481
282 315
282 328
282 356
282 498
283 287
283 479
283 489
284 358
284 409
284 418
285 305
285 436
286 312
286 316
286 340
286 356
286 425
286 498
287 306
287 355
287 479
287 489
288 344
288 379
288 398
288 408
288 493
289 305
289 400
289 440
289 488
291 334
291 346
291 415
291 432
291 442
292 464
292 491
293 296
293 338
293 388
293 394
293 473
294 396
295 316
295 340
295 353
295 356
295 359
295 360
295 481
295 498
296 338
296 376
296 394
296 473
297 309
297 328
298 383
298 434
299 456
299 480
300 308
300 348
300 378
300 404
300 427
300 448
300 487
301 317
301 389
302 412
302 499
303 367
304 365
304 368
304 380
304 421
304 471
304 486
305 329
305 400
305 420
305 440
305 468
306 308
306 320
306 355
306 378
306 404
306 427
307 318
307 377
307 494
308 321
308 348
308 355
308 378
308 427
308 469
309 458
310 333
310 435
311 315
311 319
311 357
312 425
312 456
312 480
313 345
313 379
313 408
313 493
314 329
314 373
314 375
314 393
314 420
314 444
314 468
314 485
315 328
315 357
316 340
316 356
316 360
316 425
316 481
316 498
318 377
318 483
318 494
319 357
319 459
320 355
320 404
320 413
320 465
320 470
321 348
321 355
321 378
321 427
321 469
322 394
322 462
323 341
323 465
323 470
323 474
323 477
324 423
325 389
325 437
326 426
326 442
326 458
327 397
327 446
327 482
329 375
329 420
329 444
329 468
329 485
330 451
330 495
331 339
331 361
331 406
331 448
331 450
331 487
332 339
332 361
332 371
332 393
332 420
332 485
333 435
333 496
334 346
334 432
335 337
335 362
335 372
335 449
336 387
336 482
337 342
337 362
337 372
337 415
338 377
338 388
338 394
338 473
339 361
339 371
339 477
340 353
340 356
340 359
340 360
340 370
340 481
340 498
341 465
341 470
341 474
341 477
341 487
342 362
342 372
342 415
342 442
343 391
343 392
343 395
343 401
343 439
343 460
343 484
344 369
344 379
344 398
344 493
345 408
345 431
345 441
345 493
346 399
347 349
347 352
347 366
347 414
347 422
347 424
348 378
348 427
348 469
349 352
349 366
349 414
349 422
349 424
349 463
350 351
350 402
350 441
351 402
351 441
352 366
352 422
352 424
352 463
352 488
352 495
353 359
353 411
353 481
354 400
354 457
354 463
355 378
355 404
355 427
356 360
356 416
356 481
356 498
357 416
358 409
358 418
359 370
360 416
360 481
360 498
361 371
361 450
361 477
362 372
363 401
363 438
364 374
364 430
364 455
364 462
364 478
365 368
365 380
365 382
365 421
365 471
366 414
366 422
366 424
366 463
368 380
368 382
368 421
368 471
368 486
371 393
371 407
371 476
372 449
373 375
373 385
373 410
373 428
374 428
374 430
374 455
374 478
375 385
375 393
375 420
375 444
375 468
375 485
376 394
376 429
377 388
378 404
378 427
378 469
379 398
379 408
379 431
379 493
380 382
380 421
380 471
380 486
381 419
381 433
382 421
382 471
383 434
383 489
384 482
385 393
385 410
386 390
386 392
386 405
386 484
386 492
388 394
388 473
390 392
390 405
390 439
390 484
390 492
391 395
391 460
391 472
391 492
392 401
392 405
392 439
392 460
392 484
392 492
393 444
393 485
394 473
395 431
395 460
395 472
397 403
397 445
398 407
398 408
398 476
398 493
399 453
400 406
400 440
400 450
400 457
400 488
401 438
401 439
402 441
403 417
404 427
404 474
405 439
405 484
405 492
406 450
407 476
408 431
408 493
409 418
409 437
409 475
410 452
413 465
413 470
414 464
414 491
415 442
418 437
418 475
419 433
420 444
420 468
420 485
421 471
422 424
422 463
424 463
424 488
424 495
425 456
425 480
425 498
426 442
426 458
427 469
428 455
428 478
430 455
430 462
431 472
431 493
432 442
434 496
435 496
437 475
439 460
439 484
440 488
440 495
442 458
443 453
444 468
444 485
446 482
447 490
448 487
451 464
451 497
452 494
454 466
455 478
456 480
457 463
460 472
460 484
460 492
461 467
461 475
463 488
464 491
465 470
465 474
465 477
468 485
470 474
471 483
471 486
474 477
474 487
477 487
481 498
484 492
488 495
497 499
