500
0 0.212085 0.255881
1 0.321979 0.963701
2 0.149636 0.322063
3 0.716753 0.774630
4 0.650350 0.609685
5 0.394827 0.171819
6 0.540816 0.909097
7 0.044646 0.004223
8 0.649668 0.558174
9 0.971450 0.071892
10 0.770792 0.080384
11 0.725165 0.148948
12 0.099528 0.348918
13 0.706435 0.736639
14 0.293018 0.101146
15 0.375080 0.300875
16 0.697455 0.245805
17 0.092520 0.007468
18 0.957842 0.554748
19 0.818148 0.258338
20 0.179965 0.011743
21 0.849399 0.653211
22 0.049642 0.302730
23 0.546206 0.353897
24 0.830915 0.675107
25 0.512778 0.212030
26 0.962687 0.668027
27 0.023108 0.436159
28 0.052426 0.021349
29 0.571348 0.020399
30 0.425899 0.407816
31 0.304150 0.634386
32 0.033509 0.501171
33 0.749326 0.183051
34 0.436646 0.292370
35 0.693634 0.784781
36 0.801578 0.496671
37 0.282220 0.487830
38 0.313753 0.356343
39 0.413251 0.647361
40 0.191985 0.136861
41 0.283472 0.519316
42 0.529853 0.138884
43 0.503907 0.292324
44 0.520738 0.103981
45 0.549650 0.475161
46 0.233270 0.478983
47 0.995576 0.121985
48 0.401819 0.439021
49 0.619557 0.682468
50 0.134525 0.547033
51 0.150523 0.068641
52 0.410774 0.114002
53 0.562873 0.127048
54 0.440453 0.026459
55 0.839111 0.902621
56 0.103771 0.270523
57 0.167332 0.621806
58 0.149733 0.549329
59 0.571411 0.847006
60 0.000428 0.412499
61 0.148502 0.087565
62 0.183885 0.488034
63 0.230024 0.520604
64 0.575438 0.415754
65 0.205189 0.374511
66 0.450208 0.958487
67 0.995762 0.142571
68 0.791683 0.283500
69 0.191407 0.817395
70 0.199274 0.713161
71 0.729951 0.286282
72 0.950600 0.107434
73 0.612317 0.415069
74 0.340421 0.477765
75 0.377255 0.949805
76 0.116502 0.259139
77 0.310815 0.438166
78 0.216170 0.922712
79 0.314181 0.712037
80 0.050423 0.802120
81 0.536535 0.687173
82 0.006140 0.186004
83 0.315485 0.950628
84 0.194923 0.641085
85 0.107107 0.716820
86 0.081866 0.322684
87 0.953736 0.855426
88 0.471739 0.146302
89 0.182198 0.389220
90 0.518231 0.964394
91 0.274383 0.241667
92 0.478198 0.118300
93 0.533143 0.401663
94 0.913574 0.715294
95 0.324217 0.466511
96 0.132312 0.379279
97 0.034160 0.937488
98 0.575868 0.804360
99 0.391313 0.773508
100 0.141820 0.345482
101 0.720488 0.712878
102 0.117579 0.051680
103 0.745217 0.971501
104 0.069030 0.578432
105 0.186018 0.297603
106 0.882126 0.725223
107 0.047067 0.462636
108 0.621058 0.800041
109 0.124994 0.487209
110 0.371664 0.326467
111 0.960406 0.500037
112 0.196369 0.416348
113 0.828682 0.756058
114 0.214105 0.440547
115 0.575445 0.258679
116 0.367901 0.715568
117 0.645895 0.263704
118 0.240486 0.335038
119 0.857884 0.208897
120 0.503241 0.311721
121 0.046708 0.778164
122 0.172433 0.127249
123 0.292832 0.480790
124 0.443023 0.523597
125 0.382245 0.166142
126 0.868837 0.965589
127 0.288139 0.848697
128 0.609214 0.255898
129 0.403055 0.628915
130 0.922559 0.372162
131 0.983562 0.857153
132 0.591633 0.963365
133 0.102822 0.179728
134 0.435436 0.234637
135 0.452440 0.310412
136 0.284555 0.600901
137 0.692090 0.542344
138 0.321587 0.790664
139 0.697611 0.214168
140 0.270686 0.119052
141 0.211822 0.244112
142 0.005608 0.498690
143 0.085464 0.176308
144 0.043078 0.948954
145 0.611389 0.467272
146 0.214680 0.884425
147 0.463796 0.251209
148 0.378401 0.052721
149 0.186169 0.368824
150 0.391277 0.328742
151 0.047508 0.921883
152 0.743707 0.124555
153 0.878923 0.101624
154 0.859380 0.762589
155 0.474935 0.954504
156 0.225183 0.142701
157 0.352147 0.193515
158 0.306648 0.017036
159 0.060808 0.726483
160 0.542765 0.601416
161 0.150794 0.260519
162 0.116042 0.471079
163 0.505106 0.752242
164 0.980490 0.813925
165 0.428856 0.249824
166 0.099937 0.248818
167 0.614633 0.272396
168 0.476277 0.411004
169 0.210745 0.902105
170 0.593231 0.694682
171 0.235732 0.534990
172 0.714927 0.484654
173 0.562022 0.700747
174 0.396329 0.367073
175 0.839026 0.410948
176 0.133113 0.302791
177 0.285750 0.622996
178 0.384771 0.888245
179 0.132451 0.944413
180 0.753370 0.042722
181 0.275028 0.467036
182 0.292072 0.876148
183 0.861256 0.525159
184 0.285053 0.291108
185 0.363807 0.738713
186 0.774610 0.494294
187 0.668554 0.400392
188 0.608076 0.033390
189 0.652248 0.880828
190 0.839622 0.184983
191 0.787495 0.494648
192 0.049883 0.503399
193 0.043193 0.369516
194 0.894493 0.858135
195 0.394257 0.519005
196 0.183607 0.863504
197 0.798167 0.031749
198 0.165289 0.784799
199 0.312601 0.248709
200 0.113319 0.747886
201 0.852961 0.256687
202 0.753895 0.573061
203 0.605205 0.769442
204 0.597892 0.937788
205 0.907242 0.742101
206 0.558844 0.987972
207 0.491265 0.870299
208 0.339729 0.462333
209 0.882043 0.883141
210 0.049300 0.040825
211 0.057371 0.836223
212 0.519929 0.429769
213 0.761150 0.981520
214 0.990345 0.013530
215 0.361783 0.908829
216 0.926565 0.316244
217 0.000252 0.634264
218 0.036664 0.043278
219 0.247091 0.127558
220 0.732869 0.250767
221 0.121503 0.936596
222 0.691156 0.364960
223 0.830305 0.170428
224 0.768885 0.359990
225 0.710382 0.829565
226 0.765552 0.231149
227 0.020944 0.867820
228 0.877211 0.066620
229 0.621877 0.499093
230 0.237862 0.450807
231 0.078462 0.820576
232 0.807616 0.173887
233 0.625956 0.251468
234 0.188230 0.754106
235 0.624564 0.783075
236 0.143857 0.394032
237 0.181699 0.075608
238 0.826333 0.869265
239 0.034639 0.965900
240 0.172246 0.695841
241 0.323869 0.285261
242 0.947869 0.532157
243 0.481225 0.448951
244 0.891835 0.107296
245 0.393904 0.224821
246 0.324619 0.165556
247 0.777227 0.837882
248 0.013660 0.709462
249 0.971279 0.701363
250 0.630830 0.847908
251 0.968058 0.111780
252 0.096172 0.386431
253 0.187251 0.186313
254 0.201236 0.843145
255 0.772274 0.627571
256 0.997070 0.893169
257 0.523598 0.279910
258 0.414120 0.542772
259 0.890316 0.791890
260 0.170981 0.532715
261 0.169594 0.840052
262 0.331006 0.391131
263 0.913897 0.003763
264 0.334744 0.783696
265 0.473673 0.602471
266 0.793868 0.599811
267 0.649171 0.519199
268 0.386991 0.866392
269 0.569167 0.530153
270 0.824534 0.453859
271 0.651468 0.123706
272 0.290426 0.171305
273 0.773784 0.565595
274 0.013929 0.206272
275 0.412198 0.520648
276 0.157847 0.077799
277 0.267457 0.146195
278 0.956233 0.461471
279 0.358778 0.125957
280 0.673947 0.772380
281 0.162224 0.305549
282 0.821180 0.803454
283 0.081296 0.098989
284 0.470629 0.389518
285 0.357481 0.986541
286 0.548858 0.586045
287 0.357022 0.095382
288 0.909904 0.231686
289 0.199837 0.045167
290 0.664636 0.659364
291 0.790650 0.329832
292 0.174314 0.730714
293 0.287754 0.936084
294 0.579188 0.900562
295 0.085639 0.360274
296 0.113823 0.977338
297 0.372550 0.584778
298 0.502521 0.821705
299 0.752471 0.452338
300 0.435836 0.851832
301 0.340796 0.863417
302 0.148880 0.136576
303 0.066619 0.824911
304 0.322921 0.535018
305 0.485084 0.546006
306 0.383777 0.006707
307 0.459558 0.685421
308 0.569185 0.388230
309 0.406659 0.848543
310 0.557917 0.532841
311 0.306281 0.186969
312 0.529718 0.238753
313 0.658636 0.349026
314 0.846660 0.169883
315 0.542317 0.136590
316 0.775200 0.951795
317 0.807900 0.912271
318 0.942111 0.732614
319 0.082299 0.349377
320 0.982142 0.898532
321 0.504414 0.195539
322 0.666551 0.057593
323 0.334357 0.176356
324 0.204303 0.676580
325 0.910852 0.290967
326 0.923766 0.090896
327 0.922374 0.869794
328 0.751224 0.710489
329 0.309885 0.996538
330 0.061606 0.972476
331 0.418933 0.000861
332 0.915095 0.607784
333 0.092946 0.641550
334 0.126204 0.612386
335 0.227311 0.439384
336 0.181049 0.969166
337 0.856533 0.925834
338 0.933759 0.271803
339 0.991942 0.812928
340 0.468116 0.668273
341 0.244508 0.485058
342 0.965992 0.943338
343 0.844374 0.734171
344 0.159532 0.271303
345 0.919673 0.512271
346 0.960613 0.413476
347 0.929457 0.359010
348 0.158970 0.909209
349 0.959002 0.077127
350 0.659476 0.115021
351 0.180499 0.174815
352 0.589419 0.783254
353 0.158132 0.571644
354 0.748214 0.239861
355 0.833737 0.073413
356 0.294855 0.120333
357 0.967740 0.161396
358 0.272488 0.053454
359 0.529789 0.712705
360 0.554867 0.644471
361 0.066025 0.602437
362 0.099733 0.420829
363 0.672384 0.880902
364 0.569090 0.183048
365 0.975580 0.256777
366 0.383475 0.146770
367 0.014479 0.278719
368 0.918004 0.777848
369 0.678061 0.211316
370 0.977762 0.031405
371 0.736174 0.300065
372 0.054548 0.853873
373 0.663589 0.862287
374 0.354413 0.472942
375 0.708071 0.261802
376 0.617582 0.294099
377 0.904378 0.887919
378 0.315868 0.680424
379 0.415966 0.492149
380 0.174870 0.323149
381 0.273046 0.792331
382 0.367454 0.535055
383 0.451594 0.731421
384 0.366557 0.666920
385 0.895163 0.286960
386 0.368245 0.246659
387 0.519803 0.267293
388 0.462125 0.101891
389 0.714923 0.345196
390 0.831542 0.235665
391 0.837880 0.546276
392 0.009908 0.370973
393 0.679997 0.036109
394 0.105301 0.466012
395 0.463842 0.473261
396 0.511366 0.094636
397 0.814540 0.485908
398 0.649672 0.500135
399 0.262363 0.773042
400 0.879712 0.434308
401 0.249677 0.663228
402 0.796454 0.569743
403 0.230863 0.842344
404 0.588380 0.139969
405 0.829530 0.316148
406 0.519280 0.845830
407 0.203557 0.154292
408 0.114476 0.667813
409 0.804553 0.428347
410 0.775973 0.036980
411 0.259531 0.192956
412 0.764380 0.776618
413 0.210121 0.218304
414 0.701704 0.619789
415 0.905264 0.162277
416 0.279423 0.565434
417 0.027662 0.620978
418 0.606543 0.359574
419 0.860824 0.484653
420 0.541707 0.876537
421 0.801369 0.185179
422 0.814030 0.410222
423 0.799830 0.306916
424 0.998140 0.359350
425 0.816471 0.280225
426 0.217145 0.197799
427 0.876373 0.259626
428 0.630429 0.348521
429 0.586395 0.676236
430 0.086620 0.653004
431 0.742207 0.281654
432 0.743240 0.165418
433 0.555150 0.185639
434 0.203780 0.132859
435 0.184143 0.086859
436 0.663144 0.303036
437 0.913686 0.329762
438 0.661361 0.250355
439 0.355665 0.400887
440 0.921419 0.888888
441 0.694277 0.346068
442 0.916245 0.989447
443 0.152831 0.938446
444 0.172608 0.765828
445 0.715498 0.466060
446 0.903674 0.439860
447 0.942719 0.836656
448 0.125404 0.978664
449 0.729856 0.424592
450 0.323261 0.368955
451 0.845038 0.426460
452 0.728735 0.225380
453 0.324492 0.075670
454 0.364046 0.623682
455 0.044020 0.333214
456 0.132170 0.710482
457 0.982547 0.927221
458 0.402174 0.290887
459 0.382107 0.403909
460 0.993922 0.775789
461 0.478374 0.673867
462 0.201611 0.582625
463 0.726810 0.390114
464 0.512157 0.326557
465 0.481743 0.378187
466 0.972327 0.913428
467 0.899156 0.253534
468 0.737606 0.951502
469 0.428693 0.307797
470 0.196131 0.735946
471 0.636371 0.723089
472 0.202651 0.428141
473 0.311463 0.982438
474 0.851878 0.833057
475 0.149115 0.960864
476 0.382360 0.616827
477 0.910315 0.501085
478 0.305670 0.532522
479 0.333633 0.675016
480 0.793253 0.198191
481 0.329009 0.492337
482 0.969544 0.046688
483 0.800809 0.137405
484 0.244762 0.894393
485 0.421288 0.288787
486 0.363591 0.944693
487 0.947901 0.682589
488 0.544701 0.519243
489 0.641986 0.216723
490 0.638501 0.434110
491 0.157522 0.192381
492 0.416665 0.779816
493 0.169528 0.063074
494 0.552706 0.739646
495 0.792878 0.938535
496 0.076007 0.596233
497 0.912972 0.361392
498 0.075095 0.963560
499 0.696014 0.081802
2000
0 91
0 105
0 141
0 161
0 253
0 281
0 344
0 413
0 426
1 75
1 83
1 215
1 285
1 293
1 329
1 473
1 486
2 12
2 56
2 76
2 86
2 89
2 96
2 100
2 105
2 149
2 161
2 176
2 236
2 281
2 295
2 319
2 344
2 380
3 13
3 35
3 101
3 225
3 280
3 328
3 412
4 8
4 290
4 414
5 52
5 125
5 157
5 245
5 246
5 279
5 323
5 366
6 59
6 90
6 132
6 204
6 207
6 294
6 406
6 420
7 17
7 28
7 210
7 218
8 137
8 229
8 267
8 398
9 47
9 72
9 214
9 251
9 326
9 349
9 370
9 482
10 152
10 180
10 197
10 355
10 410
10 483
11 33
11 139
11 152
11 350
11 432
11 499
12 22
12 86
12 96
12 100
12 176
12 193
12 236
12 252
12 295
12 319
12 362
12 455
13 35
13 101
13 280
13 328
13 412
13 471
14 140
14 219
14 246
14 272
14 277
14 279
14 287
14 356
14 358
14 453
15 34
15 110
15 150
15 165
15 174
15 241
15 386
15 458
15 469
15 485
16 71
16 117
16 139
16 220
16 226
16 233
16 354
16 369
16 371
16 375
16 431
16 436
16 438
16 452
16 489
17 28
17 102
17 210
17 218
18 111
18 242
18 332
18 345
18 477
19 68
19 119
19 201
19 226
19 354
19 390
19 405
19 423
19 425
19 427
19 480
20 51
20 102
20 237
20 276
20 289
20 493
21 24
22 56
22 86
22 166
22 193
22 295
22 319
22 367
22 455
23 64
23 93
23 120
23 308
23 418
23 464
23 465
24 106
24 343
25 147
25 257
25 312
25 321
25 364
25 387
25 433
26 94
26 249
26 318
26 487
27 32
27 60
27 107
27 142
27 192
27 193
27 392
28 102
28 210
28 218
29 188
30 48
30 168
30 174
30 243
30 284
30 439
30 459
30 465
31 136
31 177
31 378
31 384
31 401
31 416
31 454
31 479
32 107
32 142
32 192
33 139
33 152
33 220
33 226
33 232
33 354
33 421
33 432
33 452
33 480
33 483
34 43
34 110
34 120
34 134
34 135
34 147
34 150
34 165
34 458
34 469
34 485
35 108
35 225
35 235
35 280
35 412
36 183
36 186
36 191
36 270
36 273
36 299
36 391
36 397
36 402
36 409
36 419
37 41
37 46
37 63
37 74
37 77
37 95
37 123
37 171
37 181
37 208
37 230
37 304
37 335
37 341
37 374
37 478
37 481
38 110
38 184
38 241
38 262
38 439
38 450
39 129
39 297
39 307
39 340
39 384
39 454
39 461
39 476
40 61
40 122
40 156
40 219
40 237
40 253
40 276
40 302
40 351
40 407
40 426
40 434
40 435
40 491
41 46
41 63
41 74
41 95
41 123
41 171
41 181
41 304
41 341
41 416
41 478
41 481
42 44
42 53
42 88
42 92
42 315
42 321
42 364
42 396
42 404
42 433
43 120
43 135
43 147
43 257
43 312
43 387
43 464
44 53
44 88
44 92
44 315
44 388
44 396
45 64
45 145
45 212
45 243
45 269
45 310
45 488
46 62
46 63
46 112
46 114
46 123
46 171
46 181
46 230
46 335
46 341
46 472
47 67
47 72
47 251
47 349
47 357
48 74
48 174
48 208
48 374
48 379
48 395
48 439
48 459
49 170
49 173
49 290
49 429
49 471
50 58
50 104
50 109
50 260
50 334
50 353
51 61
51 102
51 122
51 237
51 276
51 289
51 302
51 435
51 493
52 88
52 92
52 125
52 148
52 279
52 287
52 366
52 388
53 315
53 364
53 396
53 404
53 433
54 148
54 306
54 331
55 126
55 194
55 209
55 238
55 317
55 337
55 377
55 474
55 495
56 76
56 86
56 161
56 166
56 176
56 281
56 344
57 58
57 84
57 240
57 324
57 334
57 353
57 408
57 462
58 62
58 109
58 260
58 334
58 353
58 462
59 98
59 108
59 250
59 294
59 298
59 352
59 406
59 420
60 107
60 193
60 392
61 102
61 122
61 237
61 276
61 283
61 289
61 302
61 434
61 435
61 493
62 63
62 109
62 112
62 114
62 162
62 171
62 230
62 260
62 335
62 341
62 472
63 123
63 171
63 181
63 230
63 260
63 341
63 416
63 462
64 73
64 93
64 145
64 212
64 308
64 418
64 490
65 89
65 96
65 100
65 112
65 114
65 118
65 149
65 236
65 335
65 380
65 472
66 75
66 90
66 155
67 72
67 251
67 357
68 71
68 201
68 220
68 226
68 291
68 354
68 371
68 390
68 405
68 423
68 425
68 431
69 146
69 196
69 198
69 234
69 254
69 261
69 403
69 444
70 84
70 234
70 240
70 292
70 324
70 401
70 444
70 456
70 470
71 220
71 226
71 354
71 371
71 375
71 389
71 423
71 431
71 436
71 441
71 452
72 153
72 244
72 251
72 326
72 349
72 357
72 415
72 482
73 145
73 187
73 308
73 418
73 428
73 490
74 77
74 95
74 123
74 181
74 195
74 208
74 304
74 374
74 382
74 478
74 481
75 83
75 178
75 215
75 285
75 473
75 486
76 86
76 161
76 166
76 176
76 281
76 344
77 95
77 123
77 181
77 208
77 230
77 262
77 374
77 439
77 450
77 481
78 146
78 169
78 196
78 293
78 336
78 348
78 443
78 484
79 116
79 185
79 264
79 378
79 384
79 479
80 121
80 211
80 227
80 231
80 303
80 372
81 163
81 170
81 173
81 340
81 359
81 360
81 429
81 461
81 494
82 274
83 215
83 285
83 293
83 329
83 473
83 486
84 240
84 324
84 334
84 401
84 462
85 159
85 200
85 240
85 292
85 408
85 430
85 456
86 100
86 176
86 193
86 252
86 295
86 319
86 455
87 131
87 164
87 194
87 256
87 320
87 327
87 339
87 377
87 440
87 447
87 466
88 92
88 315
88 321
88 388
88 396
89 96
89 100
89 112
89 114
89 149
89 236
89 335
89 380
89 472
90 132
90 155
90 206
91 141
91 184
91 199
91 241
91 272
91 311
91 411
91 413
91 426
92 315
92 388
92 396
93 168
93 212
93 243
93 284
93 308
93 465
94 106
94 154
94 205
94 249
94 318
94 343
94 368
94 487
95 123
95 181
95 208
95 304
95 374
95 439
95 478
95 481
96 100
96 112
96 149
96 236
96 252
96 295
96 319
96 362
96 380
97 144
97 151
97 227
97 239
97 330
97 498
98 108
98 203
98 235
98 250
98 352
98 406
98 494
99 116
99 138
99 185
99 264
99 383
99 492
100 105
100 149
100 176
100 236
100 252
100 281
100 295
100 319
100 380
101 328
102 210
102 237
102 276
102 283
102 493
103 213
103 316
103 468
103 495
104 333
104 334
104 361
104 417
104 496
105 118
105 141
105 149
105 161
105 176
105 281
105 344
105 380
106 113
106 154
106 205
106 259
106 318
106 343
106 368
107 142
107 162
107 192
107 362
107 394
108 203
108 235
108 250
108 280
108 352
109 162
109 260
109 362
109 394
110 150
110 174
110 241
110 450
110 458
110 469
110 485
111 242
111 278
111 345
111 477
112 114
112 149
112 230
112 236
112 335
112 472
113 154
113 259
113 282
113 343
113 412
114 181
114 230
114 335
114 341
114 472
115 117
115 128
115 167
115 233
115 257
115 312
115 376
115 387
116 185
116 378
116 384
116 479
117 128
117 139
117 167
117 233
117 369
117 375
117 376
117 436
117 438
117 489
118 149
118 184
118 380
119 190
119 201
119 223
119 232
119 288
119 314
119 390
119 415
119 421
119 427
119 467
119 480
120 135
120 147
120 257
120 387
120 464
120 465
120 469
121 159
121 200
121 211
121 231
121 303
122 156
122 237
122 253
122 276
122 302
122 351
122 407
122 434
122 435
122 491
122 493
123 181
123 208
123 230
123 304
123 341
123 374
123 478
123 481
124 195
124 258
124 275
124 305
124 379
124 395
125 157
125 245
125 246
125 279
125 323
125 366
126 337
126 442
127 138
127 182
127 301
127 381
127 403
127 484
128 167
128 233
128 376
128 436
128 438
128 489
129 297
129 384
129 454
129 476
130 216
130 346
130 347
130 437
130 446
130 497
131 164
131 256
131 320
131 327
131 339
131 440
131 447
131 457
131 466
132 204
132 206
132 294
133 143
133 166
133 302
133 491
134 147
134 165
134 245
134 386
134 458
134 469
134 485
135 147
135 150
135 165
135 458
135 464
135 465
135 469
135 485
136 177
136 401
136 416
136 478
137 172
137 202
137 267
137 398
138 185
138 264
138 381
138 399
139 220
139 226
139 354
139 369
139 375
139 432
139 438
139 452
139 489
140 156
140 219
140 246
140 272
140 277
140 356
140 358
140 434
140 453
141 161
141 253
141 344
141 411
141 413
141 426
142 192
143 166
143 491
144 151
144 239
144 330
144 498
145 229
145 267
145 398
145 490
146 169
146 196
146 254
146 261
146 348
146 403
146 484
147 165
147 257
147 312
147 321
147 387
147 458
147 469
147 485
148 287
148 306
148 331
148 453
149 236
149 281
149 380
149 472
150 174
150 458
150 469
150 485
151 227
151 239
151 330
151 372
151 498
152 432
152 483
152 499
153 228
153 244
153 326
153 355
153 415
154 205
154 259
154 282
154 343
154 368
154 474
156 219
156 253
156 272
156 277
156 351
156 356
156 407
156 411
156 426
156 434
156 435
157 199
157 245
157 246
157 272
157 279
157 311
157 323
157 366
157 386
158 358
158 453
159 200
159 248
159 456
160 265
160 286
160 310
160 360
161 166
161 176
161 281
161 344
161 380
161 413
161 491
162 192
162 362
162 394
163 298
163 359
163 383
163 494
164 339
164 368
164 447
164 460
165 245
165 386
165 458
165 469
165 485
166 176
166 344
167 233
167 376
167 436
167 438
167 489
168 212
168 243
168 284
168 395
168 465
169 196
169 254
169 261
169 336
169 348
169 403
169 443
169 484
170 173
170 359
170 360
170 429
170 471
170 494
171 260
171 341
171 416
171 462
171 478
172 186
172 191
172 267
172 299
172 398
172 445
172 449
173 359
173 360
173 429
173 494
174 262
174 439
174 450
174 459
174 469
175 270
175 400
175 409
175 422
175 446
175 451
176 281
176 295
176 319
176 344
176 380
177 378
177 401
177 416
177 479
178 215
178 268
178 300
178 301
178 309
178 486
179 221
179 296
179 336
179 348
179 443
179 448
179 475
179 498
180 197
180 393
180 410
180 499
181 208
181 230
181 335
181 341
181 478
181 481
182 293
182 301
182 403
182 484
183 345
183 391
183 397
183 419
183 477
184 199
184 241
185 264
185 384
185 479
185 492
186 191
186 270
186 273
186 299
186 397
186 409
186 445
187 222
187 313
187 389
187 418
187 428
187 441
187 449
187 463
187 490
188 322
188 393
189 250
189 363
189 373
190 201
190 223
190 232
190 314
190 390
190 415
190 421
190 480
190 483
191 270
191 273
191 299
191 391
191 397
191 409
191 419
192 394
193 252
193 295
193 319
193 392
193 455
194 209
194 238
194 259
194 327
194 377
194 440
194 447
194 474
195 258
195 275
195 297
195 304
195 374
195 379
195 382
195 481
196 254
196 261
196 348
196 403
196 484
197 355
197 410
198 200
198 234
198 254
198 261
198 292
198 444
198 470
199 241
199 311
199 386
200 292
200 444
200 456
201 288
201 325
201 385
201 390
201 405
201 423
201 425
201 427
201 467
202 255
202 266
202 273
202 402
202 414
203 235
203 280
203 352
203 471
203 494
204 206
204 294
205 259
205 318
205 343
205 368
205 487
207 298
207 300
207 406
207 420
208 262
208 304
208 374
208 439
208 459
208 481
209 238
209 327
209 337
209 377
209 440
209 474
210 218
210 283
211 227
211 231
211 303
211 372
212 243
212 284
212 308
212 395
212 465
213 316
213 468
213 495
214 349
214 370
214 482
215 268
215 301
215 486
216 325
216 338
216 347
216 385
216 437
216 467
216 497
217 361
217 417
218 283
219 272
219 277
219 356
219 407
219 411
219 434
220 226
220 354
220 369
220 371
220 375
220 431
220 438
220 452
221 296
221 330
221 336
221 348
221 443
221 448
221 475
221 498
222 313
222 389
222 428
222 436
222 441
222 449
222 463
223 232
223 314
223 390
223 421
223 480
223 483
224 291
224 371
224 389
224 422
224 423
224 463
225 247
225 280
225 363
225 373
226 232
226 354
226 375
226 390
226 421
226 425
226 431
226 432
226 452
226 480
227 231
227 303
227 372
228 244
228 263
228 326
228 355
229 267
229 269
229 310
229 398
229 490
230 335
230 341
230 472
231 303
231 372
232 314
232 390
232 421
232 432
232 480
232 483
233 369
233 376
233 436
233 438
233 489
234 240
234 292
234 444
234 456
234 470
235 250
235 280
235 352
235 471
236 252
236 295
236 362
236 472
237 276
237 289
237 302
237 434
237 435
237 493
238 247
238 282
238 317
238 337
238 474
239 330
239 498
240 292
240 324
240 408
240 444
240 456
240 470
241 386
242 278
242 345
242 477
243 284
243 395
243 465
244 326
244 349
244 355
244 415
245 386
245 458
245 485
246 272
246 277
246 279
246 311
246 323
246 356
246 366
246 411
247 282
247 412
249 318
249 487
250 294
250 363
250 373
251 326
251 349
251 357
251 482
252 295
252 319
252 362
252 455
253 302
253 351
253 407
253 411
253 413
253 426
253 434
253 491
254 261
254 403
254 484
255 266
255 273
255 402
255 414
256 320
256 342
256 457
256 466
257 312
257 387
257 464
258 275
258 297
258 305
258 379
258 382
259 282
259 343
259 368
259 447
259 474
260 353
260 462
261 348
261 403
261 444
262 439
262 450
262 459
263 370
263 482
264 381
264 399
265 305
265 340
265 461
266 273
266 391
266 402
267 398
268 300
268 301
268 309
269 286
269 310
269 488
270 299
270 397
270 400
270 409
270 419
270 422
270 451
271 322
271 350
271 404
271 499
272 277
272 311
272 323
272 356
272 411
273 391
273 402
274 367
275 379
275 382
275 395
276 289
276 302
276 434
276 435
276 493
277 311
277 323
277 356
277 407
277 411
277 426
277 434
278 345
278 346
278 446
278 477
279 287
279 323
279 356
279 366
279 453
280 471
281 344
281 380
282 343
282 412
282 474
284 465
285 329
285 473
285 486
286 310
286 360
286 488
287 356
287 366
287 453
288 325
288 338
288 365
288 385
288 415
288 427
288 467
289 358
289 435
289 493
290 414
290 471
291 371
291 405
291 423
291 425
291 431
292 324
292 444
292 456
292 470
293 329
293 473
293 484
294 420
295 319
295 362
295 455
296 330
296 336
296 443
296 448
296 475
296 498
297 304
297 382
297 454
297 476
298 300
298 406
298 420
299 397
299 409
299 422
299 445
299 449
299 463
300 309
300 492
301 309
302 351
302 407
302 434
302 435
302 491
303 372
304 374
304 382
304 416
304 478
304 481
305 310
305 488
306 331
307 340
307 383
307 461
308 418
308 428
309 492
310 488
311 323
311 356
311 411
312 321
312 364
312 387
312 433
313 376
313 389
313 418
313 428
313 436
313 441
314 390
314 415
314 421
314 480
314 483
315 321
315 364
315 396
315 404
315 433
316 317
316 468
316 495
317 337
317 495
318 368
318 460
318 487
319 362
319 455
320 327
320 342
320 440
320 447
320 457
320 466
321 364
321 387
321 433
322 350
322 393
322 499
323 356
323 366
324 401
324 470
325 338
325 347
325 365
325 385
325 427
325 437
325 467
325 497
326 349
326 415
326 482
327 377
327 440
327 447
327 466
328 412
329 473
329 486
330 448
330 498
333 334
333 361
333 408
333 417
333 430
333 496
334 353
334 361
334 408
334 430
334 496
335 341
335 472
336 348
336 443
336 448
336 475
337 377
337 495
338 365
338 385
338 427
338 437
338 467
339 447
339 460
340 383
340 461
341 472
342 440
342 442
342 457
342 466
344 380
344 413
345 419
345 446
345 477
346 347
346 424
346 446
346 497
347 424
347 437
347 497
348 443
348 475
349 370
349 482
350 499
351 407
351 413
351 426
351 434
351 491
352 494
353 462
354 371
354 375
354 431
354 432
354 452
354 480
355 410
355 483
356 358
356 453
357 415
358 453
359 360
359 429
359 461
359 494
360 429
361 417
361 430
361 496
362 394
363 373
364 404
364 433
367 455
368 447
369 375
369 438
369 452
369 489
370 482
371 375
371 389
371 423
371 431
371 436
371 441
374 379
374 382
374 439
374 459
374 481
375 431
375 436
375 438
375 452
376 418
376 428
376 436
376 438
377 440
377 447
377 466
378 384
378 401
378 454
378 479
379 382
379 395
381 399
381 403
382 478
382 481
383 461
383 492
384 454
384 476
384 479
385 405
385 427
385 437
385 467
386 458
386 485
387 464
388 396
389 431
389 436
389 441
389 463
390 421
390 425
390 427
390 467
390 480
391 397
391 402
391 419
392 455
393 499
397 409
397 419
397 451
398 445
398 490
400 419
400 422
400 446
400 451
400 477
403 484
404 433
405 423
405 425
405 427
406 420
407 411
407 413
407 426
407 434
407 435
407 491
408 430
408 456
409 422
409 451
411 413
411 426
413 426
413 491
416 478
417 430
417 496
418 428
419 446
419 451
419 477
421 432
421 480
421 483
422 451
423 425
423 431
425 427
425 431
426 434
426 491
427 467
428 436
428 441
429 471
429 494
430 456
430 496
431 452
432 452
432 480
432 483
434 435
435 493
436 438
436 441
437 497
438 452
438 489
439 450
439 459
440 447
440 457
440 466
441 463
443 448
443 475
444 456
444 470
445 449
446 451
446 477
448 475
448 498
449 463
450 459
452 480
454 476
454 479
456 470
457 466
458 469
458 485
464 465
468 495
469 485
473 486
475 498
478 481
480 483
