500
0 0.808237 0.172334
1 0.717004 0.714560
2 0.623134 0.056744
3 0.176265 0.970002
4 0.816236 0.356188
5 0.507208 0.576555
6 0.565809 0.340961
7 0.066611 0.632984
8 0.159733 0.448536
9 0.090744 0.610247
10 0.355183 0.302800
11 0.910144 0.174524
12 0.692746 0.239961
13 0.427236 0.471947
14 0.234561 0.918426
15 0.364016 0.650078
16 0.247918 0.524503
17 0.416923 0.028899
18 0.813682 0.676648
19 0.992148 0.127985
20 0.203225 0.377989
21 0.637001 0.706781
22 0.138020 0.270235
23 0.631611 0.081298
24 0.722820 0.001603
25 0.460103 0.243261
26 0.926363 0.737248
27 0.041528 0.726703
28 0.972784 0.712734
29 0.668207 0.742154
30 0.902439 0.259413
31 0.572798 0.830055
32 0.862585 0.915138
33 0.925240 0.172712
34 0.396392 0.074576
35 0.846909 0.748045
36 0.113001 0.130435
37 0.641860 0.210255
38 0.682132 0.725562
39 0.701314 0.422978
40 0.654365 0.550898
41 0.444465 0.995332
42 0.755361 0.718248
43 0.984530 0.800130
44 0.155006 0.130235
45 0.147476 0.556919
46 0.737906 0.259800
47 0.051434 0.419968
48 0.030309 0.831641
49 0.070434 0.759415
50 0.893493 0.143536
51 0.104233 0.688457
52 0.427380 0.637578
53 0.846526 0.292798
54 0.376768 0.937768
55 0.920597 0.578120
56 0.087444 0.333141
57 0.334469 0.867185
58 0.720588 0.604505
59 0.696849 0.750234
60 0.001258 0.168119
61 0.030717 0.720671
62 0.250366 0.741017
63 0.823115 0.312587
64 0.829467 0.120450
65 0.157742 0.897510
66 0.413767 0.213800
67 0.391190 0.294825
68 0.701205 0.155572
69 0.264026 0.204460
70 0.485919 0.173417
71 0.254206 0.126229
72 0.142651 0.396588
73 0.585177 0.937063
74 0.560867 0.028282
75 0.029714 0.207244
76 0.600963 0.016830
77 0.397463 0.606466
78 0.449056 0.163088
79 0.585470 0.009791
80 0.912576 0.317551
81 0.831221 0.277173
82 0.809556 0.271275
83 0.940062 0.769717
84 0.722030 0.999917
85 0.607518 0.772239
86 0.060713 0.479822
87 0.211914 0.254416
88 0.471154 0.510856
89 0.613813 0.821758
90 0.100785 0.852794
91 0.566198 0.282811
92 0.141832 0.510374
93 0.312935 0.990469
94 0.366778 0.186691
95 0.081101 0.765451
96 0.973662 0.153995
97 0.032257 0.179644
98 0.409664 0.321821
99 0.334375 0.177543
100 0.961160 0.543274
101 0.394920 0.306485
102 0.311673 0.131726
103 0.575595 0.626685
104 0.754705 0.981709
105 0.483547 0.228047
106 0.668835 0.757478
107 0.177173 0.349418
108 0.333219 0.842381
109 0.734844 0.062645
110 0.710954 0.409230
111 0.585904 0.499615
112 0.035275 0.233004
113 0.913461 0.727593
114 0.524701 0.988560
115 0.994362 0.220810
116 0.103307 0.224382
117 0.179875 0.813710
118 0.734441 0.150217
119 0.881731 0.940200
120 0.965446 0.748513
121 0.495561 0.038458
122 0.667411 0.232286
123 0.828054 0.681539
124 0.688862 0.787704
125 0.210811 0.593901
126 0.092473 0.387402
127 0.813473 0.956793
128 0.711589 0.965901
129 0.447738 0.008538
130 0.567232 0.704674
131 0.693785 0.039956
132 0.949647 0.799210
133 0.063974 0.116553
134 0.973233 0.778935
135 0.521367 0.348378
136 0.700948 0.486090
137 0.135171 0.097374
138 0.657924 0.301133
139 0.707015 0.446575
140 0.183910 0.839901
141 0.659963 0.846348
142 0.610292 0.141750
143 0.346410 0.099947
144 0.689812 0.318033
145 0.201535 0.753951
146 0.055762 0.736783
147 0.845734 0.518742
148 0.742292 0.082110
149 0.322464 0.560007
150 0.147187 0.374290
151 0.377265 0.983786
152 0.738616 0.489961
153 0.170222 0.601610
154 0.105209 0.419557
155 0.906549 0.620679
156 0.367882 0.130212
157 0.211385 0.421087
158 0.814168 0.796036
159 0.778470 0.856951
160 0.927031 0.796654
161 0.938322 0.359003
162 0.398738 0.453096
163 0.159939 0.023806
164 0.501580 0.237992
165 0.344804 0.603183
166 0.024870 0.699443
167 0.400564 0.370469
168 0.573249 0.083475
169 0.590441 0.020852
170 0.097435 0.197909
171 0.683795 0.350774
172 0.435566 0.550883
173 0.063167 0.974393
174 0.621422 0.186550
175 0.792607 0.845815
176 0.564393 0.246909
177 0.828822 0.415363
178 0.460982 0.051418
179 0.139715 0.964005
180 0.958729 0.405006
181 0.484115 0.032076
182 0.660860 0.920269
183 0.002038 0.886814
184 0.033574 0.371093
185 0.566536 0.657751
186 0.157766 0.482654
187 0.053138 0.106658
188 0.321988 0.021251
189 0.494992 0.430918
190 0.641198 0.786195
191 0.342680 0.728784
192 0.880937 0.172440
193 0.403534 0.166639
194 0.422966 0.129371
195 0.767242 0.356639
196 0.143839 0.164196
197 0.363023 0.667043
198 0.388375 0.082409
199 0.215585 0.783948
200 0.926654 0.823105
201 0.505727 0.655922
202 0.342690 0.710600
203 0.077587 0.746989
204 0.167193 0.690871
205 0.476916 0.473591
206 0.337320 0.024634
207 0.243116 0.468479
208 0.114863 0.290402
209 0.703296 0.191271
210 0.082582 0.121000
211 0.702336 0.545123
212 0.063779 0.558373
213 0.616298 0.338547
214 0.231692 0.607149
215 0.956613 0.443958
216 0.682935 0.845428
217 0.369021 0.412565
218 0.028277 0.296517
219 0.865285 0.446810
220 0.776664 0.792883
221 0.979889 0.868458
222 0.376879 0.468980
223 0.628846 0.418183
224 0.391308 0.623546
225 0.666189 0.652516
226 0.178424 0.548913
227 0.594126 0.924952
228 0.450981 0.066780
229 0.842514 0.611940
230 0.488213 0.480181
231 0.710883 0.052347
232 0.739184 0.936392
233 0.443147 0.078960
234 0.207819 0.972398
235 0.847493 0.470784
236 0.780658 0.417895
237 0.722600 0.261370
238 0.835132 0.890340
239 0.106207 0.601047
240 0.049172 0.832403
241 0.023174 0.789943
242 0.322205 0.414236
243 0.977588 0.173816
244 0.113125 0.651309
245 0.907079 0.826205
246 0.302549 0.773102
247 0.697389 0.328077
248 0.894724 0.218798
249 0.641403 0.500112
250 0.488649 0.633177
251 0.468540 0.889210
252 0.274205 0.697145
253 0.290491 0.473478
254 0.065967 0.747412
255 0.075200 0.536290
256 0.790014 0.464369
257 0.955883 0.530507
258 0.974157 0.402602
259 0.276024 0.641360
260 0.083018 0.554978
261 0.783338 0.144138
262 0.693039 0.200993
263 0.424362 0.417437
264 0.736216 0.880858
265 0.553170 0.277196
266 0.879429 0.676338
267 0.813603 0.707471
268 0.866887 0.674801
269 0.638414 0.395785
270 0.372249 0.157227
271 0.564582 0.974019
272 0.874239 0.263808
273 0.312638 0.193570
274 0.776760 0.650949
275 0.820235 0.743434
276 0.797631 0.353206
277 0.623562 0.165780
278 0.897419 0.540179
279 0.920594 0.844462
280 0.618440 0.393192
281 0.844394 0.796138
282 0.337260 0.466638
283 0.401461 0.803185
284 0.438914 0.411602
285 0.863114 0.893474
286 0.137168 0.294077
287 0.542602 0.079048
288 0.792663 0.764369
289 0.343728 0.034975
290 0.962154 0.648489
291 0.516622 0.547321
292 0.304105 0.077999
293 0.864198 0.128162
294 0.572148 0.502611
295 0.049038 0.455575
296 0.172106 0.084694
297 0.755732 0.916912
298 0.264627 0.748827
299 0.263454 0.463836
300 0.026541 0.773726
301 0.257073 0.549128
302 0.712315 0.203310
303 0.229599 0.052363
304 0.538534 0.466584
305 0.367573 0.803196
306 0.853657 0.503851
307 0.218374 0.403369
308 0.263043 0.363242
309 0.703000 0.992256
310 0.363025 0.855305
311 0.311071 0.623998
312 0.610682 0.041869
313 0.428006 0.873127
314 0.443107 0.592898
315 0.528703 0.639215
316 0.077823 0.190719
317 0.215175 0.564483
318 0.722943 0.664456
319 0.736596 0.824696
320 0.545342 0.533561
321 0.844172 0.094021
322 0.567162 0.945500
323 0.841903 0.975085
324 0.513443 0.642477
325 0.009255 0.262257
326 0.954335 0.849260
327 0.594030 0.652045
328 0.740286 0.610521
329 0.343283 0.901275
330 0.979659 0.189542
331 0.277225 0.077071
332 0.615825 0.454846
333 0.984796 0.676457
334 0.097307 0.252703
335 0.296774 0.924661
336 0.304948 0.748094
337 0.897399 0.166836
338 0.034055 0.624340
339 0.348446 0.806706
340 0.989492 0.299418
341 0.633567 0.961691
342 0.392172 0.481079
343 0.560650 0.904673
344 0.757713 0.130150
345 0.262445 0.628264
346 0.878037 0.402940
347 0.218394 0.857217
348 0.482299 0.247082
349 0.209153 0.005502
350 0.342080 0.056447
351 0.844555 0.435146
352 0.885138 0.280223
353 0.683416 0.112577
354 0.058949 0.512433
355 0.884960 0.751298
356 0.800187 0.922768
357 0.774081 0.931706
358 0.917741 0.456906
359 0.685610 0.598024
360 0.870930 0.361387
361 0.425669 0.315345
362 0.987230 0.357622
363 0.607699 0.387270
364 0.749091 0.408448
365 0.216619 0.022026
366 0.927741 0.274010
367 0.476807 0.083247
368 0.935043 0.531796
369 0.440473 0.110268
370 0.462515 0.135161
371 0.049126 0.587779
372 0.057144 0.617272
373 0.437737 0.894050
374 0.509392 0.212921
375 0.522750 0.685243
376 0.414331 0.699839
377 0.885987 0.586507
378 0.129078 0.440633
379 0.623798 0.113068
380 0.694397 0.708575
381 0.026492 0.311167
382 0.279340 0.911976
383 0.894224 0.490712
384 0.443816 0.744993
385 0.291675 0.815901
386 0.383637 0.458045
387 0.397270 0.929770
388 0.283642 0.368375
389 0.077221 0.204072
390 0.709189 0.235244
391 0.671636 0.162104
392 0.472758 0.407424
393 0.922564 0.699907
394 0.199719 0.202952
395 0.164762 0.429138
396 0.812635 0.890871
397 0.368702 0.284287
398 0.246488 0.037521
399 0.561421 0.070565
400 0.733566 0.341126
401 0.213871 0.676545
402 0.243329 0.280686
403 0.786549 0.341141
404 0.013674 0.122669
405 0.708685 0.037491
406 0.094417 0.315909
407 0.351330 0.336834
408 0.585515 0.640984
409 0.317847 0.772356
410 0.055350 0.691173
411 0.066602 0.897743
412 0.432700 0.426704
413 0.929565 0.293407
414 0.539640 0.779969
415 0.943293 0.572601
416 0.332155 0.341635
417 0.276380 0.982309
418 0.201424 0.701540
419 0.651734 0.190852
420 0.881068 0.718451
421 0.182510 0.507479
422 0.604337 0.849198
423 0.160051 0.680423
424 0.623448 0.652673
425 0.407281 0.975088
426 0.626097 0.871111
427 0.486950 0.338669
428 0.598610 0.738563
429 0.350464 0.558323
430 0.763004 0.268052
431 0.951809 0.768552
432 0.282992 0.142315
433 0.437098 0.440145
434 0.103728 0.369165
435 0.876755 0.311375
436 0.799013 0.946182
437 0.905110 0.127729
438 0.784452 0.927522
439 0.006331 0.181386
440 0.622391 0.269908
441 0.633096 0.236842
442 0.026246 0.923586
443 0.366085 0.782940
444 0.672462 0.376876
445 0.582671 0.993651
446 0.562042 0.678257
447 0.414166 0.669051
448 0.450310 0.940260
449 0.218182 0.766774
450 0.462430 0.926071
451 0.254817 0.238298
452 0.731413 0.685745
453 0.477262 0.351471
454 0.986927 0.786116
455 0.257494 0.279746
456 0.666610 0.443625
457 0.310379 0.240777
458 0.770859 0.906981
459 0.268029 0.789144
460 0.383155 0.420745
461 0.882159 0.648752
462 0.872419 0.191876
463 0.719484 0.629720
464 0.854132 0.331141
465 0.830248 0.758841
466 0.268686 0.220619
467 0.670322 0.879353
468 0.630338 0.932428
469 0.039532 0.339868
470 0.170888 0.898771
471 0.182054 0.774748
472 0.338312 0.229015
473 0.229051 0.152236
474 0.641733 0.760121
475 0.199121 0.898215
476 0.767172 0.156349
477 0.709794 0.126890
478 0.925301 0.951325
479 0.735980 0.403198
480 0.095762 0.165000
481 0.884211 0.115965
482 0.478497 0.729104
483 0.331865 0.373406
484 0.340243 0.576869
485 0.538870 0.324318
486 0.114738 0.592896
487 0.802182 0.710181
488 0.893157 0.787702
489 0.528994 0.839326
490 0.150726 0.692897
491 0.967418 0.953713
492 0.770808 0.663980
493 0.770205 0.458853
494 0.544277 0.211554
495 0.885752 0.451352
496 0.919039 0.258861
497 0.772610 0.574129
498 0.326718 0.932930
499 0.799796 0.590134
1500
0 64
0 261
0 476
1 29
1 38
1 42
1 59
1 318
1 380
1 452
2 23
2 76
2 79
2 168
2 169
2 312
2 379
2 399
3 179
3 234
4 63
4 177
4 195
4 276
4 360
4 403
4 464
5 250
5 291
5 320
6 91
6 135
6 213
6 363
6 485
7 9
7 239
7 244
7 338
7 371
7 372
7 410
7 486
8 72
8 154
8 157
8 186
8 378
8 395
8 421
9 212
9 239
9 244
9 260
9 338
9 371
9 372
9 486
10 67
10 98
10 101
10 397
10 407
10 416
11 33
11 50
11 192
11 248
11 337
11 437
11 462
12 37
12 46
12 122
12 209
12 237
12 262
12 302
12 390
12 441
13 88
13 162
13 205
13 222
13 230
13 263
13 284
13 342
13 386
13 412
13 433
14 234
14 335
14 347
14 382
14 475
15 77
15 165
15 197
15 224
15 311
15 447
16 207
16 299
16 301
16 317
17 34
17 129
17 178
17 198
17 228
17 233
18 123
18 267
18 268
18 274
18 487
18 492
19 96
19 243
19 330
20 72
20 107
20 150
20 157
20 307
20 308
21 29
21 38
21 106
21 225
21 380
21 424
21 428
21 474
22 116
22 208
22 286
22 334
22 406
23 168
23 312
23 353
23 379
24 109
24 131
24 231
24 405
25 66
25 105
25 164
25 348
25 374
26 28
26 83
26 113
26 120
26 134
26 160
26 355
26 393
26 420
26 431
26 488
27 49
27 61
27 95
27 146
27 166
27 203
27 254
27 300
27 410
28 113
28 120
28 333
28 393
28 431
29 38
29 59
29 106
29 124
29 190
29 380
29 474
30 80
30 248
30 272
30 352
30 366
30 413
30 435
30 496
31 89
31 414
31 422
31 489
32 119
32 238
32 285
32 323
32 356
32 396
33 50
33 96
33 192
33 243
33 248
33 330
33 337
33 437
33 462
34 143
34 156
34 194
34 198
34 228
34 233
34 350
34 369
35 158
35 267
35 275
35 281
35 288
35 355
35 420
35 465
35 487
35 488
36 44
36 133
36 137
36 196
36 210
36 480
37 122
37 174
37 262
37 277
37 391
37 419
37 440
37 441
38 59
38 106
38 124
38 380
38 452
38 474
39 110
39 136
39 139
39 364
39 444
39 456
39 479
40 211
40 249
40 359
41 425
41 448
42 267
42 288
42 318
42 380
42 452
42 487
42 492
43 83
43 120
43 132
43 134
43 160
43 200
43 326
43 431
43 454
44 137
44 196
44 296
45 92
45 153
45 226
45 239
45 421
45 486
46 237
46 302
46 390
46 430
47 86
47 126
47 154
47 184
47 295
48 183
48 240
48 241
48 300
49 61
49 95
49 146
49 203
49 241
49 254
49 300
50 192
50 293
50 337
50 437
50 462
50 481
51 204
51 244
51 410
51 423
51 490
52 77
52 224
52 250
52 314
52 376
52 447
53 63
53 81
53 82
53 272
53 352
53 435
53 464
54 151
54 329
54 387
54 425
54 498
55 100
55 155
55 257
55 278
55 368
55 377
55 415
56 126
56 208
56 286
56 406
56 434
56 469
57 108
57 310
57 329
57 339
58 211
58 318
58 328
58 359
58 463
58 497
59 106
59 124
59 380
59 474
60 75
60 97
60 404
60 439
61 146
61 166
61 203
61 254
61 300
61 410
62 145
62 199
62 246
62 252
62 298
62 336
62 418
62 449
62 459
63 81
63 82
63 276
63 403
63 435
63 464
64 261
64 293
64 321
64 481
65 140
65 470
65 475
66 78
66 94
66 193
67 98
67 101
67 361
67 397
67 407
68 118
68 209
68 262
68 302
68 344
68 353
68 391
68 419
68 477
69 273
69 451
69 457
69 466
69 473
70 78
70 105
70 370
70 374
71 102
71 331
71 432
71 473
72 107
72 126
72 150
72 154
72 378
72 395
72 434
73 227
73 271
73 322
73 341
73 343
73 445
73 468
74 76
74 79
74 168
74 169
74 287
74 312
74 399
75 97
75 112
75 316
75 325
75 389
75 439
76 79
76 169
76 312
77 165
77 224
77 314
78 193
78 194
78 369
78 370
79 169
79 312
80 161
80 352
80 360
80 366
80 413
80 435
80 464
80 496
81 82
81 272
81 352
81 435
81 464
82 430
83 113
83 120
83 132
83 134
83 160
83 200
83 355
83 431
83 454
83 488
84 104
84 128
84 309
85 89
85 106
85 190
85 428
85 474
86 255
86 295
86 354
87 394
87 402
87 451
87 455
88 172
88 205
88 230
88 291
89 141
89 190
89 422
89 426
90 240
90 411
91 176
91 265
91 440
91 485
92 186
92 226
92 421
93 417
93 498
94 99
94 156
94 193
94 270
94 273
94 472
95 146
95 203
95 241
95 254
95 300
96 243
96 330
97 112
97 316
97 389
97 404
97 439
98 101
98 167
98 361
98 397
98 407
99 102
99 156
99 270
99 273
99 432
99 472
100 257
100 368
100 415
101 361
101 397
101 407
102 143
102 156
102 273
102 292
102 432
103 185
103 315
103 327
103 408
103 424
103 446
104 128
104 232
104 309
104 357
104 436
104 438
105 164
105 348
105 374
105 494
106 124
106 190
106 380
106 474
107 150
108 305
108 310
108 329
108 339
108 385
109 131
109 148
109 231
109 405
110 139
110 364
110 444
110 456
110 479
111 249
111 294
111 304
111 320
111 332
112 316
112 325
112 389
112 439
113 120
113 266
113 355
113 393
113 420
113 431
113 488
114 271
114 322
114 445
115 243
115 330
116 170
116 316
116 334
116 389
116 480
117 140
117 145
117 199
117 347
117 449
117 471
118 209
118 261
118 302
118 344
118 353
118 476
118 477
119 285
119 323
119 478
120 132
120 134
120 160
120 431
120 454
121 129
121 178
121 181
121 228
121 287
121 367
122 209
122 237
122 262
122 302
122 390
122 419
122 440
122 441
123 266
123 267
123 268
123 274
123 275
123 461
123 487
123 492
124 190
124 216
124 319
124 474
125 153
125 214
125 226
125 317
125 345
126 150
126 154
126 184
126 434
127 323
127 356
127 357
127 436
127 438
128 232
128 309
129 178
129 181
129 228
130 185
130 327
130 375
130 428
130 446
131 231
131 405
132 134
132 160
132 200
132 245
132 279
132 326
132 431
132 454
132 488
133 187
133 210
133 404
133 480
134 160
134 431
134 454
135 427
135 453
135 485
136 139
136 152
136 211
136 249
136 456
137 210
137 296
138 144
138 171
138 213
138 247
138 440
139 152
139 364
139 456
139 479
140 347
140 470
140 475
141 190
141 216
141 422
141 426
141 467
142 174
142 277
142 379
143 156
143 198
143 270
143 292
143 350
144 171
144 247
144 400
144 444
145 199
145 298
145 418
145 449
145 471
146 166
146 203
146 241
146 254
146 300
146 410
147 235
147 278
147 306
147 383
148 231
148 344
148 405
148 477
149 165
149 429
149 484
150 154
150 395
150 434
151 387
151 425
152 256
152 493
153 214
153 226
153 317
153 486
154 378
154 395
154 434
155 266
155 290
155 377
155 415
155 461
156 193
156 194
156 198
156 270
157 207
157 307
157 395
158 175
158 220
158 275
158 281
158 288
158 465
159 175
159 264
159 319
159 396
159 458
160 200
160 245
160 279
160 326
160 355
160 431
160 454
160 488
161 180
161 258
161 362
162 217
162 222
162 263
162 282
162 284
162 342
162 386
162 412
162 433
162 460
163 296
163 349
163 365
164 176
164 348
164 374
164 494
165 224
165 311
165 429
165 484
166 254
166 410
167 217
167 263
167 284
167 361
167 407
167 460
168 287
168 312
168 379
168 399
169 312
169 399
170 196
170 316
170 334
170 389
170 480
171 247
171 400
171 444
172 314
173 442
174 277
174 391
174 419
174 441
175 220
175 238
175 319
175 396
176 265
176 440
176 494
177 219
177 235
177 236
177 256
177 346
177 351
178 181
178 228
178 233
178 367
178 369
180 215
180 258
180 362
181 228
181 233
181 367
182 341
182 426
182 467
182 468
183 442
184 381
184 469
185 201
185 315
185 324
185 327
185 375
185 408
185 424
185 446
186 378
186 395
186 421
187 210
187 404
188 206
188 289
188 292
188 350
189 205
189 230
189 284
189 304
189 392
189 412
189 433
190 474
191 202
191 246
191 336
191 409
191 443
192 248
192 293
192 337
192 437
192 462
192 481
193 194
193 270
194 198
194 233
194 270
194 369
194 370
195 236
195 276
195 364
195 400
195 403
195 479
196 480
197 202
197 224
197 376
197 447
198 233
198 350
198 369
199 298
199 449
199 459
199 471
200 245
200 279
200 326
200 431
200 488
201 250
201 315
201 324
201 375
201 446
202 336
203 254
203 300
203 410
204 401
204 418
204 423
204 490
205 230
205 304
205 433
206 289
206 292
206 350
207 253
207 299
208 286
208 334
208 406
209 262
209 302
209 390
209 391
209 419
210 480
211 359
212 239
212 255
212 260
212 354
212 371
212 372
212 486
213 269
213 280
213 363
214 259
214 301
214 317
214 345
215 258
215 358
216 319
216 426
216 467
217 222
217 242
217 263
217 282
217 386
217 460
217 483
218 325
218 381
218 469
219 235
219 306
219 346
219 351
219 358
219 383
219 495
220 288
220 319
220 465
221 326
222 282
222 342
222 386
222 460
223 269
223 280
223 332
223 363
223 444
223 456
224 314
224 447
225 318
225 359
225 380
225 424
225 463
226 317
226 421
227 271
227 322
227 341
227 343
227 426
227 468
228 233
228 367
228 369
229 377
229 461
229 499
230 304
231 405
232 264
232 297
232 356
232 357
232 436
232 438
232 458
233 367
233 369
233 370
235 256
235 306
235 351
235 383
235 495
236 256
236 364
236 479
236 493
237 302
237 390
237 430
238 285
238 356
238 396
238 438
239 244
239 260
239 371
239 372
239 486
240 241
240 300
241 254
241 300
242 282
242 388
242 460
242 483
243 330
244 423
244 486
244 490
245 279
245 326
245 488
246 298
246 336
246 339
246 385
246 409
246 459
247 400
247 444
248 272
248 337
248 352
248 462
248 496
249 332
249 456
250 314
250 315
250 324
250 375
251 313
251 373
251 448
251 450
252 259
252 298
252 336
253 282
253 299
254 300
254 410
255 260
255 354
255 371
256 351
256 493
257 278
257 368
257 415
258 362
259 311
259 345
260 354
260 371
260 486
261 344
261 476
262 302
262 390
262 391
262 419
263 284
263 386
263 392
263 412
263 433
263 460
264 297
264 319
264 357
264 458
265 485
266 268
266 393
266 420
266 461
267 268
267 275
267 288
267 465
267 487
267 492
268 393
268 420
268 461
269 280
269 332
269 363
269 444
269 456
271 322
271 445
272 352
272 366
272 413
272 435
272 496
273 432
273 457
273 466
273 472
274 318
274 328
274 452
274 463
274 492
275 281
275 288
275 465
275 487
276 403
276 464
277 379
277 391
277 419
278 306
278 368
278 377
278 383
278 415
279 326
279 488
280 332
280 363
280 444
281 288
281 355
281 465
281 488
282 342
282 386
283 305
283 339
283 443
284 392
284 412
284 433
284 460
285 396
286 334
286 406
287 399
288 465
288 487
289 292
289 350
290 333
291 320
292 331
292 350
293 321
293 337
293 437
293 481
294 304
294 320
295 354
297 356
297 357
297 396
297 436
297 438
297 458
298 336
298 409
298 449
298 459
301 317
302 390
302 391
302 419
303 331
303 349
303 365
303 398
305 310
305 339
305 409
305 443
306 383
306 495
307 308
307 395
308 388
310 329
310 339
311 345
311 484
312 399
313 373
313 450
315 324
315 375
315 408
315 446
316 389
316 480
318 328
318 380
318 452
318 463
318 492
321 481
322 343
322 445
323 436
324 375
324 446
325 381
327 408
327 424
327 446
328 359
328 463
328 492
328 497
328 499
329 335
329 387
329 498
331 398
332 456
334 389
334 406
335 382
335 417
335 498
336 409
336 459
337 437
337 462
337 481
338 371
338 372
339 385
339 409
339 443
340 362
340 413
341 445
341 468
342 386
342 433
342 460
344 476
344 477
346 351
346 360
346 495
347 470
347 475
348 374
349 365
349 398
351 495
352 366
352 413
352 435
352 464
352 496
353 379
353 391
353 477
355 420
355 465
355 488
356 357
356 396
356 436
356 438
356 458
357 396
357 436
357 438
357 458
358 383
358 495
359 463
360 435
360 464
361 453
364 479
364 493
365 398
366 413
366 435
366 496
367 369
367 370
368 383
368 415
369 370
371 372
372 486
373 387
373 448
373 450
374 494
375 446
375 482
376 384
376 447
377 415
377 461
378 395
380 452
381 469
382 498
383 495
384 482
385 409
385 459
386 412
386 433
386 460
387 425
387 448
388 416
388 483
389 480
390 430
391 419
391 477
392 412
392 433
392 453
393 420
394 473
396 436
396 438
396 458
397 407
397 472
400 403
400 479
401 418
401 423
402 451
402 455
404 439
406 434
406 469
407 416
407 483
408 424
408 446
409 443
409 459
411 442
412 433
412 460
413 435
413 496
414 489
416 483
418 423
418 490
419 441
422 426
423 490
425 448
426 467
426 468
427 453
427 485
428 474
429 484
431 454
431 488
432 473
433 460
435 464
436 438
436 458
437 481
438 458
440 441
448 450
449 459
449 471
451 455
451 457
451 466
452 463
452 492
455 466
457 466
457 472
463 492
465 487
470 475
478 491
487 492
497 499
