500
0 0.366330 0.879659
1 0.691205 0.807811
2 0.346700 0.987376
3 0.936836 0.508568
4 0.578032 0.747212
5 0.750625 0.339912
6 0.461154 0.543778
7 0.216739 0.577619
8 0.096419 0.560658
9 0.167289 0.063132
10 0.054740 0.549964
11 0.508057 0.201334
12 0.880358 0.628004
13 0.093520 0.838256
14 0.615998 0.759055
15 0.428666 0.546455
16 0.778799 0.547281
17 0.565930 0.881944
18 0.509336 0.321075
19 0.312619 0.118920
20 0.066255 0.264616
21 0.267546 0.817190
22 0.445472 0.528188
23 0.265150 0.332053
24 0.665603 0.831828
25 0.521189 0.037559
26 0.180219 0.066100
27 0.146194 0.601421
28 0.952729 0.789333
29 0.721148 0.123495
30 0.961129 0.322402
31 0.314474 0.329653
32 0.287555 0.350125
33 0.660186 0.298959
34 0.491530 0.552647
35 0.214175 0.394487
36 0.665972 0.810638
37 0.458890 0.166712
38 0.431497 0.954934
39 0.136242 0.003337
40 0.137225 0.864243
41 0.054420 0.210486
42 0.705271 0.953773
43 0.736324 0.027654
44 0.881258 0.743191
45 0.455671 0.802354
46 0.134676 0.244035
47 0.141413 0.180369
48 0.090574 0.364750
49 0.221880 0.703568
50 0.168045 0.395739
51 0.727189 0.649697
52 0.051125 0.907352
53 0.871725 0.297143
54 0.724211 0.070488
55 0.898118 0.052573
56 0.066769 0.492497
57 0.179926 0.040476
58 0.421066 0.150304
59 0.452321 0.821023
60 0.121833 0.898227
61 0.708248 0.329671
62 0.363260 0.384729
63 0.426289 0.479929
64 0.048960 0.590110
65 0.673460 0.971548
66 0.060257 0.763086
67 0.238110 0.724251
68 0.424693 0.352759
69 0.541975 0.278141
70 0.539890 0.430018
71 0.607304 0.111933
72 0.706876 0.935819
73 0.138843 0.077222
74 0.890290 0.564846
75 0.936175 0.215297
76 0.954639 0.338683
77 0.833338 0.774756
78 0.060369 0.052483
79 0.994291 0.815250
80 0.735178 0.274640
81 0.956021 0.846242
82 0.325042 0.200319
83 0.725386 0.538647
84 0.162041 0.916324
85 0.195310 0.556530
86 0.061239 0.113214
87 0.970553 0.392227
88 0.647918 0.731089
89 0.104694 0.378716
90 0.756103 0.954529
91 0.076117 0.625126
92 0.011829 0.567784
93 0.788301 0.723455
94 0.662352 0.735527
95 0.720541 0.360669
96 0.256430 0.888777
97 0.352303 0.162748
98 0.481004 0.416098
99 0.637733 0.195902
100 0.316051 0.286923
101 0.616407 0.555010
102 0.682082 0.566894
103 0.212233 0.380527
104 0.923693 0.024317
105 0.894495 0.462443
106 0.797784 0.672396
107 0.153319 0.313528
108 0.116504 0.143618
109 0.676458 0.223988
110 0.832657 0.250695
111 0.705066 0.345765
112 0.149288 0.952729
113 0.293237 0.297130
114 0.185312 0.215759
115 0.099385 0.126816
116 0.835555 0.933608
117 0.897115 0.731851
118 0.726202 0.157983
119 0.209070 0.984360
120 0.585660 0.375990
121 0.339282 0.890004
122 0.925995 0.468787
123 0.607898 0.074358
124 0.661552 0.286810
125 0.776717 0.773386
126 0.179089 0.485052
127 0.494789 0.290344
128 0.417669 0.376100
129 0.090401 0.573799
130 0.716771 0.079175
131 0.189090 0.170080
132 0.547510 0.170147
133 0.446910 0.308384
134 0.754578 0.370526
135 0.153978 0.287872
136 0.605415 0.552687
137 0.585406 0.653485
138 0.768381 0.484076
139 0.755048 0.870826
140 0.662060 0.340364
141 0.043720 0.531995
142 0.211086 0.627319
143 0.490347 0.305145
144 0.733950 0.726003
145 0.892928 0.243990
146 0.444084 0.025974
147 0.419795 0.858726
148 0.184565 0.922166
149 0.785514 0.513415
150 0.264658 0.759296
151 0.882110 0.957027
152 0.079710 0.646192
153 0.745890 0.409083
154 0.275212 0.249490
155 0.304664 0.465402
156 0.803954 0.838592
157 0.553750 0.814763
158 0.059337 0.077686
159 0.427470 0.331567
160 0.956713 0.438274
161 0.161164 0.259189
162 0.091647 0.448716
163 0.767760 0.409235
164 0.363208 0.979840
165 0.867666 0.760771
166 0.356133 0.667691
167 0.759855 0.838412
168 0.382607 0.181136
169 0.027265 0.037631
170 0.877640 0.844976
171 0.560451 0.601801
172 0.635995 0.993464
173 0.130510 0.397826
174 0.328813 0.699659
175 0.545601 0.985908
176 0.844502 0.202778
177 0.984970 0.733809
178 0.261199 0.438733
179 0.320206 0.887175
180 0.105502 0.574805
181 0.699444 0.292825
182 0.447064 0.701427
183 0.126962 0.049292
184 0.146321 0.560401
185 0.243113 0.884268
186 0.352473 0.784913
187 0.456915 0.948608
188 0.070689 0.853286
189 0.115461 0.725224
190 0.846844 0.829609
191 0.093826 0.021703
192 0.097636 0.910365
193 0.666129 0.089408
194 0.870343 0.503108
195 0.931331 0.794613
196 0.620712 0.134268
197 0.471518 0.769123
198 0.276118 0.348600
199 0.522674 0.651794
200 0.148739 0.227025
201 0.917792 0.371951
202 0.348757 0.525136
203 0.650076 0.027994
204 0.682054 0.948114
205 0.950368 0.157837
206 0.829400 0.640561
207 0.139193 0.384518
208 0.320004 0.630917
209 0.432787 0.409524
210 0.184335 0.537494
211 0.957641 0.721909
212 0.199453 0.316794
213 0.459571 0.193047
214 0.324665 0.214668
215 0.580982 0.934833
216 0.266122 0.367002
217 0.123975 0.413458
218 0.106073 0.688999
219 0.417120 0.831334
220 0.585780 0.790746
221 0.760163 0.216554
222 0.940700 0.661679
223 0.933644 0.492236
224 0.152325 0.777626
225 0.929340 0.037398
226 0.103183 0.101560
227 0.382635 0.896478
228 0.399781 0.172778
229 0.669379 0.846410
230 0.562873 0.109121
231 0.267487 0.988152
232 0.875246 0.882989
233 0.777464 0.393810
234 0.424270 0.674288
235 0.946261 0.611049
236 0.779821 0.452052
237 0.145283 0.503193
238 0.307701 0.191408
239 0.016098 0.986462
240 0.334551 0.293659
241 0.416304 0.715023
242 0.252284 0.844631
243 0.373243 0.660058
244 0.178412 0.320108
245 0.484669 0.830813
246 0.973193 0.227003
247 0.093189 0.093574
248 0.255364 0.955101
249 0.605229 0.158799
250 0.525486 0.327144
251 0.897522 0.768919
252 0.134255 0.511851
253 0.914983 0.102597
254 0.247737 0.388013
255 0.061458 0.224253
256 0.612858 0.685702
257 0.773327 0.371438
258 0.924667 0.270974
259 0.615146 0.977429
260 0.848241 0.364331
261 0.157394 0.369551
262 0.299244 0.778121
263 0.423158 0.517431
264 0.718615 0.171710
265 0.895594 0.673957
266 0.569779 0.041391
267 0.060588 0.511607
268 0.075362 0.016039
269 0.760181 0.927867
270 0.112526 0.854411
271 0.442348 0.648580
272 0.467936 0.153526
273 0.402859 0.882069
274 0.866998 0.250321
275 0.639439 0.524535
276 0.324471 0.830733
277 0.719062 0.957746
278 0.762648 0.535056
279 0.239448 0.452231
280 0.992413 0.107861
281 0.958279 0.574840
282 0.903520 0.531916
283 0.757240 0.231738
284 0.231825 0.096597
285 0.665305 0.372051
286 0.139214 0.699864
287 0.997563 0.890414
288 0.944668 0.054784
289 0.055641 0.774909
290 0.650612 0.697539
291 0.796227 0.355526
292 0.485687 0.612643
293 0.075598 0.510148
294 0.421236 0.191182
295 0.743562 0.670264
296 0.207323 0.855557
297 0.039643 0.711244
298 0.566676 0.254644
299 0.757893 0.128429
300 0.912441 0.011987
301 0.621750 0.954818
302 0.891531 0.685402
303 0.815063 0.865579
304 0.411770 0.353055
305 0.060590 0.955726
306 0.146382 0.687074
307 0.746739 0.977781
308 0.475728 0.020567
309 0.851058 0.869278
310 0.429219 0.117703
311 0.623049 0.807319
312 0.941961 0.465473
313 0.503626 0.280377
314 0.605163 0.088856
315 0.271527 0.309388
316 0.436617 0.303340
317 0.287021 0.865290
318 0.040650 0.930421
319 0.227449 0.023324
320 0.274513 0.165961
321 0.714165 0.699244
322 0.674784 0.866962
323 0.977515 0.754923
324 0.632479 0.513492
325 0.515824 0.247164
326 0.614031 0.281563
327 0.886153 0.173457
328 0.390876 0.440112
329 0.819231 0.331102
330 0.737379 0.123131
331 0.075634 0.683269
332 0.984588 0.523391
333 0.783156 0.100586
334 0.742672 0.513668
335 0.880358 0.454825
336 0.649191 0.134714
337 0.608134 0.611717
338 0.776452 0.862970
339 0.093050 0.753263
340 0.306724 0.106929
341 0.752017 0.116868
342 0.604746 0.806871
343 0.013158 0.164969
344 0.501483 0.872042
345 0.529746 0.940491
346 0.435351 0.691844
347 0.056265 0.670569
348 0.750414 0.352945
349 0.575245 0.676080
350 0.383453 0.373544
351 0.720160 0.498508
352 0.780591 0.695987
353 0.662005 0.863009
354 0.673081 0.744694
355 0.898726 0.408300
356 0.269812 0.617050
357 0.333033 0.740237
358 0.929926 0.090456
359 0.358444 0.203611
360 0.484928 0.692632
361 0.913924 0.411796
362 0.076407 0.193503
363 0.209009 0.115755
364 0.969247 0.887387
365 0.816890 0.759458
366 0.095309 0.067721
367 0.895749 0.018420
368 0.857394 0.543365
369 0.984912 0.919188
370 0.166080 0.309984
371 0.004636 0.663914
372 0.603706 0.628931
373 0.475269 0.525110
374 0.142894 0.484549
375 0.176772 0.023573
376 0.123260 0.652457
377 0.242602 0.025979
378 0.998692 0.476717
379 0.548528 0.457498
380 0.584423 0.300457
381 0.917496 0.543122
382 0.408766 0.582470
383 0.076394 0.951443
384 0.642669 0.793682
385 0.552274 0.870698
386 0.093716 0.964668
387 0.308182 0.997123
388 0.731165 0.196700
389 0.362837 0.092820
390 0.680003 0.040492
391 0.591995 0.571276
392 0.064643 0.871542
393 0.112059 0.679286
394 0.508085 0.362926
395 0.943525 0.121664
396 0.970963 0.126254
397 0.770578 0.064577
398 0.018693 0.478363
399 0.022567 0.767998
400 0.341722 0.313843
401 0.634391 0.700263
402 0.486035 0.779876
403 0.868864 0.776481
404 0.570109 0.732169
405 0.515221 0.775043
406 0.277572 0.680717
407 0.101321 0.148294
408 0.266583 0.131946
409 0.216437 0.734197
410 0.008399 0.796116
411 0.954684 0.143378
412 0.143163 0.054984
413 0.683308 0.136470
414 0.646047 0.599352
415 0.745683 0.931097
416 0.942172 0.731424
417 0.207378 0.942432
418 0.328572 0.972102
419 0.403249 0.140119
420 0.125740 0.993185
421 0.765794 0.908816
422 0.902702 0.976062
423 0.319794 0.557345
424 0.794717 0.301309
425 0.341363 0.600536
426 0.403654 0.094732
427 0.777512 0.893735
428 0.837618 0.338717
429 0.517358 0.722043
430 0.565346 0.312976
431 0.875834 0.018162
432 0.943556 0.846196
433 0.191865 0.455860
434 0.187857 0.418332
435 0.628727 0.247131
436 0.089919 0.395732
437 0.503283 0.557216
438 0.291579 0.689814
439 0.878963 0.567152
440 0.378812 0.359179
441 0.617327 0.843118
442 0.051559 0.997970
443 0.330993 0.245336
444 0.817435 0.814214
445 0.389810 0.159311
446 0.984834 0.243585
447 0.050297 0.432098
448 0.340447 0.047491
449 0.557644 0.906429
450 0.571228 0.513921
451 0.923121 0.127448
452 0.611311 0.195444
453 0.783193 0.363987
454 0.858907 0.814612
455 0.221973 0.942997
456 0.808335 0.146887
457 0.846240 0.882550
458 0.599773 0.172922
459 0.731349 0.854270
460 0.741930 0.766012
461 0.826150 0.288177
462 0.820974 0.188614
463 0.615430 0.254176
464 0.980079 0.339923
465 0.778974 0.205281
466 0.432109 0.167838
467 0.370164 0.081477
468 0.015580 0.971043
469 0.300563 0.858797
470 0.929135 0.709138
471 0.192540 0.950201
472 0.685901 0.081254
473 0.631594 0.873126
474 0.383296 0.985425
475 0.454621 0.692393
476 0.531054 0.638767
477 0.665695 0.433397
478 0.406595 0.433922
479 0.750333 0.210779
480 0.566346 0.775029
481 0.563978 0.863022
482 0.209462 0.024626
483 0.092947 0.797751
484 0.765138 0.609557
485 0.131207 0.541302
486 0.931600 0.874896
487 0.433451 0.628427
488 0.184028 0.636979
489 0.973536 0.273948
490 0.156345 0.594618
491 0.278161 0.554281
492 0.802724 0.019155
493 0.289161 0.986124
494 0.216787 0.962349
495 0.798989 0.906220
496 0.201581 0.146757
497 0.027030 0.642143
498 0.991194 0.513113
499 0.230526 0.233971
3750
0 38
0 121
0 147
0 164
0 179
0 186
0 219
0 227
0 273
0 276
0 317
0 418
0 469
1 14
1 24
1 36
1 88
1 94
1 125
1 139
1 144
1 167
1 229
1 311
1 322
1 338
1 342
1 353
1 354
1 384
1 441
1 459
1 460
1 473
2 38
2 121
2 164
2 227
2 231
2 248
2 387
2 418
2 474
2 493
3 74
3 105
3 122
3 160
3 194
3 223
3 281
3 282
3 312
3 332
3 335
3 361
3 368
3 378
3 381
3 439
3 498
4 14
4 88
4 94
4 137
4 157
4 220
4 256
4 290
4 311
4 342
4 349
4 354
4 384
4 401
4 402
4 404
4 405
4 429
4 480
5 33
5 61
5 80
5 95
5 111
5 134
5 140
5 153
5 163
5 181
5 233
5 257
5 260
5 285
5 291
5 329
5 348
5 424
5 428
5 453
5 461
6 15
6 22
6 34
6 63
6 263
6 292
6 373
6 382
6 437
6 487
7 27
7 85
7 126
7 142
7 184
7 210
7 356
7 485
7 488
7 490
7 491
8 10
8 27
8 56
8 64
8 85
8 91
8 92
8 129
8 141
8 152
8 180
8 184
8 210
8 237
8 252
8 267
8 293
8 374
8 376
8 485
8 490
9 26
9 39
9 57
9 73
9 108
9 115
9 183
9 191
9 226
9 247
9 284
9 319
9 363
9 366
9 375
9 377
9 412
9 482
9 496
10 56
10 64
10 91
10 92
10 129
10 141
10 152
10 180
10 184
10 237
10 252
10 267
10 293
10 398
10 485
10 497
11 37
11 58
11 69
11 127
11 132
11 213
11 272
11 294
11 298
11 313
11 325
11 458
11 466
12 74
12 106
12 206
12 222
12 235
12 265
12 281
12 282
12 302
12 368
12 381
12 439
12 470
13 40
13 52
13 60
13 66
13 188
13 192
13 224
13 270
13 289
13 339
13 392
13 399
13 410
13 483
14 24
14 36
14 88
14 94
14 157
14 220
14 256
14 290
14 311
14 342
14 349
14 354
14 384
14 401
14 404
14 405
14 441
14 480
15 22
15 34
15 63
15 202
15 263
15 292
15 373
15 382
15 437
15 487
16 83
16 102
16 138
16 149
16 194
16 236
16 278
16 334
16 351
16 368
16 484
17 157
17 215
17 220
17 245
17 301
17 311
17 342
17 344
17 345
17 353
17 385
17 441
17 449
17 473
17 481
18 68
18 69
18 98
18 120
18 127
18 133
18 143
18 159
18 250
18 298
18 313
18 316
18 325
18 380
18 394
18 430
19 82
19 97
19 168
19 214
19 238
19 284
19 320
19 340
19 359
19 389
19 408
19 419
19 426
19 445
19 448
19 467
20 41
20 46
20 107
20 135
20 161
20 200
20 255
20 362
21 67
21 96
21 150
21 179
21 185
21 186
21 242
21 262
21 276
21 296
21 317
21 357
21 409
21 469
22 34
22 63
22 202
22 263
22 292
22 373
22 382
22 437
22 478
22 487
23 31
23 32
23 35
23 100
23 103
23 113
23 154
23 198
23 212
23 216
23 240
23 244
23 254
23 315
23 370
23 400
24 36
24 94
24 139
24 167
24 220
24 229
24 311
24 322
24 342
24 353
24 354
24 384
24 441
24 459
24 460
24 473
25 123
25 146
25 230
25 266
25 308
25 314
26 39
26 57
26 73
26 108
26 115
26 183
26 191
26 226
26 247
26 284
26 319
26 363
26 366
26 375
26 377
26 412
26 482
26 496
27 64
27 85
27 91
27 129
27 142
27 152
27 180
27 184
27 210
27 218
27 237
27 252
27 286
27 306
27 376
27 393
27 485
27 488
27 490
28 44
28 79
28 81
28 117
28 165
28 170
28 177
28 195
28 211
28 251
28 323
28 364
28 403
28 416
28 432
28 454
28 470
28 486
29 43
29 54
29 118
29 130
29 193
29 196
29 221
29 264
29 299
29 330
29 333
29 336
29 341
29 388
29 390
29 397
29 413
29 456
29 465
29 472
29 479
30 53
30 76
30 87
30 201
30 246
30 258
30 361
30 446
30 464
30 489
31 32
31 62
31 100
31 113
31 154
31 198
31 216
31 240
31 254
31 304
31 315
31 350
31 400
31 440
31 443
32 35
32 62
32 100
32 103
32 113
32 154
32 178
32 198
32 212
32 216
32 240
32 254
32 315
32 350
32 400
32 440
33 61
33 80
33 95
33 109
33 111
33 124
33 140
33 181
33 285
33 326
33 380
33 430
33 435
33 463
34 63
34 171
34 263
34 292
34 373
34 382
34 437
34 450
34 476
34 487
35 50
35 103
35 107
35 126
35 173
35 178
35 198
35 207
35 212
35 216
35 217
35 244
35 254
35 261
35 279
35 370
35 433
35 434
36 88
36 94
36 167
36 220
36 229
36 311
36 322
36 342
36 353
36 354
36 384
36 441
36 459
36 460
36 473
37 58
37 132
37 168
37 213
37 228
37 272
37 294
37 310
37 325
37 419
37 426
37 445
37 466
38 147
38 164
38 187
38 227
38 273
38 345
38 474
39 57
39 73
39 78
39 183
39 191
39 247
39 268
39 319
39 366
39 375
39 412
39 482
40 52
40 60
40 84
40 112
40 148
40 188
40 192
40 224
40 270
40 296
40 392
40 483
41 46
41 47
41 86
41 108
41 115
41 200
41 255
41 343
41 362
41 407
42 65
42 72
42 90
42 139
42 172
42 204
42 259
42 269
42 277
42 301
42 307
42 322
42 353
42 415
42 421
42 427
43 54
43 130
43 193
43 203
43 330
43 333
43 341
43 390
43 397
43 472
43 492
44 77
44 93
44 117
44 165
44 170
44 190
44 195
44 211
44 222
44 251
44 265
44 302
44 323
44 365
44 403
44 416
44 444
44 454
44 470
45 59
45 147
45 157
45 182
45 197
45 219
45 241
45 245
45 273
45 344
45 402
45 405
45 429
46 47
46 107
46 108
46 114
46 131
46 135
46 161
46 200
46 212
46 244
46 255
46 362
46 370
46 407
46 499
47 108
47 114
47 115
47 131
47 161
47 200
47 226
47 247
47 255
47 362
47 363
47 407
47 496
48 50
48 89
48 107
48 135
48 162
48 173
48 207
48 217
48 244
48 261
48 370
48 436
48 447
49 67
49 142
49 150
49 224
49 286
49 306
49 356
49 406
49 409
49 438
49 488
50 89
50 103
50 107
50 126
50 162
50 173
50 207
50 212
50 217
50 244
50 254
50 261
50 279
50 370
50 374
50 433
50 434
50 436
51 93
51 102
51 106
51 144
51 290
51 295
51 321
51 352
51 414
51 484
52 60
52 188
52 192
52 239
52 270
52 305
52 318
52 383
52 386
52 392
52 442
52 468
53 76
53 110
53 145
53 176
53 201
53 258
53 260
53 274
53 291
53 329
53 424
53 428
53 461
54 118
54 130
54 193
54 203
54 264
54 299
54 330
54 333
54 336
54 341
54 390
54 397
54 413
54 472
54 492
55 104
55 225
55 253
55 288
55 300
55 358
55 367
55 395
55 431
55 451
55 492
56 64
56 92
56 129
56 141
56 162
56 180
56 217
56 237
56 252
56 267
56 293
56 374
56 398
56 436
56 447
56 485
57 73
57 183
57 191
57 226
57 247
57 284
57 319
57 363
57 366
57 375
57 377
57 412
57 482
58 97
58 168
58 213
58 228
58 272
58 294
58 310
58 359
58 389
58 419
58 426
58 445
58 466
58 467
59 147
59 157
59 197
59 219
59 245
59 273
59 344
59 402
59 405
60 84
60 112
60 148
60 188
60 192
60 270
60 296
60 305
60 318
60 383
60 386
60 392
60 417
60 420
60 471
61 80
61 95
61 111
61 124
61 134
61 140
61 153
61 163
61 181
61 233
61 257
61 285
61 291
61 348
61 424
61 453
62 68
62 128
62 155
62 159
62 198
62 209
62 216
62 240
62 304
62 328
62 350
62 400
62 440
62 478
63 98
63 202
63 209
63 263
63 328
63 373
63 478
64 91
64 92
64 129
64 141
64 152
64 180
64 184
64 267
64 293
64 331
64 347
64 371
64 376
64 485
64 497
65 72
65 90
65 172
65 204
65 215
65 259
65 269
65 277
65 301
65 307
65 415
66 188
66 189
66 218
66 224
66 286
66 289
66 297
66 331
66 339
66 347
66 393
66 399
66 410
66 483
67 142
67 150
67 174
67 224
67 262
67 286
67 306
67 357
67 406
67 409
67 438
68 98
68 127
68 128
68 133
68 143
68 159
68 209
68 304
68 316
68 328
68 350
68 394
68 400
68 440
68 478
69 127
69 133
69 143
69 250
69 298
69 313
69 325
69 326
69 380
69 394
69 430
69 435
69 463
70 98
70 120
70 379
70 394
70 450
71 99
71 123
71 132
71 193
71 196
71 203
71 230
71 249
71 266
71 314
71 336
71 390
71 413
71 452
71 458
71 472
72 90
72 139
72 172
72 204
72 229
72 259
72 269
72 277
72 301
72 307
72 322
72 338
72 353
72 415
72 421
72 427
72 459
72 473
72 495
73 78
73 86
73 108
73 115
73 158
73 183
73 191
73 226
73 247
73 268
73 284
73 363
73 366
73 375
73 407
73 412
73 482
73 496
74 194
74 206
74 223
74 235
74 281
74 282
74 368
74 381
74 439
75 145
75 176
75 205
75 246
75 258
75 274
75 327
75 395
75 396
75 411
75 446
75 451
75 489
76 87
76 160
76 201
76 258
76 355
76 361
76 446
76 464
76 489
77 93
77 117
77 125
77 156
77 165
77 167
77 170
77 190
77 195
77 251
77 303
77 309
77 352
77 365
77 403
77 444
77 454
77 460
78 86
78 115
78 158
78 169
78 183
78 191
78 226
78 247
78 268
78 366
78 412
79 81
79 177
79 195
79 211
79 287
79 323
79 364
79 416
79 432
79 486
80 95
80 109
80 110
80 111
80 124
80 134
80 140
80 181
80 221
80 283
80 291
80 329
80 348
80 388
80 424
80 453
80 461
80 465
80 479
81 170
81 195
81 232
81 251
81 287
81 323
81 364
81 369
81 432
81 486
82 97
82 100
82 113
82 154
82 168
82 214
82 228
82 238
82 240
82 294
82 320
82 340
82 359
82 408
82 419
82 443
82 445
82 499
83 102
83 138
83 149
83 275
83 278
83 324
83 334
83 351
83 414
83 484
84 96
84 112
84 119
84 148
84 185
84 192
84 248
84 270
84 296
84 383
84 386
84 417
84 420
84 455
84 471
84 494
85 126
85 142
85 180
85 184
85 210
85 237
85 252
85 356
85 374
85 433
85 485
85 488
85 490
85 491
86 108
86 115
86 158
86 169
86 183
86 191
86 226
86 247
86 268
86 343
86 362
86 366
86 407
86 412
87 122
87 160
87 201
87 312
87 355
87 361
87 378
87 464
88 94
88 137
88 144
88 220
88 256
88 290
88 311
88 321
88 342
88 349
88 354
88 384
88 401
88 404
88 460
88 480
89 107
89 162
89 173
89 207
89 217
89 244
89 261
89 370
89 434
89 436
89 447
90 116
90 139
90 204
90 269
90 277
90 307
90 338
90 415
90 421
90 427
90 495
91 92
91 129
91 141
91 152
91 180
91 184
91 218
91 286
91 297
91 306
91 331
91 347
91 371
91 376
91 393
91 485
91 490
91 497
92 129
92 141
92 180
92 267
92 293
92 371
92 398
92 497
93 106
93 125
93 144
93 165
93 206
93 295
93 321
93 352
93 365
93 403
93 444
93 460
94 144
94 220
94 256
94 290
94 311
94 321
94 342
94 354
94 384
94 401
94 404
94 460
95 111
95 124
95 134
95 140
95 153
95 163
95 181
95 233
95 257
95 285
95 291
95 348
95 424
95 453
95 477
96 121
96 148
96 179
96 185
96 231
96 242
96 248
96 276
96 296
96 317
96 417
96 455
96 469
96 471
96 494
97 168
97 214
97 228
97 238
97 294
97 310
97 320
97 340
97 359
97 389
97 408
97 419
97 426
97 443
97 445
97 466
97 467
98 128
98 159
98 209
98 250
98 304
98 328
98 379
98 394
98 478
99 109
99 118
99 124
99 132
99 196
99 249
99 264
99 298
99 326
99 336
99 388
99 413
99 435
99 452
99 458
99 463
100 113
100 154
100 198
100 214
100 216
100 238
100 240
100 315
100 359
100 400
100 440
100 443
100 499
101 102
101 136
101 171
101 275
101 324
101 337
101 372
101 391
101 414
101 450
102 136
102 275
102 278
102 324
102 334
102 337
102 351
102 372
102 391
102 414
102 484
103 107
103 173
103 178
103 198
103 207
103 212
103 216
103 217
103 244
103 254
103 261
103 279
103 315
103 370
103 433
103 434
104 225
104 253
104 288
104 300
104 358
104 367
104 395
104 431
105 122
105 160
105 194
105 201
105 223
105 282
105 312
105 335
105 355
105 361
105 368
105 381
106 144
106 206
106 265
106 295
106 302
106 321
106 352
106 365
106 484
107 135
107 161
107 173
107 200
107 207
107 212
107 244
107 261
107 370
108 114
108 115
108 131
108 158
108 183
108 200
108 226
108 247
108 255
108 362
108 363
108 366
108 407
108 412
108 496
109 118
109 124
109 181
109 221
109 249
109 264
109 283
109 326
109 336
109 388
109 413
109 435
109 452
109 458
109 463
109 479
110 145
110 176
110 221
110 258
110 274
110 283
110 327
110 329
110 424
110 428
110 461
110 462
110 465
110 479
111 124
111 134
111 140
111 153
111 163
111 181
111 233
111 257
111 285
111 291
111 348
111 424
111 453
111 477
112 119
112 148
112 192
112 305
112 383
112 386
112 417
112 420
112 455
112 471
112 494
113 154
113 198
113 212
113 214
113 216
113 240
113 254
113 315
113 400
113 443
113 499
114 131
114 135
114 154
114 161
114 200
114 212
114 370
114 496
114 499
115 131
115 158
115 183
115 226
115 247
115 343
115 362
115 366
115 407
115 412
116 139
116 151
116 156
116 170
116 232
116 269
116 303
116 307
116 309
116 338
116 415
116 421
116 422
116 427
116 457
116 495
117 165
117 177
117 195
117 211
117 222
117 251
117 265
117 302
117 323
117 365
117 403
117 416
117 454
117 470
118 130
118 193
118 221
118 264
118 283
118 299
118 330
118 333
118 336
118 341
118 388
118 413
118 456
118 462
118 465
118 472
118 479
119 148
119 231
119 248
119 387
119 417
119 420
119 455
119 471
119 493
119 494
120 140
120 250
120 285
120 326
120 379
120 380
120 394
120 430
120 477
121 147
121 164
121 179
121 185
121 219
121 227
121 242
121 273
121 276
121 317
121 418
121 469
122 160
122 194
122 201
122 223
122 282
122 312
122 332
122 335
122 355
122 361
122 368
122 378
122 381
122 498
123 193
123 196
123 203
123 230
123 249
123 266
123 314
123 336
123 390
123 413
123 458
123 472
124 140
124 181
124 285
124 298
124 326
124 380
124 430
124 435
124 463
125 139
125 144
125 156
125 165
125 167
125 190
125 303
125 321
125 338
125 352
125 365
125 403
125 444
125 454
125 459
125 460
126 162
126 173
126 178
126 184
126 210
126 217
126 237
126 252
126 279
126 374
126 433
126 434
126 485
127 133
127 143
127 159
127 250
127 298
127 313
127 316
127 325
127 380
127 394
127 430
128 133
128 143
128 159
128 209
128 304
128 316
128 328
128 350
128 394
128 400
128 440
128 478
129 141
129 152
129 180
129 184
129 210
129 237
129 252
129 267
129 293
129 376
129 485
129 490
129 497
130 193
130 203
130 264
130 299
130 330
130 333
130 336
130 341
130 390
130 397
130 413
130 472
131 161
131 200
131 284
131 320
131 363
131 407
131 408
131 496
131 499
132 196
132 213
132 230
132 249
132 272
132 298
132 314
132 325
132 452
132 458
133 143
133 159
133 250
133 304
133 313
133 316
133 325
133 350
133 394
133 440
134 140
134 153
134 163
134 181
134 233
134 236
134 257
134 260
134 285
134 291
134 329
134 348
134 424
134 428
134 453
135 161
135 200
135 207
135 212
135 244
135 261
135 370
135 499
136 171
136 275
136 324
136 337
136 372
136 391
136 414
136 450
137 171
137 199
137 256
137 290
137 337
137 349
137 372
137 391
137 401
137 404
137 414
137 429
137 476
138 149
138 153
138 163
138 233
138 236
138 278
138 334
138 351
139 156
139 167
139 190
139 229
139 269
139 277
139 303
139 309
139 322
139 338
139 353
139 415
139 421
139 427
139 444
139 457
139 459
139 495
140 181
140 285
140 326
140 348
140 380
140 430
140 435
140 463
140 477
141 162
141 180
141 252
141 267
141 293
141 398
141 447
141 485
142 184
142 210
142 306
142 356
142 376
142 406
142 438
142 488
142 490
142 491
143 159
143 250
143 298
143 304
143 313
143 316
143 325
143 380
143 394
143 430
144 290
144 295
144 321
144 352
144 354
144 365
144 460
145 176
145 246
145 258
145 274
145 327
145 446
145 461
145 462
145 489
146 308
146 310
146 426
146 467
147 186
147 187
147 219
147 227
147 245
147 273
147 276
147 344
148 185
148 192
148 248
148 270
148 296
148 386
148 417
148 420
148 455
148 471
148 494
149 194
149 236
149 278
149 334
149 351
149 368
149 484
150 174
150 186
150 242
150 262
150 276
150 357
150 406
150 409
150 438
151 232
151 309
151 422
151 457
151 486
151 495
152 180
152 189
152 218
152 286
152 297
152 306
152 331
152 347
152 371
152 376
152 393
152 490
152 497
153 163
153 233
153 236
153 257
153 285
153 291
153 348
153 351
153 453
153 477
154 198
154 212
154 214
154 238
154 240
154 315
154 320
154 359
154 400
154 443
154 499
155 178
155 202
155 254
155 279
155 328
155 423
155 491
156 165
156 167
156 170
156 190
156 232
156 269
156 303
156 309
156 338
156 365
156 403
156 421
156 427
156 444
156 454
156 457
156 459
156 460
156 495
157 197
157 220
157 245
157 311
157 342
157 344
157 384
157 385
157 402
157 404
157 405
157 429
157 441
157 449
157 473
157 480
157 481
158 169
158 183
158 191
158 226
158 247
158 268
158 343
158 366
158 407
158 412
159 209
159 240
159 250
159 304
159 313
159 316
159 350
159 394
159 400
159 440
160 201
160 223
160 312
160 332
160 335
160 355
160 361
160 378
160 464
160 498
161 200
161 212
161 244
161 370
161 499
162 173
162 207
162 217
162 237
162 252
162 267
162 293
162 374
162 398
162 433
162 434
162 436
162 447
162 485
163 233
163 236
163 257
163 260
163 291
163 329
163 348
163 351
163 428
163 453
164 187
164 227
164 231
164 387
164 418
164 474
164 493
165 170
165 190
165 195
165 211
165 251
165 265
165 302
165 365
165 403
165 416
165 444
165 454
165 470
166 174
166 182
166 208
166 234
166 241
166 243
166 271
166 346
166 356
166 357
166 382
166 406
166 425
166 438
166 475
166 487
167 190
167 229
167 269
167 303
167 309
167 322
167 338
167 353
167 365
167 415
167 421
167 427
167 444
167 454
167 457
167 459
167 460
167 495
168 213
168 214
168 228
168 238
168 272
168 294
168 310
168 359
168 389
168 419
168 426
168 443
168 445
168 466
168 467
169 183
169 191
169 226
169 247
169 268
169 366
170 190
170 195
170 232
170 251
170 303
170 309
170 364
170 403
170 432
170 444
170 454
170 457
170 486
170 495
171 199
171 256
171 292
171 337
171 349
171 372
171 391
171 414
171 437
171 450
171 476
172 175
172 204
172 215
172 259
172 277
172 301
173 207
173 217
173 244
173 261
173 370
173 374
173 433
173 434
173 436
173 447
174 186
174 208
174 234
174 241
174 243
174 262
174 356
174 357
174 406
174 425
174 438
175 187
175 215
175 259
175 301
175 345
175 449
176 221
176 274
176 283
176 327
176 456
176 461
176 462
176 465
176 479
177 195
177 211
177 222
177 251
177 323
177 416
177 470
178 198
178 216
178 254
178 279
178 433
178 434
179 185
179 227
179 242
179 248
179 273
179 276
179 317
179 418
179 469
180 184
180 210
180 237
180 252
180 267
180 293
180 374
180 376
180 485
180 488
180 490
181 221
181 283
181 285
181 326
181 348
181 388
181 424
181 435
181 463
181 479
182 197
182 199
182 234
182 241
182 243
182 271
182 292
182 346
182 360
182 402
182 405
182 429
182 475
182 487
183 191
183 226
183 247
183 268
183 366
183 375
183 412
183 482
184 210
184 237
184 252
184 267
184 293
184 374
184 376
184 485
184 488
184 490
185 242
185 248
185 276
185 296
185 317
185 417
185 455
185 469
185 471
185 494
186 219
186 241
186 262
186 276
186 357
186 469
187 227
187 273
187 344
187 345
187 474
188 192
188 270
188 289
188 318
188 383
188 392
188 399
188 410
188 483
189 218
189 224
189 286
189 289
189 297
189 306
189 331
189 339
189 347
189 376
189 393
189 409
189 483
190 195
190 232
190 251
190 303
190 309
190 338
190 365
190 403
190 427
190 432
190 444
190 454
190 457
190 486
190 495
191 226
191 247
191 268
191 366
191 375
191 412
192 270
192 305
192 318
192 383
192 386
192 392
192 420
192 442
192 468
193 196
193 203
193 249
193 264
193 299
193 314
193 330
193 336
193 341
193 390
193 413
193 472
194 223
194 282
194 312
194 335
194 355
194 361
194 368
194 381
194 439
195 211
195 251
195 323
195 364
195 403
195 416
195 432
195 454
195 470
195 486
196 230
196 249
196 314
196 336
196 413
196 452
196 458
196 472
197 219
197 241
197 245
197 346
197 360
197 402
197 405
197 429
197 475
197 480
198 212
198 216
198 240
198 244
198 254
198 315
198 400
199 234
199 256
199 271
199 292
199 337
199 346
199 349
199 360
199 372
199 404
199 429
199 437
199 475
199 476
199 487
200 244
200 255
200 362
200 370
200 407
200 496
200 499
201 258
201 260
201 312
201 335
201 355
201 361
201 428
201 464
202 263
202 328
202 382
202 423
202 425
202 491
203 266
203 314
203 390
203 472
204 215
204 259
204 269
204 277
204 301
204 307
204 322
204 353
204 415
204 421
204 473
205 246
205 253
205 280
205 327
205 358
205 395
205 396
205 411
205 446
205 451
206 265
206 295
206 302
206 352
206 368
206 439
206 484
207 212
207 217
207 244
207 261
207 370
207 374
207 433
207 434
207 436
207 447
208 243
208 356
208 382
208 406
208 423
208 425
208 438
208 491
209 304
209 328
209 350
209 394
209 440
209 478
210 237
210 252
210 279
210 374
210 433
210 485
210 488
210 490
210 491
211 222
211 251
211 265
211 302
211 323
211 416
211 470
212 216
212 244
212 254
212 261
212 315
212 370
212 499
213 228
213 272
213 294
213 310
213 313
213 325
213 359
213 419
213 445
213 466
214 228
214 238
214 240
214 294
214 320
214 359
214 400
214 408
214 443
214 445
214 499
215 259
215 301
215 344
215 345
215 385
215 441
215 449
215 473
215 481
216 240
216 244
216 254
216 279
216 315
216 400
216 434
217 237
217 252
217 261
217 374
217 433
217 434
217 436
217 447
218 224
218 286
218 289
218 297
218 306
218 331
218 339
218 347
218 376
218 393
218 488
218 497
219 227
219 245
219 273
219 276
219 344
219 402
220 229
220 311
220 342
220 354
220 384
220 385
220 402
220 404
220 405
220 429
220 441
220 473
220 480
220 481
221 264
221 283
221 299
221 330
221 341
221 388
221 424
221 456
221 461
221 462
221 465
221 479
222 235
222 265
222 281
222 302
222 323
222 416
222 470
223 281
223 282
223 312
223 332
223 335
223 355
223 361
223 368
223 378
223 381
223 439
223 498
224 270
224 286
224 289
224 296
224 306
224 339
224 409
224 483
225 253
225 280
225 288
225 300
225 358
225 367
225 395
225 396
225 431
225 451
226 247
226 268
226 362
226 366
226 407
226 412
227 273
227 276
227 317
227 418
227 469
227 474
228 238
228 272
228 294
228 310
228 359
228 389
228 419
228 426
228 443
228 445
228 466
228 467
229 311
229 322
229 342
229 353
229 354
229 384
229 441
229 459
229 473
230 249
230 266
230 314
230 336
230 452
230 458
231 248
231 387
231 417
231 418
231 455
231 471
231 493
231 494
232 303
232 309
232 338
232 364
232 422
232 427
232 432
232 444
232 454
232 457
232 486
232 495
233 236
233 257
233 260
233 291
233 329
233 348
233 424
233 428
233 453
234 241
234 243
234 271
234 292
234 346
234 360
234 382
234 475
234 487
235 265
235 281
235 282
235 302
235 332
235 381
235 439
235 470
236 257
236 278
236 291
236 334
236 335
236 351
236 453
237 252
237 267
237 293
237 374
237 433
237 434
237 485
237 490
238 320
238 340
238 359
238 408
238 443
238 445
238 499
239 305
239 318
239 383
239 386
239 442
239 468
240 304
240 315
240 350
240 359
240 400
240 440
240 443
241 243
241 271
241 346
241 357
241 360
241 402
241 429
241 475
241 487
242 262
242 276
242 296
242 317
242 469
243 271
243 346
243 357
243 382
243 406
243 425
243 438
243 475
243 487
244 254
244 261
244 315
244 370
244 434
244 499
245 273
245 344
245 385
245 402
245 405
245 480
245 481
246 258
246 396
246 411
246 446
246 489
247 268
247 362
247 366
247 407
247 412
248 317
248 387
248 417
248 418
248 455
248 471
248 493
248 494
249 314
249 336
249 413
249 435
249 452
249 458
249 463
250 298
250 313
250 316
250 325
250 326
250 380
250 394
250 430
251 265
251 302
251 323
251 365
251 403
251 416
251 432
251 444
251 454
251 470
252 267
252 293
252 374
252 433
252 485
252 490
253 280
253 288
253 300
253 327
253 358
253 367
253 395
253 396
253 411
253 431
253 451
254 261
254 279
254 315
254 433
254 434
255 343
255 362
255 407
256 290
256 337
256 349
256 354
256 372
256 401
256 404
256 414
256 476
256 480
257 260
257 291
257 329
257 348
257 424
257 428
257 453
257 461
258 274
258 446
258 461
258 464
258 489
259 301
259 345
259 449
260 291
260 329
260 335
260 348
260 355
260 361
260 424
260 428
260 453
260 461
261 370
261 433
261 434
261 436
262 276
262 317
262 357
262 406
262 409
262 438
262 469
263 328
263 373
263 382
263 437
263 478
264 283
264 299
264 330
264 333
264 336
264 341
264 388
264 413
264 456
264 465
264 472
264 479
265 302
265 416
265 470
266 308
266 314
267 293
267 374
267 398
267 447
267 485
268 366
268 375
268 412
269 277
269 303
269 307
269 338
269 415
269 421
269 427
269 457
269 459
269 495
270 289
270 296
270 392
270 483
271 292
271 346
271 360
271 382
271 475
271 476
271 487
272 294
272 310
272 419
272 426
272 445
272 466
273 276
273 344
274 327
274 329
274 424
274 428
274 461
274 462
274 465
275 324
275 337
275 351
275 391
275 414
275 450
275 477
276 317
276 357
276 469
277 301
277 307
277 322
277 415
277 421
277 427
277 495
278 334
278 351
278 368
278 484
279 374
279 433
279 434
280 288
280 358
280 395
280 396
280 411
280 451
281 282
281 332
281 381
281 439
281 498
282 312
282 332
282 335
282 368
282 381
282 439
282 498
283 388
283 424
283 456
283 461
283 462
283 465
283 479
284 319
284 320
284 340
284 363
284 375
284 377
284 408
284 412
284 482
284 496
285 348
285 477
286 297
286 306
286 331
286 339
286 347
286 376
286 393
286 409
286 488
287 364
287 369
287 432
287 486
288 300
288 358
288 367
288 395
288 396
288 411
288 431
288 451
289 297
289 331
289 339
289 392
289 399
289 410
289 483
290 295
290 321
290 337
290 349
290 354
290 372
290 384
290 401
290 404
290 414
291 329
291 348
291 424
291 428
291 453
291 461
292 346
292 360
292 373
292 382
292 437
292 475
292 476
292 487
293 374
293 398
293 447
293 485
294 310
294 359
294 419
294 426
294 445
294 466
295 321
295 352
295 460
295 484
296 317
296 417
296 455
296 469
296 471
297 331
297 339
297 347
297 371
297 393
297 399
297 410
297 483
297 497
298 313
298 325
298 326
298 380
298 430
298 435
298 452
298 458
298 463
299 330
299 333
299 341
299 388
299 397
299 413
299 456
299 462
299 465
299 472
299 479
300 358
300 367
300 431
301 345
301 353
301 449
301 473
302 403
302 416
302 470
303 309
303 338
303 415
303 421
303 427
303 444
303 454
303 457
303 459
303 495
304 316
304 328
304 350
304 394
304 400
304 440
304 478
305 318
305 383
305 386
305 392
305 420
305 442
305 468
306 331
306 339
306 347
306 376
306 393
306 409
306 488
306 490
307 415
307 421
307 427
307 495
309 338
309 403
309 421
309 427
309 432
309 444
309 454
309 457
309 486
309 495
310 389
310 419
310 426
310 445
310 466
310 467
311 322
311 342
311 353
311 354
311 384
311 385
311 404
311 441
311 473
311 480
311 481
312 332
312 335
312 355
312 361
312 378
312 381
312 498
313 316
313 325
313 380
313 394
313 430
314 336
314 390
314 413
314 458
314 472
315 400
315 443
315 499
316 325
316 350
316 394
316 400
316 440
317 455
317 469
318 383
318 386
318 392
318 442
318 468
319 363
319 375
319 377
319 412
319 482
320 340
320 359
320 363
320 408
320 443
320 496
320 499
321 352
321 354
321 401
321 460
322 338
322 342
322 353
322 384
322 415
322 421
322 441
322 459
322 473
323 416
323 432
323 470
324 337
324 351
324 379
324 391
324 414
324 450
324 477
325 380
325 430
325 463
326 380
326 430
326 435
326 452
326 463
327 358
327 395
327 396
327 411
327 451
327 456
327 462
328 350
328 440
328 478
329 348
329 424
329 428
329 453
329 461
330 333
330 336
330 341
330 388
330 390
330 397
330 413
330 456
330 465
330 472
330 479
331 339
331 347
331 371
331 376
331 393
331 399
331 497
332 378
332 381
332 498
333 341
333 397
333 456
333 462
333 472
333 492
334 351
334 484
335 355
335 361
335 368
335 381
336 390
336 413
336 452
336 458
336 472
337 349
337 372
337 391
337 401
337 414
337 476
338 415
338 421
338 427
338 444
338 454
338 457
338 459
338 495
339 347
339 393
339 399
339 410
339 483
340 363
340 389
340 408
340 419
340 426
340 445
340 448
340 467
341 388
341 397
341 413
341 456
341 462
341 465
341 472
341 479
342 353
342 354
342 384
342 385
342 404
342 405
342 441
342 473
342 480
342 481
343 362
343 407
344 345
344 385
344 402
344 405
344 449
344 481
345 385
345 449
345 481
346 360
346 402
346 429
346 475
346 487
347 371
347 376
347 393
347 497
348 424
348 428
348 453
348 461
349 360
349 372
349 401
349 404
349 429
349 476
349 480
350 400
350 440
350 478
351 477
352 365
352 460
352 484
353 384
353 441
353 459
353 473
353 481
354 384
354 401
354 460
355 361
355 428
356 406
356 423
356 425
356 438
356 488
356 491
357 406
357 438
358 367
358 395
358 396
358 411
358 431
358 451
359 419
359 443
359 445
359 466
360 402
360 404
360 405
360 429
360 475
360 476
360 487
361 464
362 407
363 375
363 377
363 408
363 412
363 482
363 496
364 369
364 432
364 486
365 403
365 444
365 454
365 460
366 375
366 407
366 412
367 431
367 492
368 381
368 439
369 422
369 432
369 486
370 499
371 497
372 391
372 401
372 414
372 476
373 379
373 382
373 437
373 450
374 433
374 434
374 485
375 377
375 412
375 482
376 393
376 488
376 490
376 497
377 448
377 482
378 498
379 450
380 394
380 430
380 435
380 463
381 439
381 498
382 423
382 425
382 437
382 487
383 386
383 392
383 420
383 442
383 468
384 401
384 404
384 441
384 473
384 480
385 441
385 449
385 473
385 480
385 481
386 392
386 420
386 442
386 468
386 471
387 418
387 455
387 474
387 493
387 494
388 413
388 456
388 462
388 465
388 479
389 419
389 426
389 445
389 448
389 467
390 397
390 413
390 472
391 414
391 437
391 450
391 476
392 410
392 483
393 488
393 490
393 497
394 430
395 396
395 411
395 451
396 411
396 451
397 456
397 472
397 492
398 447
399 410
399 483
400 440
400 443
401 404
401 414
401 480
402 404
402 405
402 429
402 475
402 480
403 416
403 444
403 454
403 470
404 405
404 429
404 476
404 480
405 429
405 480
405 481
406 409
406 438
407 496
408 496
409 438
410 483
411 451
412 482
413 452
413 458
413 472
413 479
415 421
415 427
415 459
415 495
416 470
417 420
417 455
417 471
417 493
417 494
418 474
418 493
419 426
419 445
419 466
419 467
420 442
420 471
420 494
421 427
421 457
421 459
421 495
423 425
423 491
424 428
424 453
424 461
424 465
424 479
425 487
425 491
426 445
426 448
426 466
426 467
427 444
427 457
427 459
427 495
428 453
428 461
429 475
429 476
429 480
430 435
430 463
431 492
432 454
432 486
433 434
434 436
435 452
435 458
435 463
436 447
437 450
437 476
437 487
440 478
441 449
441 473
441 480
441 481
442 468
443 499
444 454
444 457
444 459
444 460
444 495
445 466
445 467
446 464
446 489
448 467
449 473
449 481
452 458
452 463
453 461
454 457
454 486
455 471
455 493
455 494
456 462
456 465
456 479
457 486
457 495
458 463
459 460
459 473
459 495
461 462
461 465
462 465
462 479
464 489
465 479
471 494
473 481
474 493
475 476
475 487
476 487
480 481
485 490
488 490
493 494
496 499
