500
0 0.616448 0.118194
1 0.001723 0.845050
2 0.335437 0.734886
3 0.152464 0.283264
4 0.233126 0.540077
5 0.786343 0.496879
6 0.179379 0.951041
7 0.022856 0.549628
8 0.289193 0.717763
9 0.195161 0.316893
10 0.355063 0.361816
11 0.140703 0.171374
12 0.839124 0.421632
13 0.540996 0.713206
14 0.324024 0.222711
15 0.210039 0.564333
16 0.205282 0.189147
17 0.005194 0.060419
18 0.322902 0.291970
19 0.340070 0.268306
20 0.176330 0.090137
21 0.115839 0.133005
22 0.344357 0.961618
23 0.255591 0.715437
24 0.740371 0.544874
25 0.925733 0.420597
26 0.373410 0.115116
27 0.959127 0.835577
28 0.356723 0.605101
29 0.956546 0.297825
30 0.008132 0.246805
31 0.036206 0.596264
32 0.020235 0.358175
33 0.225557 0.271365
34 0.843562 0.628276
35 0.045154 0.824998
36 0.622053 0.364462
37 0.921369 0.776854
38 0.247795 0.556845
39 0.682844 0.911464
40 0.360735 0.288164
41 0.545027 0.248325
42 0.409109 0.971260
43 0.667777 0.237345
44 0.207637 0.131715
45 0.582931 0.432823
46 0.783071 0.969827
47 0.531929 0.431396
48 0.680451 0.733916
49 0.027952 0.172850
50 0.318498 0.016094
51 0.762745 0.797437
52 0.428824 0.441952
53 0.315168 0.129309
54 0.091208 0.867243
55 0.986709 0.512903
56 0.385961 0.117462
57 0.488608 0.167588
58 0.224444 0.510368
59 0.135873 0.445627
60 0.490099 0.886803
61 0.665430 0.379450
62 0.224884 0.641778
63 0.788773 0.686504
64 0.229788 0.295679
65 0.113920 0.963382
66 0.113159 0.474481
67 0.127127 0.145689
68 0.516856 0.778282
69 0.511739 0.436060
70 0.977758 0.909018
71 0.199718 0.809990
72 0.640991 0.601098
73 0.200798 0.897587
74 0.831243 0.352791
75 0.434880 0.509116
76 0.309823 0.691548
77 0.505202 0.323156
78 0.897687 0.723049
79 0.592980 0.288423
80 0.028424 0.011607
81 0.428627 0.103801
82 0.710219 0.418679
83 0.600315 0.735829
84 0.322141 0.386562
85 0.297580 0.308887
86 0.647600 0.295975
87 0.955816 0.860545
88 0.556640 0.949069
89 0.166913 0.392998
90 0.788736 0.933515
91 0.651985 0.371282
92 0.054016 0.319875
93 0.214019 0.721335
94 0.801444 0.451590
95 0.894458 0.206841
96 0.318091 0.326069
97 0.132422 0.559527
98 0.410533 0.379982
99 0.500552 0.268007
100 0.750912 0.796954
101 0.463243 0.201431
102 0.991339 0.592506
103 0.195481 0.977766
104 0.751398 0.526583
105 0.953569 0.035412
106 0.745922 0.498016
107 0.758975 0.492320
108 0.545190 0.278556
109 0.495510 0.181686
110 0.936408 0.892059
111 0.615440 0.052874
112 0.740693 0.126361
113 0.881952 0.092596
114 0.211402 0.708093
115 0.644891 0.570134
116 0.895988 0.156475
117 0.971997 0.495320
118 0.950473 0.728890
119 0.266807 0.519505
120 0.898689 0.979655
121 0.073044 0.822364
122 0.657242 0.476269
123 0.581641 0.507763
124 0.217833 0.372655
125 0.990322 0.079772
126 0.902981 0.102344
127 0.530718 0.898995
128 0.166865 0.799304
129 0.674284 0.129739
130 0.755805 0.580167
131 0.113811 0.528249
132 0.012093 0.010402
133 0.733529 0.110215
134 0.823492 0.937675
135 0.002551 0.822050
136 0.767119 0.702949
137 0.720770 0.116852
138 0.943287 0.580054
139 0.376594 0.295287
140 0.920362 0.006220
141 0.209745 0.054987
142 0.558334 0.592004
143 0.346758 0.789318
144 0.917683 0.428940
145 0.388126 0.502011
146 0.437646 0.354874
147 0.194171 0.361366
148 0.576782 0.259752
149 0.516185 0.856218
150 0.148787 0.218780
151 0.549988 0.235578
152 0.657790 0.225197
153 0.451024 0.414846
154 0.039875 0.561493
155 0.343236 0.813710
156 0.351423 0.395807
157 0.378390 0.654329
158 0.109840 0.019268
159 0.958199 0.093112
160 0.188572 0.250462
161 0.318473 0.185414
162 0.395832 0.924766
163 0.292733 0.089641
164 0.125247 0.059159
165 0.222096 0.105800
166 0.756682 0.237221
167 0.658935 0.113189
168 0.806786 0.994371
169 0.723712 0.722957
170 0.181331 0.500018
171 0.717561 0.993455
172 0.265229 0.631127
173 0.867596 0.869776
174 0.001124 0.610822
175 0.887602 0.603640
176 0.553764 0.745988
177 0.634886 0.439436
178 0.922431 0.279704
179 0.072149 0.575065
180 0.259268 0.786074
181 0.593908 0.982850
182 0.587029 0.941243
183 0.883507 0.192116
184 0.938113 0.762358
185 0.675881 0.302887
186 0.201030 0.910758
187 0.730251 0.244595
188 0.375254 0.738783
189 0.668453 0.650141
190 0.774564 0.889289
191 0.496488 0.973431
192 0.943790 0.629477
193 0.954450 0.233542
194 0.554231 0.317724
195 0.302281 0.246152
196 0.846611 0.063742
197 0.329480 0.672579
198 0.011734 0.377750
199 0.088779 0.467763
200 0.751565 0.620946
201 0.096999 0.340748
202 0.147208 0.367423
203 0.520682 0.654694
204 0.875334 0.366762
205 0.169780 0.788173
206 0.760872 0.656886
207 0.959575 0.355498
208 0.631335 0.518392
209 0.869201 0.841034
210 0.446916 0.384371
211 0.324516 0.140939
212 0.720564 0.523900
213 0.363754 0.225486
214 0.313512 0.302662
215 0.906315 0.636136
216 0.794265 0.090834
217 0.938179 0.813692
218 0.682879 0.436160
219 0.451882 0.317417
220 0.067351 0.949280
221 0.534633 0.839656
222 0.275285 0.458716
223 0.085065 0.546536
224 0.511476 0.384510
225 0.257300 0.682496
226 0.630910 0.952384
227 0.880382 0.564916
228 0.506659 0.824374
229 0.781846 0.064814
230 0.773468 0.957246
231 0.156053 0.420565
232 0.080379 0.016607
233 0.861129 0.763828
234 0.369491 0.472477
235 0.802734 0.050332
236 0.113034 0.581183
237 0.368559 0.182913
238 0.887193 0.818792
239 0.214366 0.990152
240 0.138676 0.972900
241 0.570538 0.381213
242 0.508805 0.022446
243 0.619933 0.139328
244 0.569355 0.408971
245 0.800306 0.630930
246 0.005801 0.627755
247 0.826010 0.409296
248 0.107972 0.046255
249 0.392430 0.620524
250 0.575238 0.780021
251 0.692697 0.397052
252 0.178081 0.292704
253 0.176887 0.305871
254 0.927872 0.030225
255 0.293268 0.957284
256 0.122866 0.205984
257 0.771680 0.411714
258 0.159145 0.129000
259 0.799191 0.476119
260 0.175845 0.936579
261 0.315971 0.844081
262 0.059552 0.033293
263 0.627227 0.056605
264 0.452617 0.931254
265 0.401740 0.300863
266 0.178096 0.220623
267 0.059172 0.530267
268 0.189660 0.714116
269 0.514690 0.732194
270 0.716797 0.651952
271 0.341365 0.923657
272 0.415701 0.996977
273 0.936039 0.360069
274 0.404855 0.449711
275 0.328317 0.701505
276 0.052041 0.018093
277 0.234297 0.381871
278 0.482043 0.243265
279 0.449784 0.708578
280 0.908113 0.730586
281 0.702157 0.283833
282 0.055280 0.464196
283 0.635731 0.183360
284 0.139903 0.493761
285 0.692368 0.954350
286 0.097376 0.973678
287 0.267227 0.901672
288 0.008723 0.207827
289 0.669013 0.319828
290 0.966813 0.307093
291 0.094689 0.297904
292 0.944249 0.302207
293 0.040572 0.475700
294 0.577510 0.071067
295 0.314879 0.661487
296 0.165719 0.237573
297 0.091202 0.535283
298 0.597441 0.278051
299 0.248064 0.756293
300 0.365211 0.431776
301 0.576620 0.669124
302 0.305038 0.653627
303 0.306727 0.460596
304 0.206893 0.769815
305 0.982273 0.201691
306 0.197270 0.275255
307 0.646163 0.108016
308 0.241365 0.728675
309 0.973329 0.562659
310 0.546073 0.797789
311 0.322580 0.432559
312 0.035613 0.505733
313 0.787766 0.949861
314 0.530487 0.582527
315 0.901055 0.534373
316 0.877087 0.699279
317 0.232205 0.476664
318 0.521252 0.697623
319 0.299377 0.114587
320 0.963614 0.717781
321 0.576240 0.803407
322 0.141001 0.800713
323 0.914752 0.808728
324 0.050569 0.365016
325 0.057780 0.175351
326 0.761380 0.048665
327 0.492288 0.554110
328 0.404142 0.251955
329 0.082038 0.448446
330 0.486898 0.714675
331 0.753449 0.106335
332 0.433037 0.234319
333 0.334334 0.538222
334 0.688051 0.408742
335 0.736237 0.644905
336 0.203121 0.587608
337 0.264185 0.877633
338 0.305043 0.394904
339 0.804350 0.563045
340 0.328477 0.881388
341 0.773953 0.573377
342 0.410968 0.429302
343 0.882741 0.851500
344 0.951677 0.410690
345 0.962724 0.952612
346 0.262023 0.820635
347 0.416617 0.528749
348 0.166767 0.864041
349 0.329825 0.367479
350 0.986420 0.002282
351 0.144262 0.033552
352 0.532447 0.523921
353 0.954189 0.766497
354 0.832216 0.507195
355 0.450546 0.583409
356 0.109406 0.438373
357 0.490029 0.154371
358 0.510831 0.409807
359 0.734180 0.890063
360 0.354033 0.950071
361 0.559329 0.018428
362 0.193880 0.016124
363 0.874305 0.662414
364 0.222931 0.418195
365 0.304356 0.446884
366 0.109067 0.378498
367 0.977076 0.961953
368 0.327215 0.626073
369 0.223968 0.146119
370 0.774635 0.876401
371 0.203711 0.639493
372 0.089382 0.226503
373 0.107525 0.827652
374 0.012299 0.097305
375 0.461396 0.090968
376 0.006046 0.129559
377 0.839670 0.775893
378 0.702290 0.788211
379 0.354224 0.524390
380 0.293856 0.406582
381 0.376231 0.610494
382 0.352364 0.690593
383 0.993310 0.628063
384 0.856037 0.911796
385 0.240290 0.605239
386 0.372000 0.717667
387 0.428504 0.399082
388 0.911011 0.964322
389 0.883077 0.806023
390 0.272028 0.371245
391 0.005793 0.716525
392 0.044288 0.762813
393 0.158617 0.204786
394 0.611596 0.841116
395 0.754764 0.150423
396 0.978235 0.536778
397 0.642579 0.359603
398 0.669899 0.718696
399 0.899141 0.554802
400 0.935197 0.789098
401 0.511485 0.596283
402 0.865664 0.976179
403 0.847822 0.737035
404 0.298543 0.524694
405 0.251779 0.306328
406 0.666421 0.696159
407 0.632763 0.194414
408 0.438169 0.066345
409 0.003458 0.497694
410 0.966477 0.610722
411 0.312779 0.221949
412 0.957784 0.146212
413 0.887102 0.281856
414 0.391469 0.940135
415 0.577015 0.316037
416 0.718586 0.056257
417 0.599771 0.226928
418 0.812216 0.142923
419 0.021527 0.714637
420 0.793976 0.436263
421 0.699581 0.931944
422 0.939669 0.396756
423 0.002749 0.235365
424 0.569054 0.215399
425 0.284043 0.752604
426 0.458310 0.742968
427 0.138639 0.298739
428 0.645578 0.145348
429 0.785799 0.791989
430 0.126785 0.478425
431 0.976448 0.850133
432 0.549557 0.670346
433 0.046415 0.780036
434 0.860892 0.684182
435 0.439836 0.822909
436 0.891085 0.355973
437 0.801569 0.876299
438 0.014712 0.771898
439 0.469726 0.360186
440 0.069622 0.925915
441 0.774447 0.807431
442 0.073968 0.044984
443 0.438627 0.002244
444 0.928546 0.486395
445 0.647530 0.677459
446 0.343311 0.103344
447 0.997751 0.699116
448 0.433434 0.917903
449 0.638566 0.933448
450 0.923395 0.222737
451 0.052453 0.539218
452 0.922040 0.296438
453 0.086655 0.257467
454 0.787191 0.762016
455 0.043898 0.381076
456 0.685290 0.244131
457 0.867968 0.478137
458 0.069762 0.387805
459 0.718573 0.615997
460 0.451167 0.489893
461 0.512869 0.964278
462 0.389568 0.471791
463 0.837903 0.612741
464 0.203493 0.794410
465 0.255835 0.205698
466 0.943515 0.517749
467 0.092867 0.190455
468 0.880199 0.211429
469 0.097113 0.280993
470 0.683572 0.826229
471 0.336624 0.190682
472 0.136659 0.076610
473 0.657112 0.134382
474 0.557198 0.775972
475 0.931430 0.613534
476 0.084418 0.639589
477 0.787704 0.866114
478 0.196131 0.857413
479 0.539190 0.591190
480 0.358263 0.904119
481 0.667753 0.828882
482 0.450273 0.267033
483 0.141850 0.914886
484 0.351467 0.115759
485 0.582388 0.297560
486 0.818918 0.508405
487 0.520294 0.229464
488 0.308566 0.816035
489 0.563735 0.616550
490 0.122567 0.506844
491 0.649330 0.760933
492 0.099022 0.919140
493 0.818896 0.311951
494 0.391935 0.280302
495 0.055797 0.235240
496 0.421216 0.253739
497 0.200311 0.418457
498 0.734076 0.182458
499 0.339378 0.639332
3000
0 111
0 129
0 167
0 243
0 263
0 283
0 294
0 307
0 407
0 428
0 473
1 35
1 121
1 135
1 433
1 438
2 8
2 23
2 76
2 143
2 155
2 188
2 197
2 275
2 295
2 299
2 302
2 382
2 386
2 425
2 488
3 9
3 33
3 64
3 147
3 150
3 160
3 201
3 202
3 252
3 253
3 256
3 266
3 291
3 296
3 306
3 372
3 393
3 427
3 453
3 469
4 15
4 38
4 58
4 119
4 170
4 317
4 336
4 385
4 404
5 24
5 94
5 104
5 106
5 107
5 130
5 212
5 257
5 259
5 339
5 341
5 354
5 420
5 457
5 486
6 65
6 73
6 103
6 186
6 239
6 240
6 260
6 286
6 348
6 483
6 492
7 31
7 154
7 174
7 179
7 223
7 246
7 267
7 293
7 297
7 312
7 409
7 451
8 23
8 76
8 93
8 114
8 172
8 180
8 188
8 197
8 225
8 275
8 295
8 299
8 302
8 308
8 382
8 386
8 425
9 33
9 64
9 89
9 124
9 147
9 160
9 202
9 252
9 253
9 277
9 296
9 306
9 405
9 427
10 18
10 40
10 84
10 85
10 96
10 98
10 139
10 146
10 156
10 214
10 265
10 300
10 311
10 338
10 342
10 349
10 380
10 387
10 390
10 494
11 16
11 20
11 21
11 44
11 67
11 150
11 256
11 258
11 266
11 296
11 325
11 369
11 372
11 393
11 467
12 25
12 74
12 94
12 144
12 204
12 247
12 257
12 259
12 354
12 420
12 436
12 457
12 486
13 68
13 83
13 176
13 203
13 250
13 269
13 301
13 310
13 318
13 330
13 426
13 432
13 474
14 18
14 19
14 40
14 85
14 139
14 161
14 195
14 211
14 213
14 214
14 237
14 328
14 411
14 465
14 471
14 494
15 38
15 58
15 62
15 97
15 119
15 170
15 172
15 317
15 336
15 371
15 385
16 33
16 44
16 67
16 150
16 160
16 165
16 256
16 258
16 266
16 296
16 306
16 369
16 393
16 465
17 80
17 132
17 232
17 262
17 276
17 374
17 376
17 442
18 19
18 40
18 85
18 96
18 139
18 195
18 213
18 214
18 265
18 349
18 405
18 411
18 494
19 40
19 85
19 96
19 139
19 161
19 195
19 213
19 214
19 237
19 265
19 328
19 411
19 471
19 494
19 496
20 21
20 44
20 67
20 141
20 164
20 165
20 248
20 258
20 351
20 362
20 369
20 472
21 67
21 164
21 248
21 256
21 258
21 325
21 393
21 467
21 472
22 42
22 162
22 255
22 271
22 272
22 340
22 360
22 414
22 480
23 62
23 76
23 93
23 114
23 172
23 180
23 197
23 225
23 268
23 275
23 295
23 299
23 302
23 304
23 308
23 425
24 104
24 106
24 107
24 130
24 200
24 212
24 259
24 339
24 341
24 459
24 486
25 117
25 144
25 204
25 207
25 273
25 344
25 422
25 436
25 444
25 457
26 53
26 56
26 81
26 161
26 163
26 211
26 237
26 319
26 408
26 446
26 471
26 484
27 37
27 70
27 87
27 110
27 184
27 209
27 217
27 238
27 323
27 343
27 353
27 389
27 400
27 431
28 157
28 197
28 249
28 295
28 302
28 333
28 368
28 379
28 381
28 382
28 499
29 178
29 193
29 207
29 273
29 290
29 292
29 413
29 436
29 450
29 452
30 49
30 92
30 288
30 325
30 372
30 423
30 453
30 495
31 154
31 174
31 179
31 223
31 236
31 246
31 267
31 297
31 312
31 451
31 476
32 92
32 198
32 201
32 324
32 455
32 458
33 64
33 85
33 160
33 195
33 252
33 253
33 266
33 296
33 306
33 405
33 465
34 63
34 175
34 206
34 215
34 227
34 245
34 316
34 339
34 341
34 363
34 434
34 463
34 475
35 54
35 121
35 135
35 373
35 392
35 433
35 438
36 45
36 61
36 79
36 86
36 91
36 177
36 185
36 194
36 241
36 244
36 251
36 289
36 298
36 334
36 397
36 415
36 485
37 78
37 87
37 118
37 184
37 209
37 217
37 233
37 238
37 280
37 316
37 320
37 323
37 343
37 353
37 377
37 389
37 400
37 403
38 58
38 62
38 119
38 170
38 172
38 317
38 333
38 336
38 385
38 404
39 171
39 226
39 285
39 359
39 421
39 449
39 470
39 481
40 85
40 96
40 139
40 195
40 213
40 214
40 265
40 328
40 332
40 349
40 411
40 494
40 496
41 77
41 79
41 99
41 108
41 109
41 148
41 151
41 194
41 278
41 298
41 415
41 417
41 424
41 485
41 487
42 162
42 191
42 264
42 271
42 272
42 360
42 414
42 448
42 480
43 86
43 152
43 166
43 185
43 187
43 281
43 283
43 289
43 298
43 407
43 417
43 456
43 498
44 67
44 141
44 165
44 258
44 369
44 393
44 465
44 472
45 47
45 69
45 122
45 123
45 177
45 224
45 241
45 244
45 358
46 90
46 134
46 168
46 171
46 190
46 230
46 313
46 402
47 69
47 153
47 224
47 241
47 244
47 358
48 83
48 169
48 189
48 270
48 378
48 398
48 406
48 445
48 491
49 288
49 325
49 372
49 374
49 376
49 423
49 467
49 495
50 163
51 100
51 169
51 370
51 377
51 378
51 429
51 437
51 441
51 454
51 470
51 477
52 69
52 75
52 98
52 145
52 146
52 153
52 156
52 210
52 234
52 274
52 300
52 342
52 347
52 358
52 387
52 460
52 462
53 56
53 161
53 163
53 211
53 237
53 319
53 446
53 471
53 484
54 121
54 220
54 322
54 348
54 373
54 440
54 483
54 492
55 102
55 117
55 138
55 309
55 315
55 396
55 444
55 466
56 81
56 211
56 237
56 319
56 375
56 408
56 446
56 471
56 484
57 81
57 101
57 109
57 278
57 332
57 357
57 375
57 487
58 119
58 170
58 222
58 284
58 317
58 336
58 404
59 66
59 89
59 131
59 170
59 199
59 202
59 231
59 282
59 284
59 329
59 356
59 366
59 430
59 458
59 490
59 497
60 127
60 149
60 191
60 221
60 228
60 264
60 435
60 448
60 461
61 82
61 86
61 91
61 177
61 185
61 218
61 251
61 289
61 334
61 397
62 93
62 114
62 172
62 225
62 268
62 302
62 308
62 336
62 371
62 385
63 136
63 169
63 200
63 206
63 245
63 270
63 316
63 335
63 363
63 403
63 434
63 454
63 463
64 85
64 124
64 147
64 160
64 195
64 214
64 252
64 253
64 277
64 296
64 306
64 390
64 405
65 103
65 220
65 240
65 260
65 286
65 440
65 483
65 492
66 97
66 131
66 170
66 199
66 223
66 231
66 267
66 282
66 284
66 293
66 297
66 312
66 329
66 356
66 430
66 451
66 490
67 150
67 164
67 256
67 258
67 325
67 372
67 393
67 467
67 472
68 149
68 176
68 221
68 228
68 250
68 269
68 310
68 318
68 321
68 330
68 426
68 435
68 474
69 153
69 210
69 224
69 241
69 244
69 352
69 358
69 439
69 460
70 87
70 110
70 345
70 367
70 388
70 431
71 73
71 93
71 128
71 180
71 205
71 299
71 304
71 322
71 346
71 348
71 464
71 478
72 115
72 142
72 189
72 208
72 445
72 459
72 489
73 103
73 186
73 260
73 287
73 337
73 348
73 478
73 483
74 204
74 247
74 257
74 413
74 436
74 493
75 145
75 234
75 274
75 327
75 342
75 347
75 355
75 379
75 460
75 462
76 157
76 172
76 188
76 197
76 225
76 275
76 295
76 299
76 302
76 308
76 368
76 382
76 386
76 425
76 499
77 99
77 108
77 146
77 194
77 210
77 219
77 224
77 241
77 278
77 358
77 415
77 439
77 482
77 485
78 118
78 184
78 215
78 233
78 280
78 316
78 320
78 323
78 353
78 363
78 377
78 389
78 400
78 403
78 434
79 86
79 108
79 148
79 151
79 152
79 185
79 194
79 289
79 298
79 397
79 415
79 417
79 424
79 485
80 132
80 158
80 232
80 248
80 262
80 276
80 374
80 442
81 357
81 375
81 408
81 446
81 484
82 91
82 106
82 107
82 122
82 177
82 218
82 251
82 257
82 334
82 397
82 420
83 176
83 250
83 269
83 301
83 310
83 318
83 321
83 398
83 406
83 432
83 445
83 474
83 491
84 85
84 96
84 98
84 156
84 214
84 222
84 277
84 300
84 303
84 311
84 338
84 349
84 365
84 380
84 390
85 96
85 139
85 195
85 214
85 338
85 349
85 390
85 405
85 411
86 91
86 148
86 152
86 185
86 281
86 289
86 298
86 397
86 415
86 417
86 456
86 485
87 110
87 173
87 209
87 217
87 238
87 323
87 343
87 400
87 431
88 127
88 181
88 182
88 191
88 226
88 449
88 461
89 124
89 147
89 201
89 202
89 231
89 253
89 277
89 356
89 364
89 366
89 497
90 134
90 168
90 190
90 230
90 313
90 359
90 370
90 384
90 402
90 421
90 437
90 477
91 177
91 185
91 218
91 241
91 251
91 289
91 334
91 397
92 198
92 201
92 291
92 324
92 366
92 427
92 453
92 455
92 458
92 469
92 495
93 114
93 180
93 205
93 225
93 268
93 299
93 304
93 308
93 371
93 425
93 464
94 104
94 106
94 107
94 247
94 257
94 259
94 354
94 420
94 457
94 486
95 116
95 178
95 183
95 193
95 305
95 412
95 413
95 450
95 468
96 139
96 156
96 195
96 214
96 265
96 338
96 349
96 380
96 390
96 405
96 494
97 131
97 170
97 179
97 223
97 236
97 267
97 284
97 297
97 336
97 430
97 451
97 490
98 146
98 153
98 156
98 210
98 219
98 265
98 274
98 300
98 342
98 349
98 387
98 439
99 101
99 108
99 109
99 148
99 151
99 194
99 219
99 278
99 332
99 415
99 424
99 482
99 485
99 487
99 496
100 169
100 370
100 378
100 429
100 441
100 454
100 470
100 477
100 481
101 109
101 278
101 328
101 332
101 357
101 482
101 487
101 496
102 138
102 192
102 309
102 383
102 396
102 410
102 466
102 475
103 186
103 239
103 240
103 260
103 483
104 106
104 107
104 130
104 212
104 259
104 339
104 341
104 354
104 486
105 125
105 126
105 140
105 159
105 254
105 350
106 107
106 130
106 212
106 218
106 257
106 259
106 339
106 341
106 354
106 420
106 486
107 130
107 212
107 257
107 259
107 339
107 341
107 354
107 420
107 486
108 148
108 151
108 194
108 278
108 298
108 415
108 417
108 424
108 485
108 487
109 151
109 278
109 332
109 357
109 424
109 487
110 173
110 209
110 217
110 238
110 323
110 343
110 345
110 367
110 384
110 388
110 431
111 167
111 243
111 263
111 294
111 307
111 361
112 129
112 133
112 137
112 167
112 216
112 229
112 326
112 331
112 395
112 416
112 418
112 473
112 498
113 116
113 126
113 159
113 196
113 216
113 235
113 254
113 418
114 205
114 225
114 268
114 299
114 304
114 308
114 371
114 425
114 464
115 123
115 142
115 189
115 208
115 212
115 459
116 126
116 159
116 183
116 412
116 418
116 450
116 468
117 138
117 144
117 309
117 315
117 344
117 396
117 444
117 466
118 184
118 217
118 280
118 316
118 320
118 323
118 353
118 400
118 447
119 170
119 222
119 303
119 317
119 333
119 365
119 379
119 385
119 404
120 134
120 345
120 367
120 384
120 388
120 402
121 135
121 322
121 373
121 392
121 433
121 438
122 123
122 177
122 208
122 212
122 218
122 251
122 334
123 142
123 177
123 208
123 352
124 147
124 202
124 231
124 252
124 253
124 277
124 338
124 364
124 380
124 390
124 405
124 497
125 126
125 159
125 254
125 350
125 412
126 159
126 196
126 254
126 412
127 149
127 182
127 191
127 221
127 228
127 264
127 461
128 205
128 268
128 304
128 322
128 348
128 373
128 464
128 478
129 133
129 137
129 167
129 243
129 263
129 283
129 307
129 331
129 395
129 407
129 416
129 428
129 473
129 498
130 200
130 206
130 212
130 245
130 270
130 335
130 339
130 341
130 459
130 463
131 154
131 170
131 179
131 199
131 223
131 236
131 267
131 282
131 284
131 293
131 297
131 312
131 329
131 356
131 430
131 451
131 490
132 232
132 262
132 276
132 374
132 442
133 137
133 167
133 216
133 229
133 307
133 326
133 331
133 395
133 416
133 418
133 473
133 498
134 168
134 173
134 190
134 230
134 313
134 370
134 384
134 402
134 437
134 477
135 392
135 433
135 438
136 169
136 200
136 206
136 245
136 270
136 335
136 403
136 454
137 167
137 216
137 229
137 307
137 326
137 331
137 395
137 416
137 428
137 473
137 498
138 175
138 192
138 215
138 227
138 309
138 315
138 383
138 396
138 399
138 410
138 466
138 475
139 146
139 195
139 213
139 214
139 219
139 265
139 328
139 332
139 349
139 482
139 494
139 496
140 254
140 350
141 163
141 164
141 165
141 258
141 351
141 362
141 472
142 203
142 301
142 314
142 327
142 352
142 401
142 432
142 479
142 489
143 155
143 180
143 188
143 261
143 275
143 346
143 386
143 425
143 488
144 204
144 207
144 273
144 344
144 422
144 436
144 444
144 457
145 234
145 274
145 300
145 333
145 342
145 347
145 379
145 460
145 462
146 153
146 210
146 219
146 224
146 265
146 342
146 387
146 439
146 482
146 494
147 202
147 231
147 252
147 253
147 277
147 306
147 364
147 366
147 390
147 405
147 427
147 497
148 151
148 152
148 194
148 298
148 407
148 415
148 417
148 424
148 485
148 487
149 221
149 228
149 310
149 321
149 435
149 474
150 160
150 252
150 256
150 258
150 266
150 296
150 306
150 372
150 393
150 427
150 453
150 467
150 469
151 194
151 278
151 298
151 415
151 417
151 424
151 485
151 487
152 185
152 187
152 281
152 283
152 298
152 407
152 417
152 424
152 428
152 456
152 498
153 210
153 224
153 274
153 300
153 342
153 358
153 387
153 439
153 460
153 462
154 174
154 179
154 223
154 236
154 246
154 267
154 293
154 297
154 312
154 409
154 451
154 476
155 180
155 188
155 261
155 340
155 346
155 425
155 488
156 234
156 274
156 300
156 303
156 311
156 338
156 342
156 349
156 365
156 380
156 387
156 390
156 462
157 188
157 197
157 249
157 275
157 279
157 295
157 302
157 368
157 381
157 382
157 386
157 499
158 164
158 232
158 248
158 262
158 276
158 351
158 362
158 442
158 472
159 254
159 412
160 252
160 253
160 256
160 266
160 296
160 306
160 393
160 405
160 427
160 465
161 195
161 211
161 213
161 237
161 319
161 411
161 446
161 465
161 471
161 484
162 264
162 271
162 272
162 340
162 360
162 414
162 448
162 480
163 165
163 211
163 319
163 369
163 446
163 484
164 232
164 248
164 258
164 262
164 276
164 351
164 362
164 442
164 472
165 258
165 319
165 369
165 472
166 187
166 281
166 395
166 456
166 498
167 243
167 263
167 283
167 307
167 407
167 416
167 428
167 473
168 171
168 230
168 313
168 402
169 206
169 270
169 335
169 378
169 398
169 406
169 445
169 454
169 491
170 231
170 284
170 317
170 336
170 430
170 490
170 497
171 230
171 285
171 313
171 421
172 197
172 225
172 295
172 302
172 336
172 368
172 371
172 385
172 499
173 209
173 217
173 238
173 323
173 343
173 384
173 389
173 437
173 477
174 179
174 246
174 451
174 476
175 192
175 215
175 227
175 315
175 363
175 399
175 410
175 434
175 463
175 475
176 250
176 269
176 301
176 310
176 318
176 321
176 330
176 432
176 474
177 208
177 218
177 241
177 244
177 251
177 334
177 397
178 193
178 207
178 273
178 290
178 292
178 413
178 436
178 450
178 452
178 468
179 223
179 236
179 246
179 267
179 297
179 312
179 451
179 476
179 490
180 205
180 261
180 299
180 304
180 308
180 346
180 425
180 464
180 488
181 182
181 226
181 449
181 461
182 226
182 449
182 461
183 193
183 412
183 413
183 418
183 450
183 468
184 217
184 233
184 238
184 280
184 316
184 320
184 323
184 353
184 389
184 400
184 447
185 187
185 281
185 289
185 298
185 397
185 456
186 239
186 240
186 260
186 287
186 337
186 348
186 478
186 483
187 281
187 456
187 498
188 197
188 275
188 279
188 382
188 386
188 426
189 200
189 270
189 335
189 398
189 406
189 445
189 459
190 230
190 313
190 359
190 370
190 384
190 421
190 437
190 441
190 477
191 264
191 272
191 448
191 461
192 215
192 227
192 309
192 320
192 363
192 383
192 399
192 410
192 447
192 475
193 290
193 292
193 305
193 412
193 413
193 450
193 452
193 468
194 224
194 241
194 298
194 415
194 485
195 213
195 214
195 405
195 411
195 465
195 471
196 216
196 229
196 235
196 254
196 326
196 418
197 225
197 249
197 275
197 295
197 302
197 368
197 381
197 382
197 386
197 499
198 324
198 455
198 458
199 223
199 231
199 267
199 282
199 284
199 293
199 297
199 312
199 329
199 356
199 409
199 430
199 451
199 458
199 490
200 206
200 245
200 270
200 335
200 339
200 341
200 459
200 463
201 202
201 253
201 291
201 324
201 366
201 427
201 453
201 455
201 458
201 469
202 231
202 252
202 253
202 277
202 291
202 356
202 366
202 427
202 458
202 497
203 269
203 279
203 301
203 314
203 318
203 330
203 401
203 432
203 479
203 489
204 207
204 247
204 273
204 344
204 413
204 422
204 436
204 452
204 493
205 268
205 299
205 304
205 322
205 348
205 373
205 464
205 478
206 245
206 270
206 335
206 341
206 459
206 463
207 273
207 290
207 292
207 344
207 422
207 436
207 452
208 212
209 217
209 233
209 238
209 323
209 343
209 377
209 384
209 389
209 400
209 437
209 477
210 219
210 224
210 274
210 342
210 358
210 387
210 439
211 237
211 319
211 411
211 446
211 471
211 484
212 341
213 237
213 265
213 328
213 332
213 411
213 471
213 494
213 496
214 265
214 349
214 390
214 405
214 411
214 494
215 227
215 316
215 363
215 383
215 399
215 410
215 434
215 463
215 475
216 229
216 235
216 326
216 331
216 395
216 416
216 418
217 238
217 280
217 323
217 343
217 353
217 389
217 400
217 431
218 251
218 334
218 397
219 224
219 265
219 278
219 328
219 332
219 387
219 439
219 482
219 494
219 496
220 240
220 286
220 440
220 483
220 492
221 228
221 250
221 310
221 321
221 394
221 474
222 277
222 303
222 311
222 317
222 338
222 364
222 365
222 380
222 390
222 404
222 497
223 236
223 267
223 282
223 284
223 293
223 297
223 312
223 430
223 451
223 490
224 241
224 244
224 358
224 387
224 439
225 268
225 275
225 295
225 299
225 302
225 308
225 368
225 371
225 385
225 425
226 285
226 421
226 449
227 315
227 339
227 354
227 399
227 457
227 463
227 466
227 475
227 486
228 250
228 310
228 321
228 435
228 474
229 235
229 326
229 331
229 395
229 416
229 418
230 285
230 313
230 359
230 370
230 421
230 437
231 277
231 284
231 329
231 356
231 364
231 366
231 430
231 497
232 248
232 262
232 276
232 351
232 442
232 472
233 238
233 280
233 316
233 323
233 343
233 377
233 389
233 400
233 403
233 429
233 434
233 454
234 274
234 300
234 303
234 311
234 333
234 342
234 347
234 365
234 379
234 404
234 460
234 462
235 326
235 331
235 416
236 267
236 297
236 336
236 451
236 476
236 490
237 328
237 332
237 411
237 446
237 471
237 484
237 496
238 323
238 343
238 353
238 377
238 389
238 400
239 240
239 255
239 260
240 260
240 286
240 440
240 483
240 492
241 244
241 358
241 397
241 415
241 485
242 294
242 361
242 375
242 408
242 443
243 263
243 283
243 294
243 307
243 407
243 417
243 428
243 473
244 358
244 397
245 270
245 335
245 339
245 341
245 363
245 434
245 459
245 463
246 391
246 419
246 476
247 257
247 259
247 420
247 436
247 457
248 262
248 276
248 351
248 442
248 472
249 295
249 355
249 368
249 381
249 382
249 499
250 269
250 310
250 321
250 394
250 474
250 491
251 257
251 289
251 334
251 397
252 253
252 266
252 291
252 296
252 306
252 393
252 405
252 427
252 469
253 266
253 291
253 296
253 306
253 405
253 427
253 469
254 350
255 271
255 287
255 337
255 340
255 360
255 480
256 258
256 266
256 296
256 325
256 372
256 393
256 453
256 467
256 469
256 495
257 259
257 334
257 420
258 369
258 393
258 467
258 472
259 339
259 354
259 420
259 457
259 486
260 286
260 348
260 478
260 483
260 492
261 271
261 287
261 337
261 340
261 346
261 480
261 488
262 276
262 351
262 374
262 442
262 472
263 294
263 307
263 361
263 473
264 272
264 414
264 448
264 461
265 328
265 332
265 439
265 482
265 494
265 496
266 296
266 306
266 369
266 372
266 393
266 427
266 465
266 467
267 282
267 284
267 293
267 297
267 312
267 329
267 409
267 430
267 451
267 490
268 299
268 304
268 308
268 371
268 464
269 279
269 301
269 310
269 318
269 330
269 426
269 432
269 474
270 335
270 398
270 406
270 445
270 459
271 287
271 337
271 340
271 360
271 414
271 480
272 360
272 414
272 448
273 290
273 292
273 344
273 422
273 436
273 452
274 300
274 311
274 342
274 347
274 379
274 387
274 460
274 462
275 295
275 302
275 368
275 382
275 386
275 425
275 499
276 374
276 442
277 338
277 364
277 380
277 390
277 405
277 497
278 328
278 332
278 357
278 482
278 487
278 496
279 318
279 330
279 386
279 426
280 316
280 320
280 323
280 353
280 363
280 377
280 389
280 400
280 403
280 434
281 289
281 456
282 284
282 293
282 297
282 312
282 329
282 356
282 409
282 430
282 451
282 455
282 458
282 490
283 307
283 407
283 417
283 424
283 428
283 456
283 473
284 297
284 329
284 356
284 430
284 490
285 359
285 421
285 449
286 440
286 483
286 492
287 337
287 340
287 346
287 478
288 325
288 372
288 376
288 423
288 467
288 495
289 298
289 397
289 456
289 485
290 292
290 413
290 436
290 452
291 324
291 366
291 372
291 427
291 453
291 469
291 495
292 413
292 436
292 450
292 452
293 297
293 312
293 329
293 356
293 409
293 430
293 451
293 490
294 307
294 361
295 302
295 368
295 381
295 382
295 386
295 499
296 306
296 372
296 393
296 427
296 453
296 467
296 469
297 312
297 329
297 430
297 451
297 490
298 415
298 417
298 424
298 485
299 304
299 308
299 346
299 425
299 464
299 488
300 303
300 311
300 338
300 342
300 349
300 365
300 380
300 387
300 462
301 318
301 432
301 445
301 479
301 489
302 368
302 381
302 382
302 385
302 499
303 311
303 317
303 333
303 338
303 365
303 379
303 380
303 404
303 462
304 308
304 322
304 346
304 425
304 464
304 478
305 412
305 450
306 393
306 405
306 427
307 407
307 416
307 428
307 473
308 425
308 464
309 315
309 383
309 396
309 399
309 410
309 444
309 466
309 475
310 321
310 394
310 474
311 338
311 342
311 349
311 365
311 380
311 390
311 462
312 329
312 409
312 451
312 490
313 359
313 370
313 384
313 402
313 421
313 437
313 477
314 327
314 352
314 355
314 401
314 432
314 479
314 489
315 354
315 396
315 399
315 444
315 457
315 466
315 475
315 486
316 320
316 363
316 377
316 403
316 434
317 364
317 365
317 404
317 497
318 330
318 426
318 432
318 474
319 369
319 446
319 471
319 484
320 353
320 400
320 447
321 394
321 474
321 491
322 348
322 373
322 464
322 478
323 343
323 353
323 377
323 389
323 400
323 431
324 329
324 366
324 455
324 458
325 372
325 374
325 376
325 423
325 453
325 467
325 495
326 331
326 416
327 347
327 352
327 355
327 401
327 460
327 479
328 332
328 482
328 494
328 496
329 356
329 366
329 430
329 455
329 458
329 490
330 426
330 432
331 395
331 416
331 418
331 498
332 482
332 487
332 494
332 496
333 347
333 368
333 379
333 381
333 404
333 462
334 397
335 341
335 406
335 459
336 371
336 385
337 340
337 346
337 478
337 488
338 349
338 364
338 365
338 380
338 390
339 341
339 354
339 463
339 486
340 346
340 360
340 414
340 480
340 488
341 354
341 459
341 463
341 486
342 387
342 460
342 462
343 377
343 384
343 389
343 400
343 437
344 422
344 436
344 444
345 367
345 388
346 425
346 464
346 478
346 488
347 355
347 379
347 460
347 462
348 373
348 464
348 478
348 483
348 492
349 365
349 380
349 390
351 362
351 442
351 472
352 401
352 460
352 479
353 389
353 400
353 431
353 447
354 399
354 420
354 457
354 486
355 381
355 401
355 479
356 366
356 430
356 455
356 458
356 490
357 375
357 487
358 387
358 439
359 370
359 421
359 437
359 470
359 477
359 481
360 414
360 448
360 480
362 472
363 403
363 434
363 463
363 475
364 365
364 380
364 390
364 497
365 380
365 390
365 404
365 462
366 427
366 455
366 458
367 388
368 381
368 382
368 385
368 499
369 393
369 465
370 384
370 429
370 437
370 441
370 477
371 385
372 393
372 423
372 427
372 453
372 467
372 469
372 495
373 433
374 376
374 442
375 408
377 389
377 403
377 429
377 441
377 454
378 398
378 429
378 441
378 454
378 470
378 481
378 491
379 381
379 404
379 462
380 390
381 382
381 499
382 386
382 499
383 410
383 447
383 475
384 388
384 402
384 437
384 477
386 426
386 499
387 439
387 462
388 402
389 400
389 403
390 405
390 497
391 392
391 419
391 433
391 438
392 419
392 433
392 438
393 453
393 467
394 470
394 474
394 481
394 491
395 418
395 498
396 399
396 410
396 444
396 466
396 475
397 415
397 485
398 406
398 445
398 491
399 410
399 444
399 457
399 463
399 466
399 475
400 431
401 432
401 479
401 489
403 429
403 434
403 454
406 445
406 491
407 417
407 424
407 428
407 456
407 473
408 443
409 451
410 475
411 465
411 471
412 450
413 436
413 450
413 452
413 468
413 493
414 448
414 480
415 485
417 424
417 456
417 485
417 487
418 498
419 433
419 438
420 457
420 486
421 449
422 436
422 444
423 453
423 495
424 485
424 487
425 488
426 435
427 453
427 469
428 473
429 437
429 441
429 454
429 477
430 490
432 479
432 489
433 438
434 463
436 452
436 493
437 441
437 477
440 483
440 492
441 454
441 477
442 472
444 457
444 466
445 491
446 471
446 484
448 480
450 452
450 468
451 490
453 467
453 469
453 495
455 458
456 498
457 466
457 486
460 462
464 478
465 471
467 495
469 495
470 481
470 491
471 484
478 483
479 489
481 491
482 487
482 494
482 496
483 492
494 496
