1000
0 0.987825 0.420962
1 0.480965 0.154808
2 0.791037 0.454121
3 0.477261 0.193787
4 0.092023 0.854340
5 0.021100 0.210661
6 0.162383 0.090916
7 0.009703 0.720373
8 0.157622 0.383539
9 0.343933 0.063699
10 0.997846 0.207895
11 0.290122 0.127167
12 0.891609 0.789267
13 0.871854 0.859774
14 0.320694 0.966625
15 0.592365 0.924539
16 0.370973 0.384854
17 0.683781 0.351264
18 0.268157 0.704273
19 0.381141 0.241423
20 0.857112 0.404212
21 0.427168 0.416948
22 0.549538 0.801455
23 0.128002 0.401732
24 0.957225 0.104454
25 0.800643 0.277982
26 0.026699 0.680758
27 0.379570 0.769156
28 0.283038 0.367011
29 0.905207 0.205474
30 0.378816 0.442354
31 0.710642 0.716647
32 0.034600 0.057456
33 0.274415 0.998070
34 0.790153 0.632584
35 0.633254 0.828288
36 0.146163 0.709998
37 0.984766 0.447932
38 0.329133 0.805795
39 0.772632 0.040558
40 0.662068 0.743288
41 0.100588 0.427900
42 0.347528 0.921224
43 0.459965 0.396190
44 0.052597 0.685924
45 0.416685 0.989151
46 0.061725 0.416724
47 0.776979 0.553934
48 0.265161 0.295375
49 0.788262 0.063324
50 0.105944 0.050317
51 0.183500 0.375703
52 0.455751 0.827888
53 0.616312 0.142413
54 0.649968 0.175094
55 0.934006 0.286175
56 0.878805 0.815363
57 0.513797 0.461538
58 0.235076 0.400548
59 0.336496 0.381894
60 0.755083 0.969123
61 0.318960 0.488529
62 0.184497 0.696585
63 0.285057 0.019151
64 0.471387 0.052938
65 0.182479 0.216306
66 0.026619 0.184493
67 0.245830 0.952441
68 0.636238 0.219684
69 0.771082 0.490318
70 0.379732 0.495778
71 0.702445 0.337213
72 0.349202 0.776864
73 0.098602 0.588396
74 0.467362 0.353329
75 0.788121 0.255428
76 0.203959 0.242309
77 0.602448 0.970472
78 0.452421 0.574380
79 0.754997 0.447763
80 0.562934 0.185312
81 0.286558 0.215283
82 0.463233 0.765217
83 0.003570 0.777892
84 0.044319 0.611557
85 0.596386 0.236306
86 0.665899 0.049385
87 0.514028 0.951265
88 0.102952 0.479982
89 0.524540 0.324826
90 0.626703 0.616643
91 0.019937 0.908403
92 0.871283 0.557174
93 0.160850 0.341125
94 0.501592 0.089740
95 0.898400 0.072288
96 0.813646 0.463205
97 0.036090 0.345582
98 0.571225 0.424147
99 0.682008 0.015662
100 0.784465 0.752183
101 0.173143 0.993109
102 0.955858 0.635643
103 0.373430 0.150190
104 0.367436 0.867667
105 0.706714 0.105451
106 0.434519 0.316399
107 0.016130 0.877318
108 0.354766 0.433138
109 0.955380 0.266596
110 0.799684 0.576993
111 0.128543 0.885077
112 0.064486 0.797021
113 0.430476 0.774625
114 0.892478 0.290269
115 0.007613 0.079325
116 0.139133 0.202982
117 0.112423 0.934431
118 0.738442 0.202917
119 0.918905 0.169124
120 0.872383 0.002640
121 0.877421 0.049545
122 0.723695 0.186327
123 0.764885 0.096153
124 0.347748 0.590158
125 0.440301 0.532910
126 0.093822 0.342616
127 0.825091 0.924459
128 0.008153 0.428583
129 0.158029 0.024752
130 0.389712 0.278853
131 0.989910 0.980411
132 0.670013 0.886688
133 0.728373 0.752236
134 0.668116 0.840711
135 0.251383 0.459116
136 0.058153 0.707415
137 0.222059 0.845673
138 0.579052 0.396729
139 0.258098 0.228287
140 0.114805 0.500538
141 0.035772 0.083698
142 0.278471 0.106765
143 0.741491 0.910252
144 0.544272 0.260535
145 0.023195 0.113858
146 0.289486 0.069171
147 0.331525 0.429198
148 0.354872 0.980630
149 0.675407 0.491224
150 0.223018 0.272522
151 0.907663 0.042907
152 0.137906 0.277341
153 0.538324 0.188454
154 0.408008 0.591380
155 0.234600 0.612982
156 0.903564 0.679612
157 0.384077 0.673623
158 0.415890 0.899054
159 0.512088 0.905182
160 0.173146 0.928149
161 0.277167 0.540546
162 0.033063 0.985773
163 0.008344 0.656995
164 0.179483 0.178537
165 0.823082 0.887353
166 0.205672 0.791730
167 0.417548 0.068482
168 0.616432 0.918807
169 0.859793 0.441096
170 0.689380 0.630502
171 0.853049 0.592546
172 0.846164 0.124199
173 0.864660 0.261620
174 0.179798 0.582951
175 0.882313 0.656063
176 0.482472 0.321945
177 0.304812 0.993734
178 0.908053 0.001265
179 0.492516 0.007828
180 0.325988 0.199777
181 0.892219 0.151941
182 0.329226 0.574054
183 0.579428 0.966123
184 0.094977 0.896058
185 0.594538 0.837037
186 0.711023 0.387242
187 0.382895 0.554405
188 0.184119 0.516351
189 0.902135 0.816621
190 0.829781 0.224644
191 0.484346 0.501722
192 0.844500 0.724920
193 0.091097 0.283803
194 0.037715 0.933314
195 0.234794 0.881077
196 0.731568 0.888015
197 0.253011 0.749089
198 0.188168 0.827530
199 0.669986 0.318667
200 0.534054 0.238740
201 0.406475 0.217090
202 0.055118 0.332996
203 0.810782 0.023184
204 0.819866 0.980148
205 0.321665 0.936922
206 0.422177 0.857334
207 0.026273 0.765261
208 0.314955 0.540940
209 0.248661 0.320957
210 0.191348 0.541139
211 0.708852 0.020661
212 0.330733 0.156858
213 0.930283 0.953216
214 0.238070 0.358670
215 0.435155 0.643710
216 0.211288 0.390084
217 0.125959 0.152163
218 0.691021 0.210219
219 0.001594 0.601613
220 0.944506 0.060403
221 0.538844 0.019392
222 0.304055 0.294443
223 0.957886 0.492871
224 0.767154 0.639900
225 0.790113 0.229739
226 0.368228 0.174337
227 0.540171 0.447318
228 0.177370 0.472869
229 0.238124 0.243999
230 0.763458 0.777827
231 0.151222 0.656133
232 0.918816 0.852974
233 0.108124 0.741655
234 0.460888 0.614194
235 0.841621 0.074726
236 0.968005 0.798072
237 0.630836 0.762564
238 0.216156 0.200546
239 0.784210 0.405592
240 0.255352 0.818796
241 0.450479 0.466506
242 0.046380 0.381386
243 0.096847 0.994506
244 0.155670 0.776044
245 0.430156 0.881857
246 0.978033 0.323352
247 0.659913 0.363712
248 0.992888 0.231576
249 0.764543 0.374890
250 0.709109 0.430185
251 0.004039 0.744448
252 0.737711 0.853797
253 0.598517 0.719806
254 0.990320 0.008008
255 0.511413 0.795465
256 0.197855 0.752552
257 0.933830 0.661684
258 0.864845 0.613870
259 0.730308 0.690004
260 0.603576 0.586858
261 0.290072 0.696312
262 0.198097 0.342729
263 0.546391 0.954690
264 0.622107 0.352174
265 0.258851 0.255954
266 0.625373 0.266836
267 0.701797 0.597154
268 0.830195 0.593904
269 0.915407 0.636802
270 0.007905 0.161645
271 0.840659 0.012540
272 0.669362 0.071592
273 0.528888 0.810475
274 0.492030 0.374990
275 0.573581 0.458814
276 0.785771 0.136472
277 0.563427 0.278682
278 0.047050 0.655413
279 0.886751 0.934757
280 0.210329 0.486334
281 0.135948 0.321841
282 0.699804 0.857888
283 0.810721 0.503473
284 0.531181 0.511530
285 0.987597 0.374844
286 0.809659 0.731290
287 0.662302 0.914725
288 0.501880 0.630191
289 0.982151 0.268818
290 0.878567 0.912686
291 0.119802 0.558184
292 0.675261 0.521328
293 0.370302 0.082293
294 0.568638 0.824536
295 0.627928 0.876324
296 0.096828 0.105245
297 0.658728 0.641911
298 0.904354 0.390756
299 0.565106 0.369283
300 0.408758 0.164724
301 0.942103 0.981761
302 0.867966 0.988159
303 0.578800 0.601741
304 0.262743 0.159196
305 0.439270 0.983304
306 0.239668 0.525820
307 0.920747 0.307691
308 0.307042 0.367270
309 0.192005 0.419400
310 0.259996 0.088733
311 0.829279 0.442455
312 0.640478 0.299040
313 0.382153 0.642703
314 0.969462 0.762206
315 0.832484 0.769082
316 0.168014 0.541852
317 0.379536 0.055092
318 0.281606 0.893006
319 0.130085 0.851439
320 0.486420 0.662334
321 0.086228 0.808000
322 0.495114 0.773854
323 0.611252 0.077913
324 0.667695 0.553140
325 0.719440 0.082990
326 0.997873 0.168820
327 0.740714 0.309558
328 0.521080 0.135026
329 0.574215 0.235893
330 0.131104 0.073313
331 0.404237 0.517020
332 0.889986 0.097847
333 0.581145 0.783264
334 0.997815 0.056159
335 0.003872 0.925678
336 0.866518 0.774283
337 0.409510 0.749626
338 0.309483 0.418417
339 0.699172 0.786345
340 0.451627 0.443765
341 0.606350 0.114797
342 0.909230 0.342532
343 0.544843 0.534469
344 0.165429 0.447881
345 0.868041 0.329541
346 0.055962 0.011425
347 0.529298 0.423934
348 0.951917 0.413325
349 0.823659 0.152838
350 0.766915 0.905587
351 0.306897 0.657626
352 0.536976 0.899355
353 0.329593 0.837202
354 0.882218 0.471358
355 0.793398 0.671999
356 0.679846 0.666251
357 0.297191 0.448265
358 0.197979 0.897128
359 0.659525 0.800682
360 0.598534 0.408350
361 0.098061 0.023938
362 0.936515 0.689254
363 0.033717 0.838233
364 0.419466 0.624138
365 0.084567 0.536898
366 0.939526 0.765688
367 0.016284 0.626882
368 0.913786 0.752344
369 0.382662 0.740253
370 0.237460 0.073270
371 0.156169 0.825172
372 0.710913 0.920054
373 0.067645 0.925919
374 0.488385 0.411380
375 0.231686 0.174750
376 0.875750 0.702831
377 0.100337 0.209177
378 0.998436 0.789570
379 0.020941 0.563213
380 0.702543 0.302882
381 0.328345 0.090590
382 0.611660 0.672946
383 0.535887 0.691033
384 0.603829 0.766565
385 0.529942 0.726906
386 0.563998 0.754099
387 0.924196 0.227027
388 0.042115 0.812880
389 0.770343 0.529876
390 0.244533 0.647065
391 0.453270 0.697514
392 0.316080 0.035916
393 0.222324 0.043952
394 0.292921 0.512585
395 0.596486 0.045895
396 0.141027 0.428188
397 0.387789 0.966942
398 0.899744 0.254681
399 0.387614 0.909409
400 0.979280 0.847492
401 0.818431 0.701267
402 0.128825 0.482495
403 0.390292 0.301566
404 0.205085 0.936848
405 0.330199 0.326261
406 0.073703 0.764756
407 0.021178 0.009231
408 0.258582 0.009394
409 0.273833 0.922100
410 0.527839 0.766345
411 0.682611 0.722792
412 0.270635 0.190899
413 0.223960 0.555355
414 0.012376 0.269673
415 0.825571 0.812567
416 0.306092 0.905584
417 0.657472 0.398048
418 0.587375 0.687286
419 0.729533 0.797379
420 0.547171 0.151490
421 0.624474 0.528423
422 0.081741 0.716509
423 0.598692 0.535222
424 0.771225 0.208372
425 0.634560 0.575093
426 0.981407 0.598810
427 0.675848 0.452121
428 0.722073 0.630533
429 0.548543 0.409165
430 0.648792 0.692650
431 0.944580 0.722395
432 0.247610 0.852778
433 0.001477 0.840276
434 0.108080 0.231544
435 0.434806 0.002723
436 0.559756 0.589971
437 0.802249 0.831978
438 0.471828 0.935567
439 0.515048 0.590049
440 0.055314 0.575034
441 0.841694 0.045689
442 0.844944 0.945269
443 0.277250 0.040040
444 0.982719 0.680333
445 0.179110 0.768635
446 0.003233 0.478313
447 0.184975 0.102976
448 0.884547 0.218671
449 0.635979 0.421227
450 0.922981 0.145355
451 0.354251 0.564845
452 0.438036 0.933459
453 0.286996 0.412365
454 0.914251 0.883815
455 0.799808 0.786632
456 0.494459 0.352516
457 0.432139 0.387523
458 0.607257 0.993104
459 0.113619 0.267043
460 0.561332 0.684845
461 0.082610 0.161653
462 0.348050 0.514116
463 0.128086 0.098480
464 0.979364 0.704008
465 0.487669 0.260164
466 0.844277 0.994191
467 0.889322 0.029453
468 0.317888 0.461623
469 0.768818 0.849054
470 0.356505 0.719776
471 0.572888 0.544989
472 0.815782 0.114736
473 0.969411 0.343753
474 0.748105 0.723281
475 0.043639 0.313494
476 0.612740 0.737103
477 0.226596 0.450562
478 0.761193 0.752237
479 0.696282 0.698959
480 0.075322 0.377546
481 0.537379 0.858045
482 0.918849 0.469291
483 0.048034 0.962948
484 0.826905 0.535715
485 0.150594 0.929117
486 0.959223 0.856999
487 0.511893 0.232603
488 0.205877 0.174712
489 0.051033 0.267005
490 0.644635 0.957575
491 0.274060 0.575550
492 0.709160 0.169438
493 0.469723 0.727357
494 0.919623 0.087827
495 0.965308 0.021558
496 0.509341 0.395024
497 0.753134 0.503974
498 0.737961 0.241455
499 0.395177 0.394141
500 0.313722 0.242109
501 0.843168 0.363311
502 0.318537 0.132332
503 0.551738 0.978800
504 0.359712 0.822647
505 0.429305 0.820722
506 0.469485 0.273824
507 0.364986 0.204071
508 0.169891 0.869523
509 0.927165 0.357367
510 0.681796 0.964285
511 0.097002 0.623904
512 0.254473 0.381953
513 0.590143 0.185957
514 0.787711 0.371426
515 0.260171 0.135753
516 0.579922 0.497131
517 0.245798 0.988598
518 0.809804 0.331890
519 0.434899 0.248244
520 0.442003 0.488422
521 0.457842 0.905371
522 0.844220 0.177544
523 0.701391 0.231162
524 0.739693 0.368018
525 0.806000 0.855148
526 0.697083 0.483142
527 0.940883 0.791019
528 0.371397 0.700827
529 0.259531 0.506328
530 0.300287 0.767074
531 0.222208 0.590104
532 0.281115 0.250697
533 0.100711 0.686719
534 0.663317 0.206693
535 0.341589 0.013237
536 0.060583 0.235832
537 0.407187 0.249932
538 0.854290 0.802251
539 0.546668 0.648997
540 0.912260 0.977117
541 0.394951 0.006048
542 0.213547 0.014627
543 0.008609 0.031742
544 0.617974 0.308511
545 0.228344 0.693316
546 0.717712 0.051404
547 0.934447 0.507807
548 0.091762 0.645559
549 0.071400 0.960744
550 0.640915 0.097965
551 0.348524 0.673452
552 0.117578 0.524548
553 0.340021 0.233622
554 0.395492 0.462002
555 0.288159 0.321110
556 0.404907 0.709497
557 0.069484 0.110941
558 0.469636 0.979301
559 0.935368 0.570258
560 0.753979 0.408315
561 0.623330 0.184320
562 0.509842 0.261749
563 0.949105 0.383946
564 0.744454 0.537931
565 0.335709 0.755182
566 0.903139 0.708222
567 0.792465 0.936893
568 0.104556 0.716922
569 0.197665 0.568971
570 0.489629 0.439633
571 0.890673 0.411813
572 0.030411 0.469630
573 0.634491 0.385373
574 0.585988 0.145032
575 0.404007 0.328185
576 0.529617 0.368567
577 0.007028 0.959762
578 0.767688 0.243912
579 0.696906 0.141238
580 0.960676 0.180648
581 0.273687 0.962389
582 0.532657 0.564488
583 0.978702 0.144540
584 0.496816 0.828563
585 0.153195 0.122533
586 0.676132 0.766495
587 0.258057 0.608168
588 0.709603 0.948833
589 0.874457 0.307695
590 0.004460 0.370320
591 0.469297 0.862105
592 0.461190 0.674409
593 0.465064 0.551994
594 0.751971 0.577835
595 0.491006 0.530835
596 0.495478 0.934553
597 0.436257 0.150401
598 0.961774 0.233402
599 0.157664 0.745494
600 0.459334 0.955870
601 0.214568 0.632010
602 0.399379 0.844887
603 0.120750 0.799153
604 0.298995 0.935911
605 0.605185 0.332827
606 0.961407 0.927458
607 0.511979 0.491736
608 0.850666 0.908116
609 0.959576 0.608149
610 0.848632 0.633893
611 0.484341 0.595829
612 0.421918 0.693284
613 0.685801 0.420123
614 0.774099 0.802741
615 0.554960 0.930403
616 0.905702 0.599207
617 0.839037 0.479017
618 0.742724 0.130908
619 0.892626 0.129415
620 0.570329 0.889030
621 0.137437 0.173568
622 0.808960 0.416207
623 0.035477 0.722851
624 0.657632 0.027918
625 0.332714 0.649221
626 0.635802 0.127679
627 0.778058 0.602181
628 0.201426 0.133306
629 0.397544 0.941311
630 0.983038 0.515311
631 0.480371 0.889337
632 0.924302 0.809460
633 0.894144 0.184521
634 0.940609 0.596024
635 0.048181 0.771695
636 0.231762 0.222067
637 0.302658 0.727224
638 0.337753 0.890407
639 0.360452 0.340966
640 0.546598 0.116455
641 0.578938 0.093641
642 0.359081 0.269303
643 0.157105 0.960169
644 0.987069 0.903442
645 0.506959 0.194200
646 0.842359 0.843013
647 0.929892 0.916129
648 0.586968 0.306247
649 0.394327 0.198479
650 0.314713 0.612390
651 0.944171 0.840446
652 0.874403 0.634195
653 0.785264 0.328769
654 0.556984 0.775917
655 0.832484 0.662005
656 0.415696 0.445074
657 0.305274 0.588206
658 0.183223 0.013845
659 0.993945 0.117004
660 0.896409 0.624285
661 0.131073 0.826891
662 0.709901 0.553816
663 0.748659 0.043884
664 0.171157 0.320041
665 0.215110 0.723923
666 0.131229 0.365390
667 0.593399 0.441460
668 0.607700 0.637335
669 0.770771 0.161787
670 0.110585 0.448220
671 0.719829 0.500304
672 0.224613 0.914806
673 0.051937 0.192701
674 0.564969 0.031986
675 0.131118 0.671986
676 0.943637 0.537904
677 0.380566 0.110272
678 0.273294 0.274053
679 0.508513 0.849982
680 0.767391 0.277066
681 0.167016 0.803738
682 0.824263 0.195900
683 0.229386 0.936955
684 0.451092 0.334774
685 0.982927 0.296485
686 0.615947 0.812867
687 0.446453 0.283392
688 0.821885 0.571072
689 0.033613 0.415521
690 0.437962 0.045443
691 0.655699 0.667297
692 0.661680 0.111240
693 0.865124 0.235094
694 0.043918 0.437861
695 0.190987 0.279168
696 0.982177 0.482376
697 0.033879 0.591275
698 0.258493 0.406927
699 0.673995 0.131463
700 0.009562 0.988946
701 0.704425 0.457216
702 0.734645 0.517948
703 0.448235 0.179227
704 0.268003 0.635049
705 0.618740 0.056456
706 0.770616 0.350885
707 0.466135 0.806202
708 0.816872 0.255317
709 0.443449 0.798041
710 0.507643 0.999063
711 0.020912 0.527453
712 0.671038 0.990873
713 0.908724 0.565581
714 0.873504 0.518363
715 0.079656 0.558627
716 0.284937 0.794106
717 0.616441 0.487471
718 0.167600 0.052387
719 0.700049 0.066126
720 0.677814 0.276068
721 0.299841 0.823581
722 0.114048 0.960617
723 0.138228 0.506404
724 0.644773 0.983142
725 0.165111 0.260962
726 0.142043 0.238972
727 0.841806 0.552682
728 0.341029 0.282346
729 0.702440 0.822619
730 0.403090 0.878124
731 0.874510 0.361101
732 0.182867 0.960080
733 0.979040 0.092832
734 0.733840 0.155080
735 0.992357 0.346747
736 0.067388 0.076539
737 0.813767 0.302496
738 0.438865 0.103676
739 0.901241 0.536263
740 0.525236 0.038355
741 0.873824 0.749926
742 0.372613 0.360692
743 0.072355 0.604512
744 0.203736 0.609457
745 0.247585 0.793756
746 0.235094 0.764727
747 0.075057 0.688367
748 0.527587 0.969967
749 0.111058 0.188152
750 0.200941 0.033800
751 0.583422 0.991712
752 0.020048 0.499153
753 0.697477 0.880182
754 0.775004 0.955111
755 0.124313 0.619756
756 0.707100 0.984120
757 0.437540 0.594850
758 0.637197 0.044203
759 0.196301 0.994157
760 0.935078 0.618191
761 0.233779 0.489007
762 0.416008 0.038476
763 0.744998 0.277881
764 0.585222 0.358167
765 0.881970 0.577641
766 0.700099 0.276862
767 0.786784 0.715031
768 0.034437 0.030278
769 0.027999 0.235408
770 0.395596 0.788723
771 0.132741 0.767895
772 0.168340 0.287911
773 0.200740 0.450438
774 0.739063 0.934031
775 0.901482 0.507928
776 0.096126 0.780392
777 0.349852 0.470764
778 0.391286 0.130629
779 0.709080 0.653108
780 0.822833 0.388737
781 0.169826 0.899427
782 0.485102 0.228160
783 0.360999 0.940083
784 0.251921 0.669424
785 0.410349 0.484447
786 0.796655 0.977796
787 0.635314 0.802083
788 0.321714 0.270385
789 0.164366 0.200637
790 0.480946 0.074478
791 0.228486 0.120706
792 0.799681 0.159043
793 0.648486 0.483966
794 0.249251 0.557181
795 0.650681 0.460966
796 0.767279 0.302062
797 0.065604 0.465365
798 0.745977 0.013086
799 0.059061 0.359456
800 0.761425 0.880333
801 0.959702 0.684059
802 0.566613 0.055141
803 0.093202 0.319737
804 0.632065 0.000530
805 0.331236 0.405999
806 0.457719 0.076120
807 0.589947 0.024239
808 0.845226 0.333894
809 0.444048 0.205034
810 0.641876 0.929875
811 0.864558 0.492049
812 0.968444 0.967607
813 0.935338 0.038397
814 0.995188 0.643132
815 0.309911 0.180453
816 0.511708 0.877300
817 0.598485 0.261376
818 0.783944 0.867365
819 0.647992 0.515087
820 0.948197 0.334517
821 0.304286 0.345187
822 0.632319 0.648579
823 0.545414 0.304739
824 0.105734 0.363720
825 0.671889 0.168480
826 0.396097 0.359960
827 0.007375 0.323907
828 0.965206 0.885530
829 0.912711 0.776390
830 0.787882 0.002004
831 0.932582 0.447844
832 0.950254 0.160079
833 0.065022 0.523475
834 0.013251 0.452159
835 0.733138 0.656052
836 0.206146 0.662063
837 0.743859 0.481804
838 0.676140 0.938613
839 0.686014 0.092072
840 0.866406 0.680233
841 0.888970 0.998588
842 0.756923 0.991468
843 0.131808 0.642139
844 0.613115 0.020268
845 0.571084 0.721381
846 0.462523 0.421964
847 0.092686 0.258049
848 0.805157 0.544853
849 0.808248 0.087867
850 0.077415 0.137500
851 0.500676 0.690062
852 0.133595 0.735800
853 0.047087 0.136018
854 0.385796 0.826014
855 0.358528 0.131486
856 0.415015 0.291461
857 0.513668 0.171938
858 0.902762 0.433411
859 0.372781 0.010119
860 0.053968 0.740915
861 0.996969 0.869717
862 0.413922 0.653336
863 0.332097 0.696049
864 0.450088 0.022027
865 0.237890 0.292391
866 0.373049 0.586729
867 0.370486 0.523827
868 0.541004 0.347139
869 0.082067 0.497277
870 0.869539 0.197088
871 0.364593 0.797256
872 0.925953 0.121108
873 0.207548 0.364889
874 0.867765 0.383274
875 0.398861 0.084789
876 0.311945 0.883979
877 0.358632 0.103823
878 0.605375 0.284445
879 0.819085 0.358581
880 0.584626 0.625768
881 0.826408 0.635609
882 0.047218 0.857390
883 0.251675 0.897365
884 0.337571 0.349275
885 0.133782 0.587414
886 0.500810 0.722379
887 0.279091 0.845618
888 0.655835 0.721867
889 0.594279 0.865686
890 0.327874 0.730467
891 0.756482 0.827206
892 0.064058 0.990699
893 0.972205 0.200683
894 0.157410 0.687666
895 0.376572 0.613237
896 0.271047 0.432003
897 0.907308 0.924657
898 0.780362 0.432513
899 0.169973 0.497030
900 0.245579 0.582572
901 0.492333 0.128942
902 0.961101 0.518357
903 0.049708 0.899278
904 0.174664 0.654963
905 0.664805 0.605778
906 0.144326 0.006403
907 0.849633 0.149458
908 0.743977 0.612750
909 0.788550 0.912602
910 0.497616 0.559809
911 0.999163 0.465227
912 0.615874 0.436131
913 0.746331 0.066521
914 0.427433 0.735014
915 0.331604 0.865853
916 0.730475 0.590339
917 0.223131 0.968588
918 0.988285 0.820791
919 0.278644 0.745527
920 0.353216 0.616113
921 0.377663 0.409778
922 0.927721 0.255362
923 0.264638 0.874592
924 0.074311 0.303697
925 0.077481 0.740283
926 0.871111 0.956403
927 0.752556 0.223846
928 0.098131 0.079508
929 0.887637 0.886071
930 0.513064 0.666767
931 0.298776 0.861116
932 0.153222 0.613823
933 0.983451 0.575478
934 0.413122 0.548968
935 0.216440 0.091989
936 0.277510 0.481441
937 0.415179 0.137711
938 0.847658 0.208055
939 0.529484 0.101732
940 0.630518 0.714391
941 0.200260 0.854552
942 0.786426 0.188639
943 0.661092 0.339669
944 0.120829 0.012159
945 0.536544 0.078357
946 0.661798 0.002858
947 0.361547 0.306895
948 0.841275 0.274168
949 0.794100 0.107487
950 0.681561 0.586135
951 0.310963 0.012212
952 0.700488 0.533589
953 0.971244 0.399831
954 0.569279 0.912960
955 0.555464 0.622696
956 0.189237 0.070254
957 0.304105 0.392918
958 0.500460 0.050081
959 0.290254 0.626683
960 0.417923 0.111563
961 0.838912 0.747612
962 0.391099 0.030576
963 0.799359 0.522927
964 0.870746 0.114826
965 0.792383 0.478658
966 0.690977 0.374242
967 0.730780 0.821921
968 0.707026 0.253630
969 0.575137 0.204528
970 0.444254 0.850064
971 0.516653 0.529876
972 0.859950 0.088989
973 0.605232 0.214395
974 0.218710 0.417553
975 0.162838 0.406874
976 0.979559 0.736892
977 0.579696 0.118639
978 0.154713 0.572336
979 0.137534 0.539587
980 0.952125 0.211079
981 0.766452 0.703139
982 0.002718 0.683264
983 0.655127 0.145150
984 0.558881 0.078985
985 0.157087 0.520638
986 0.378031 0.327174
987 0.858872 0.028343
988 0.177539 0.138803
989 0.488043 0.472239
990 0.535066 0.994235
991 0.900315 0.368556
992 0.059751 0.053010
993 0.237402 0.025377
994 0.567594 0.660121
995 0.751039 0.174147
996 0.175857 0.612556
997 0.247843 0.204838
998 0.672070 0.233074
999 0.265469 0.066945
7500
0 37
0 285
0 348
0 563
0 696
0 831
0 911
0 953
1 3
1 94
1 153
1 300
1 328
1 420
1 597
1 645
1 703
1 738
1 782
1 809
1 857
1 901
1 937
1 939
2 69
2 79
2 96
2 169
2 239
2 283
2 311
2 497
2 560
2 617
2 622
2 780
2 837
2 898
2 963
2 965
3 153
3 200
3 328
3 465
3 487
3 519
3 597
3 645
3 703
3 782
3 809
3 857
3 901
4 111
4 112
4 184
4 319
4 321
4 363
4 371
4 388
4 603
4 661
4 882
4 903
5 66
5 270
5 414
5 489
5 536
5 673
5 769
6 50
6 129
6 217
6 296
6 330
6 447
6 463
6 585
6 628
6 718
6 750
6 791
6 928
6 935
6 956
6 988
7 26
7 44
7 83
7 136
7 163
7 207
7 251
7 422
7 623
7 635
7 747
7 860
7 925
7 982
8 23
8 41
8 51
8 93
8 216
8 262
8 281
8 309
8 344
8 396
8 664
8 666
8 824
8 873
8 974
8 975
9 146
9 167
9 293
9 317
9 381
9 392
9 443
9 502
9 535
9 677
9 855
9 859
9 875
9 877
9 951
9 962
10 109
10 248
10 289
10 326
10 580
10 583
10 598
10 832
10 893
10 980
11 142
11 146
11 212
11 304
11 310
11 381
11 412
11 502
11 515
11 791
11 815
11 855
11 877
11 999
12 13
12 56
12 189
12 232
12 315
12 336
12 366
12 368
12 415
12 527
12 538
12 632
12 646
12 651
12 741
12 829
12 961
13 56
13 165
13 189
13 232
13 290
13 415
13 454
13 525
13 538
13 608
13 632
13 646
13 929
14 33
14 42
14 148
14 177
14 205
14 397
14 409
14 416
14 581
14 604
14 783
15 77
15 168
15 183
15 263
15 287
15 295
15 352
15 458
15 490
15 503
15 615
15 620
15 751
15 810
15 889
15 954
16 21
16 30
16 59
16 108
16 147
16 308
16 338
16 405
16 457
16 499
16 575
16 639
16 742
16 805
16 826
16 884
16 921
16 957
16 986
17 71
17 186
17 199
17 247
17 264
17 312
17 327
17 380
17 417
17 524
17 573
17 613
17 943
17 966
18 197
18 261
18 351
18 390
18 530
18 545
18 637
18 665
18 704
18 746
18 784
18 863
18 890
18 919
19 130
19 180
19 201
19 226
19 403
19 500
19 507
19 519
19 537
19 553
19 642
19 649
19 728
19 788
19 809
19 856
19 947
20 96
20 169
20 239
20 298
20 311
20 354
20 501
20 571
20 622
20 731
20 780
20 808
20 858
20 874
20 879
20 991
21 30
21 43
21 241
21 340
21 374
21 457
21 499
21 520
21 554
21 570
21 656
21 785
21 826
21 846
21 921
22 185
22 255
22 273
22 294
22 322
22 333
22 384
22 386
22 410
22 481
22 584
22 654
22 679
22 686
23 41
23 46
23 51
23 93
23 126
23 309
23 344
23 396
23 480
23 666
23 670
23 824
23 975
24 95
24 220
24 332
24 334
24 450
24 494
24 583
24 619
24 659
24 733
24 813
24 832
24 872
25 75
25 173
25 190
25 225
25 327
25 498
25 518
25 578
25 653
25 680
25 708
25 737
25 763
25 796
25 808
25 927
25 948
26 44
26 84
26 136
26 163
26 251
26 278
26 367
26 422
26 623
26 747
26 860
26 982
27 38
27 72
27 113
27 337
27 369
27 470
27 504
27 505
27 528
27 556
27 565
27 709
27 770
27 854
27 871
27 890
27 914
28 58
28 59
28 209
28 214
28 308
28 338
28 405
28 453
28 512
28 555
28 698
28 805
28 821
28 884
28 896
28 957
29 119
29 173
29 181
29 387
29 398
29 448
29 450
29 522
29 580
29 598
29 633
29 693
29 832
29 870
29 893
29 922
29 938
29 980
30 59
30 70
30 108
30 147
30 338
30 340
30 468
30 499
30 554
30 656
30 777
30 785
30 805
30 921
31 40
31 133
31 259
31 339
31 356
31 411
31 430
31 474
31 478
31 479
31 586
31 779
31 835
31 888
31 981
32 50
32 115
32 141
32 145
32 346
32 361
32 407
32 543
32 557
32 736
32 768
32 928
32 992
33 67
33 177
33 517
33 581
33 604
33 917
34 110
34 224
34 268
34 355
34 428
34 594
34 610
34 627
34 655
34 688
34 835
34 881
34 908
34 916
35 132
35 134
35 185
35 237
35 282
35 294
35 295
35 333
35 359
35 384
35 686
35 729
35 787
35 889
36 62
36 231
36 233
36 244
36 256
36 422
36 445
36 533
36 568
36 599
36 665
36 675
36 771
36 843
36 852
36 894
36 904
37 223
37 285
37 348
37 482
37 563
37 630
37 696
37 831
37 911
37 953
38 72
38 104
38 353
38 504
38 530
38 565
38 716
38 721
38 770
38 854
38 871
38 887
38 915
38 931
39 49
39 123
39 203
39 211
39 271
39 325
39 441
39 546
39 663
39 798
39 830
39 849
39 913
39 949
40 133
40 237
40 253
40 339
40 359
40 384
40 411
40 430
40 476
40 479
40 586
40 787
40 888
40 940
41 46
41 88
41 242
41 344
41 396
41 402
41 480
41 666
41 670
41 689
41 694
41 797
41 824
41 869
41 975
42 104
42 148
42 158
42 205
42 318
42 397
42 399
42 409
42 416
42 604
42 629
42 638
42 730
42 783
42 876
42 915
43 74
43 241
43 274
43 340
43 374
43 456
43 457
43 496
43 499
43 570
43 656
43 684
43 826
43 846
44 136
44 163
44 278
44 367
44 422
44 533
44 548
44 568
44 623
44 747
44 860
44 925
44 982
45 148
45 305
45 397
45 452
45 558
45 600
45 629
46 128
46 242
46 480
46 572
46 590
46 670
46 689
46 694
46 797
46 799
46 824
46 834
47 69
47 110
47 268
47 283
47 389
47 484
47 497
47 564
47 594
47 627
47 662
47 688
47 702
47 727
47 848
47 908
47 916
47 963
48 139
48 150
48 209
48 214
48 222
48 229
48 265
48 405
48 500
48 532
48 555
48 678
48 788
48 821
48 865
49 123
49 203
49 235
49 271
49 276
49 325
49 441
49 472
49 546
49 663
49 798
49 830
49 849
49 913
49 949
50 129
50 296
50 330
50 346
50 361
50 463
50 557
50 718
50 736
50 906
50 928
50 944
50 992
51 58
51 93
51 214
51 216
51 262
51 281
51 309
51 396
51 512
51 664
51 666
51 873
51 974
51 975
52 82
52 113
52 206
52 245
52 255
52 322
52 505
52 584
52 591
52 602
52 631
52 679
52 707
52 709
52 730
52 770
52 854
52 970
53 54
53 80
53 323
53 341
53 420
53 513
53 550
53 561
53 574
53 626
53 641
53 692
53 699
53 825
53 973
53 977
53 983
54 68
54 218
54 492
54 513
54 534
54 561
54 574
54 579
54 626
54 692
54 699
54 825
54 973
54 983
54 998
55 109
55 114
55 173
55 246
55 289
55 307
55 342
55 387
55 398
55 473
55 509
55 589
55 598
55 685
55 820
55 922
56 189
56 232
56 315
56 336
56 368
56 415
56 527
56 538
56 632
56 646
56 651
56 741
56 829
56 929
57 98
57 191
57 227
57 241
57 275
57 284
57 340
57 347
57 374
57 429
57 496
57 570
57 595
57 607
57 846
57 971
57 989
58 135
58 214
58 216
58 262
58 309
58 453
58 477
58 512
58 698
58 773
58 873
58 896
58 957
58 974
58 975
59 108
59 147
59 308
59 338
59 405
59 453
59 499
59 639
59 742
59 805
59 821
59 826
59 884
59 921
59 957
59 986
60 143
60 204
60 350
60 372
60 510
60 567
60 588
60 754
60 756
60 774
60 786
60 842
60 909
61 70
61 108
61 135
61 147
61 161
61 208
61 338
61 357
61 394
61 462
61 468
61 529
61 777
61 867
61 936
62 231
62 256
62 445
62 545
62 599
62 601
62 665
62 675
62 784
62 836
62 852
62 894
62 904
63 146
63 370
63 392
63 393
63 408
63 443
63 535
63 542
63 951
63 993
63 999
64 94
64 167
64 179
64 435
64 690
64 738
64 740
64 762
64 790
64 806
64 864
64 945
64 958
65 76
65 116
65 150
65 164
65 229
65 238
65 375
65 488
65 621
65 636
65 695
65 725
65 726
65 772
65 789
65 997
66 145
66 270
66 461
66 536
66 673
66 769
66 850
66 853
67 177
67 195
67 318
67 358
67 404
67 409
67 517
67 581
67 604
67 672
67 683
67 732
67 759
67 883
67 917
68 85
68 218
68 266
68 329
68 513
68 523
68 534
68 561
68 720
68 817
68 825
68 878
68 969
68 973
68 998
69 79
69 96
69 283
69 389
69 484
69 497
69 564
69 617
69 671
69 702
69 837
69 848
69 898
69 963
69 965
70 108
70 125
70 187
70 331
70 451
70 462
70 468
70 520
70 554
70 656
70 777
70 785
70 867
70 934
71 186
71 199
71 247
71 249
71 312
71 327
71 380
71 524
71 706
71 720
71 763
71 766
71 796
71 943
71 966
72 337
72 353
72 369
72 470
72 504
72 530
72 565
72 637
72 716
72 721
72 770
72 854
72 871
72 890
73 84
73 291
73 365
73 440
73 511
73 548
73 552
73 697
73 715
73 743
73 755
73 833
73 843
73 885
73 932
73 978
73 979
74 89
74 106
74 176
74 274
74 374
74 456
74 457
74 496
74 575
74 576
74 684
74 687
74 826
74 846
75 118
75 190
75 225
75 327
75 424
75 498
75 578
75 653
75 680
75 682
75 708
75 737
75 763
75 796
75 927
75 942
75 948
76 139
76 150
76 164
76 229
76 238
76 265
76 375
76 488
76 636
76 695
76 725
76 726
76 772
76 789
76 865
76 997
77 168
77 183
77 263
77 458
77 490
77 503
77 615
77 712
77 724
77 751
77 810
77 954
77 990
78 125
78 154
78 187
78 215
78 234
78 364
78 439
78 593
78 595
78 611
78 757
78 910
78 934
79 96
79 239
79 249
79 250
79 497
79 526
79 560
79 622
79 671
79 701
79 702
79 837
79 898
79 965
80 85
80 153
80 200
80 328
80 329
80 420
80 487
80 513
80 561
80 574
80 640
80 645
80 857
80 969
80 973
80 977
81 139
81 180
81 212
81 229
81 238
81 265
81 304
81 375
81 412
81 500
81 532
81 553
81 636
81 678
81 788
81 815
81 997
82 113
82 255
82 322
82 337
82 391
82 410
82 493
82 505
82 584
82 707
82 709
82 770
82 886
82 914
83 112
83 207
83 251
83 363
83 388
83 406
83 433
83 623
83 635
83 860
84 163
84 219
84 278
84 367
84 379
84 440
84 511
84 548
84 697
84 715
84 743
85 144
85 200
85 266
85 277
85 329
85 513
85 534
85 561
85 648
85 817
85 878
85 969
85 973
86 99
86 105
86 211
86 272
86 323
86 325
86 395
86 546
86 550
86 624
86 692
86 705
86 719
86 758
86 804
86 839
86 844
86 946
87 159
87 183
87 263
87 352
87 438
87 503
87 521
87 558
87 596
87 600
87 615
87 631
87 710
87 748
87 954
87 990
88 140
88 344
88 365
88 396
88 402
88 552
88 572
88 670
88 694
88 723
88 797
88 833
88 869
88 899
88 979
88 985
89 144
89 176
89 274
89 277
89 299
89 456
89 496
89 562
89 576
89 648
89 764
89 823
89 868
90 170
90 260
90 297
90 303
90 356
90 382
90 425
90 436
90 668
90 691
90 822
90 880
90 905
90 950
90 955
90 994
91 107
91 194
91 335
91 363
91 373
91 433
91 483
91 549
91 577
91 882
91 903
92 171
92 258
92 268
92 484
92 559
92 616
92 660
92 688
92 713
92 714
92 727
92 739
92 765
92 775
92 811
92 848
93 126
93 152
93 216
93 262
93 281
93 664
93 666
93 695
93 772
93 803
93 824
93 873
93 975
94 328
94 640
94 738
94 740
94 790
94 802
94 806
94 901
94 939
94 945
94 958
94 984
95 121
95 151
95 172
95 178
95 220
95 235
95 332
95 441
95 467
95 494
95 619
95 813
95 872
95 964
95 972
95 987
96 169
96 239
96 283
96 311
96 354
96 484
96 497
96 617
96 622
96 811
96 837
96 898
96 963
96 965
97 126
97 202
97 242
97 475
97 480
97 590
97 689
97 799
97 803
97 824
97 827
97 924
98 138
98 227
98 275
98 299
98 347
98 360
98 429
98 449
98 496
98 516
98 576
98 667
98 764
98 912
99 211
99 272
99 546
99 624
99 663
99 719
99 758
99 798
99 804
99 844
99 946
100 133
100 192
100 230
100 286
100 315
100 401
100 415
100 419
100 455
100 474
100 478
100 614
100 767
100 961
100 981
101 160
101 404
101 485
101 517
101 643
101 722
101 732
101 759
101 917
102 156
102 257
102 269
102 362
102 426
102 444
102 464
102 559
102 609
102 616
102 634
102 660
102 760
102 801
102 814
102 933
103 180
103 212
103 226
103 293
103 300
103 502
103 507
103 597
103 649
103 677
103 778
103 815
103 855
103 875
103 877
103 937
103 960
104 158
104 206
104 245
104 353
104 399
104 416
104 504
104 602
104 638
104 730
104 783
104 854
104 871
104 876
104 915
104 931
105 123
105 272
105 325
105 492
105 546
105 550
105 579
105 618
105 692
105 699
105 719
105 734
105 825
105 839
105 913
105 983
106 130
106 176
106 403
106 456
106 457
106 506
106 519
106 537
106 575
106 684
106 687
106 826
106 856
106 947
106 986
107 194
107 335
107 363
107 373
107 388
107 433
107 882
107 903
108 147
108 338
108 357
108 453
108 468
108 499
108 554
108 656
108 777
108 805
108 921
108 957
109 114
109 246
109 248
109 289
109 307
109 387
109 398
109 598
109 685
109 820
109 893
109 922
109 980
110 171
110 224
110 268
110 389
110 484
110 564
110 594
110 627
110 688
110 727
110 848
110 881
110 908
110 916
110 963
111 117
111 160
111 184
111 319
111 358
111 371
111 373
111 485
111 508
111 661
111 781
112 207
112 233
112 321
112 363
112 388
112 406
112 603
112 635
112 661
112 776
112 860
112 882
112 925
113 322
113 337
113 369
113 493
113 505
113 556
113 707
113 709
113 770
113 854
113 871
113 914
114 173
114 307
114 342
114 345
114 387
114 398
114 448
114 589
114 693
114 731
114 808
114 820
114 922
114 948
115 141
115 145
115 407
115 543
115 557
115 736
115 768
115 853
115 992
116 164
116 217
116 377
116 434
116 459
116 461
116 488
116 621
116 725
116 726
116 749
116 789
116 847
117 160
117 184
117 243
117 373
117 483
117 485
117 549
117 643
117 722
117 781
117 903
118 122
118 218
118 225
118 424
118 492
118 498
118 523
118 578
118 618
118 669
118 734
118 927
118 942
118 968
118 995
118 998
119 181
119 387
119 448
119 450
119 580
119 583
119 619
119 633
119 832
119 870
119 872
119 893
119 907
119 964
119 980
120 121
120 151
120 178
120 203
120 271
120 441
120 467
120 813
120 987
121 151
121 178
121 203
121 220
121 235
121 271
121 332
121 441
121 467
121 494
121 813
121 964
121 972
121 987
122 218
122 424
122 492
122 498
122 523
122 534
122 578
122 579
122 618
122 669
122 734
122 825
122 927
122 942
122 968
122 995
122 998
123 276
123 325
123 472
123 546
123 618
123 663
123 669
123 719
123 734
123 792
123 849
123 913
123 949
124 154
124 182
124 187
124 208
124 313
124 451
124 625
124 650
124 657
124 866
124 867
124 895
124 920
124 959
125 154
125 187
125 191
125 241
125 331
125 520
125 593
125 595
125 757
125 785
125 867
125 910
125 934
126 193
126 202
126 242
126 281
126 475
126 480
126 666
126 799
126 803
126 824
126 924
127 165
127 204
127 279
127 290
127 350
127 442
127 466
127 525
127 567
127 608
127 754
127 786
127 818
127 909
127 926
127 929
128 242
128 446
128 572
128 590
128 689
128 694
128 752
128 797
128 834
129 330
129 361
129 393
129 542
129 658
129 718
129 750
129 906
129 944
129 956
130 201
130 403
130 519
130 537
130 553
130 575
130 639
130 642
130 687
130 728
130 788
130 856
130 947
130 986
131 213
131 301
131 606
131 812
132 134
132 168
132 196
132 282
132 287
132 295
132 372
132 588
132 729
132 753
132 810
132 838
133 230
133 259
133 339
133 411
133 419
133 474
133 478
133 479
133 586
133 614
133 767
133 967
133 981
134 185
134 252
134 282
134 295
134 339
134 359
134 686
134 729
134 753
134 787
134 967
135 280
135 306
135 309
135 338
135 357
135 394
135 453
135 468
135 477
135 529
135 698
135 761
135 773
135 896
135 936
135 974
136 163
136 207
136 233
136 251
136 278
136 406
136 422
136 533
136 548
136 568
136 623
136 635
136 747
136 860
136 925
136 982
137 166
137 195
137 198
137 240
137 358
137 371
137 432
137 508
137 672
137 681
137 745
137 883
137 887
137 923
137 941
138 227
138 264
138 275
138 299
138 347
138 360
138 429
138 449
138 496
138 573
138 576
138 605
138 667
138 764
138 868
138 912
139 150
139 180
139 229
139 238
139 265
139 304
139 375
139 412
139 500
139 532
139 636
139 678
139 815
139 865
139 997
140 188
140 228
140 291
140 316
140 344
140 365
140 402
140 552
140 670
140 715
140 723
140 797
140 833
140 869
140 899
140 979
140 985
141 145
141 296
141 543
141 557
141 736
141 768
141 850
141 853
141 928
141 992
142 146
142 212
142 304
142 310
142 370
142 381
142 443
142 502
142 515
142 791
142 935
142 999
143 196
143 252
143 282
143 350
143 372
143 469
143 567
143 588
143 753
143 754
143 774
143 800
143 818
143 838
143 909
144 153
144 200
144 277
144 329
144 465
144 487
144 562
144 648
144 782
144 817
144 823
144 878
144 969
145 270
145 557
145 736
145 850
145 853
145 992
146 310
146 370
146 381
146 392
146 393
146 408
146 443
146 502
146 515
146 951
146 993
146 999
147 308
147 338
147 357
147 453
147 468
147 499
147 554
147 777
147 805
147 896
147 921
147 957
148 177
148 205
148 397
148 604
148 629
148 783
149 250
149 292
149 324
149 421
149 427
149 526
149 613
149 662
149 671
149 701
149 702
149 717
149 793
149 795
149 819
149 837
149 952
150 209
150 229
150 238
150 265
150 532
150 636
150 664
150 678
150 695
150 725
150 772
150 865
150 997
151 178
151 220
151 235
151 271
151 332
151 441
151 467
151 494
151 495
151 813
151 972
151 987
152 193
152 281
152 434
152 459
152 664
152 695
152 725
152 726
152 772
152 803
152 847
152 924
153 200
153 328
153 329
153 420
153 487
153 513
153 574
153 640
153 645
153 782
153 857
153 969
153 973
154 187
154 215
154 234
154 313
154 364
154 451
154 593
154 757
154 862
154 866
154 895
154 920
154 934
155 174
155 390
155 413
155 491
155 531
155 569
155 587
155 601
155 704
155 744
155 784
155 794
155 836
155 900
155 904
155 959
155 996
156 175
156 257
156 269
156 362
156 368
156 376
156 431
156 566
156 610
156 652
156 655
156 660
156 760
156 801
156 840
157 215
157 313
157 364
157 369
157 391
157 470
157 528
157 551
157 556
157 612
157 625
157 862
157 863
157 895
157 920
158 206
158 245
158 397
158 399
158 438
158 452
158 521
158 591
158 600
158 602
158 629
158 631
158 730
158 783
158 970
159 263
159 352
159 438
159 481
159 521
159 591
159 596
159 600
159 615
159 620
159 631
159 679
159 748
159 816
159 954
160 358
160 404
160 485
160 508
160 643
160 672
160 683
160 722
160 732
160 759
160 781
160 917
161 182
161 208
161 306
161 394
161 413
161 491
161 529
161 587
161 657
161 761
161 794
161 900
161 936
162 194
162 243
162 335
162 373
162 483
162 549
162 577
162 700
162 892
163 219
163 278
163 367
163 623
163 697
163 747
163 982
164 217
164 238
164 375
164 488
164 585
164 621
164 628
164 636
164 726
164 749
164 789
164 988
164 997
165 290
165 350
165 437
165 442
165 469
165 525
165 567
165 608
165 646
165 800
165 818
165 909
165 929
166 197
166 198
166 240
166 244
166 256
166 371
166 445
166 599
166 665
166 681
166 745
166 746
166 941
167 293
167 317
167 435
167 541
167 677
167 690
167 738
167 762
167 778
167 790
167 806
167 859
167 864
167 875
167 877
167 937
167 960
167 962
168 183
168 287
168 295
168 490
168 615
168 620
168 724
168 810
168 838
168 889
168 954
169 298
169 311
169 354
169 482
169 571
169 617
169 622
169 780
169 811
169 831
169 858
169 874
170 259
170 267
170 297
170 356
170 428
170 479
170 691
170 779
170 822
170 835
170 905
170 908
170 916
170 950
171 175
171 258
171 268
171 484
171 610
171 616
171 652
171 655
171 660
171 688
171 713
171 727
171 765
171 848
171 881
172 181
172 235
172 276
172 332
172 349
172 472
172 522
172 619
172 792
172 849
172 907
172 949
172 964
172 972
173 190
173 307
173 345
173 387
173 398
173 448
173 589
173 693
173 708
173 737
173 870
173 922
173 938
173 948
174 188
174 210
174 291
174 316
174 413
174 531
174 569
174 601
174 744
174 755
174 885
174 900
174 904
174 932
174 978
174 979
174 985
174 996
175 257
175 258
175 269
175 362
175 376
175 566
175 610
175 616
175 652
175 655
175 660
175 760
175 840
175 881
176 274
176 456
176 465
176 506
176 562
176 576
176 684
176 687
176 823
176 868
177 205
177 517
177 581
177 604
178 220
178 271
178 467
178 495
178 813
178 987
179 221
179 435
179 690
179 740
179 790
179 864
179 958
180 212
180 226
180 412
180 500
180 502
180 507
180 532
180 553
180 649
180 788
180 815
181 332
181 349
181 448
181 450
181 494
181 522
181 619
181 633
181 832
181 870
181 872
181 907
181 938
181 964
181 972
182 187
182 208
182 394
182 451
182 462
182 491
182 650
182 657
182 866
182 867
182 895
182 920
182 959
183 263
183 458
183 490
183 503
183 615
183 724
183 748
183 751
183 810
183 954
183 990
184 194
184 319
184 373
184 485
184 549
184 722
184 882
184 903
185 273
185 294
185 295
185 333
185 384
185 481
185 620
185 654
185 686
185 787
185 889
186 247
186 249
186 250
186 417
186 427
186 524
186 560
186 613
186 701
186 706
186 943
186 966
187 208
187 331
187 451
187 462
187 757
187 866
187 867
187 895
187 920
187 934
188 210
188 228
188 280
188 306
188 316
188 344
188 402
188 413
188 552
188 569
188 723
188 761
188 773
188 899
188 978
188 979
188 985
189 232
189 236
189 336
189 366
189 368
189 454
189 486
189 527
189 538
189 632
189 646
189 651
189 741
189 829
189 929
190 225
190 349
190 424
190 448
190 522
190 578
190 682
190 693
190 708
190 792
190 870
190 938
190 942
190 948
191 241
191 284
191 340
191 343
191 520
191 570
191 593
191 595
191 607
191 910
191 971
191 989
192 286
192 315
192 336
192 355
192 376
192 401
192 566
192 655
192 741
192 767
192 840
192 961
193 202
193 281
193 434
193 459
193 475
193 489
193 536
193 726
193 803
193 847
193 924
194 335
194 373
194 483
194 549
194 577
194 700
194 892
194 903
195 198
195 240
195 318
195 358
195 404
195 409
195 432
195 508
195 672
195 683
195 781
195 883
195 887
195 923
195 931
195 941
196 252
196 282
196 350
196 372
196 469
196 588
196 729
196 753
196 774
196 800
196 818
196 891
196 909
196 967
197 240
197 256
197 261
197 530
197 545
197 637
197 665
197 716
197 745
197 746
197 919
198 240
198 244
198 319
198 358
198 371
198 432
198 445
198 508
198 603
198 661
198 681
198 745
198 941
199 247
199 264
199 266
199 312
199 327
199 380
199 544
199 605
199 720
199 766
199 878
199 943
199 966
200 277
200 329
200 465
200 487
200 506
200 562
200 645
200 782
200 817
200 823
200 857
200 969
201 226
201 300
201 507
201 519
201 537
201 553
201 597
201 642
201 649
201 703
201 809
202 242
202 475
202 480
202 489
202 590
202 799
202 803
202 824
202 827
202 924
203 235
203 271
203 441
203 663
203 798
203 830
203 849
203 987
204 302
204 442
204 466
204 567
204 754
204 786
204 841
204 842
204 926
205 318
205 397
205 399
205 409
205 416
205 581
205 604
205 638
205 783
205 876
205 915
206 245
206 399
206 504
206 505
206 521
206 591
206 602
206 631
206 707
206 709
206 730
206 770
206 854
206 970
207 251
207 321
207 363
207 388
207 406
207 623
207 635
207 776
207 860
207 925
208 394
208 451
208 462
208 491
208 529
208 650
208 657
208 794
208 867
208 936
209 214
209 222
209 262
209 265
209 512
209 555
209 678
209 695
209 821
209 865
209 873
210 228
210 280
210 291
210 306
210 316
210 413
210 531
210 569
210 723
210 744
210 761
210 794
210 899
210 900
210 978
210 979
210 985
210 996
211 272
211 325
211 546
211 624
211 663
211 719
211 798
211 913
211 946
212 226
212 304
212 381
212 412
212 502
212 507
212 515
212 677
212 778
212 815
212 855
212 877
213 279
213 290
213 301
213 302
213 454
213 540
213 606
213 647
213 812
213 841
213 897
213 926
214 216
214 262
214 308
214 453
214 512
214 555
214 698
214 821
214 865
214 873
214 974
215 234
215 288
215 313
215 320
215 364
215 391
215 556
215 592
215 611
215 612
215 757
215 862
215 895
216 262
216 309
216 344
216 477
216 512
216 698
216 773
216 873
216 896
216 974
216 975
217 296
217 377
217 461
217 463
217 557
217 585
217 621
217 749
217 789
217 850
217 988
218 492
218 498
218 523
218 534
218 561
218 579
218 720
218 734
218 766
218 825
218 927
218 968
218 995
218 998
219 278
219 367
219 379
219 440
219 697
219 743
220 254
220 332
220 334
220 467
220 494
220 495
220 733
220 813
220 872
221 395
221 674
221 740
221 802
221 807
221 945
221 958
221 984
222 265
222 308
222 405
222 500
222 532
222 553
222 555
222 639
222 642
222 678
222 728
222 788
222 821
222 865
222 884
222 947
223 482
223 547
223 630
223 676
223 696
223 739
223 775
223 831
223 902
223 911
224 259
224 355
224 428
224 594
224 627
224 655
224 779
224 835
224 881
224 908
224 916
224 981
225 424
225 498
225 578
225 669
225 680
225 682
225 708
225 763
225 792
225 927
225 938
225 942
225 948
225 995
226 300
226 502
226 507
226 553
226 597
226 649
226 677
226 778
226 815
226 855
226 877
226 937
227 275
227 284
227 347
227 360
227 374
227 429
227 496
227 516
227 570
227 607
227 667
227 989
228 280
228 309
228 316
228 344
228 396
228 402
228 477
228 670
228 723
228 761
228 773
228 899
228 974
228 975
228 985
229 238
229 265
229 375
229 412
229 532
229 636
229 678
229 695
229 865
229 997
230 286
230 315
230 339
230 415
230 419
230 437
230 455
230 469
230 474
230 478
230 614
230 767
230 891
230 967
231 511
231 533
231 548
231 601
231 675
231 744
231 755
231 836
231 843
231 885
231 894
231 904
231 932
231 996
232 236
232 290
232 400
232 454
232 486
232 527
232 632
232 647
232 651
232 828
232 897
232 929
233 244
233 321
233 406
233 422
233 533
233 568
233 599
233 603
233 635
233 675
233 747
233 771
233 776
233 852
233 860
233 894
233 925
234 288
234 320
234 364
234 439
234 592
234 593
234 611
234 757
234 862
234 910
235 271
235 332
235 441
235 467
235 472
235 849
235 949
235 964
235 972
235 987
236 314
236 366
236 368
236 378
236 400
236 486
236 527
236 632
236 651
236 829
236 918
236 976
237 253
237 333
237 339
237 359
237 384
237 386
237 411
237 430
237 476
237 586
237 686
237 787
237 845
237 888
237 940
238 265
238 304
238 375
238 412
238 488
238 628
238 636
238 789
238 988
238 997
239 249
239 311
239 501
239 514
239 524
239 560
239 622
239 706
239 780
239 879
239 898
239 965
240 432
240 530
240 716
240 721
240 745
240 746
240 887
240 923
240 931
240 941
241 331
241 340
241 374
241 520
241 554
241 570
241 607
241 656
241 785
241 846
241 989
242 475
242 480
242 590
242 689
242 694
242 799
242 824
242 827
243 483
243 549
243 643
243 722
243 892
244 256
244 371
244 445
244 599
244 603
244 661
244 681
244 771
244 776
244 852
245 399
245 438
245 452
245 505
245 521
245 591
245 602
245 629
245 631
245 730
245 854
245 970
246 285
246 289
246 307
246 342
246 473
246 509
246 563
246 685
246 735
246 820
247 264
247 312
247 417
247 449
247 544
247 573
247 605
247 613
247 943
247 966
248 289
248 326
248 387
248 580
248 598
248 685
248 893
248 922
248 980
249 327
249 514
249 518
249 524
249 560
249 622
249 653
249 706
249 780
249 796
249 879
249 898
249 966
250 417
250 427
250 449
250 524
250 526
250 560
250 613
250 671
250 701
250 795
250 837
250 898
250 966
251 406
251 623
251 635
251 860
251 925
251 982
252 282
252 350
252 372
252 419
252 437
252 469
252 525
252 614
252 729
252 753
252 800
252 818
252 891
252 967
253 333
253 382
253 383
253 384
253 385
253 386
253 418
253 430
253 460
253 476
253 654
253 845
253 888
253 940
253 994
254 334
254 495
254 813
255 273
255 294
255 322
255 333
255 385
255 386
255 410
255 481
255 584
255 654
255 679
255 707
255 709
256 445
256 545
256 599
256 665
256 681
256 745
256 746
256 771
256 852
257 269
257 362
257 376
257 431
257 444
257 464
257 566
257 609
257 616
257 634
257 652
257 660
257 760
257 801
257 814
257 840
258 268
258 269
258 610
258 616
258 652
258 655
258 660
258 688
258 713
258 727
258 760
258 765
258 840
258 881
259 355
259 356
259 411
259 428
259 474
259 478
259 479
259 767
259 779
259 835
259 981
260 303
260 324
260 421
260 423
260 425
260 436
260 471
260 668
260 822
260 880
260 905
260 955
261 351
261 390
261 470
261 530
261 545
261 551
261 625
261 637
261 704
261 784
261 863
261 890
261 919
261 959
262 281
262 512
262 664
262 666
262 695
262 772
262 865
262 873
262 975
263 352
263 458
263 503
263 596
263 615
263 620
263 710
263 748
263 751
263 954
263 990
264 299
264 312
264 360
264 417
264 449
264 544
264 573
264 605
264 648
264 764
264 878
264 943
264 966
265 412
265 500
265 532
265 555
265 636
265 678
265 695
265 788
265 865
265 997
266 277
266 312
266 329
266 534
266 544
266 605
266 648
266 720
266 817
266 878
266 973
266 998
267 297
267 324
267 356
267 425
267 428
267 564
267 594
267 662
267 779
267 835
267 905
267 908
267 916
267 950
267 952
268 484
268 610
268 627
268 652
268 655
268 660
268 688
268 727
268 765
268 848
268 881
269 362
269 559
269 566
269 609
269 610
269 616
269 634
269 652
269 660
269 713
269 760
269 765
269 801
269 840
270 673
270 850
270 853
271 441
271 467
271 830
271 987
272 323
272 325
272 546
272 550
272 624
272 626
272 692
272 699
272 705
272 719
272 758
272 839
272 946
273 294
273 322
273 333
273 386
273 410
273 481
273 584
273 654
273 679
273 707
273 816
274 299
274 347
274 374
274 429
274 456
274 457
274 496
274 570
274 576
274 684
274 846
274 868
275 284
275 347
275 360
275 429
275 449
275 516
275 607
275 667
275 717
275 912
276 349
276 424
276 472
276 522
276 618
276 669
276 682
276 734
276 792
276 849
276 907
276 942
276 949
276 995
277 329
277 487
277 544
277 562
277 605
277 648
277 817
277 823
277 868
277 878
278 367
278 422
278 511
278 533
278 548
278 623
278 697
278 743
278 747
278 982
279 290
279 301
279 302
279 442
279 454
279 466
279 540
279 608
279 647
279 841
279 897
279 926
279 929
280 306
280 309
280 316
280 344
280 413
280 477
280 529
280 761
280 773
280 899
280 936
280 974
280 985
281 459
281 664
281 666
281 695
281 725
281 772
281 803
281 824
281 924
282 287
282 339
282 359
282 372
282 419
282 469
282 729
282 753
282 800
282 891
282 967
283 311
283 389
283 484
283 497
283 617
283 688
283 714
283 727
283 811
283 837
283 848
283 963
283 965
284 343
284 423
284 471
284 516
284 582
284 595
284 607
284 910
284 971
284 989
285 348
285 473
285 509
285 563
285 735
285 820
285 953
286 315
286 336
286 355
286 376
286 401
286 455
286 474
286 478
286 655
286 741
286 767
286 961
286 981
287 295
287 372
287 490
287 510
287 588
287 724
287 753
287 810
287 838
288 320
288 383
288 436
288 439
288 539
288 582
288 592
288 611
288 757
288 851
288 910
288 930
288 955
288 994
289 307
289 387
289 598
289 685
289 893
289 922
289 980
290 442
290 454
290 540
290 608
290 647
290 897
290 926
290 929
291 316
291 365
291 440
291 511
291 552
291 715
291 723
291 743
291 755
291 833
291 869
291 885
291 932
291 978
291 979
291 985
292 324
292 421
292 425
292 427
292 526
292 564
292 662
292 671
292 701
292 702
292 717
292 793
292 795
292 819
292 950
292 952
293 317
293 381
293 392
293 502
293 677
293 738
293 762
293 778
293 855
293 859
293 875
293 877
293 937
293 960
293 962
294 333
294 384
294 386
294 410
294 481
294 584
294 620
294 654
294 679
294 686
294 787
294 889
295 620
295 686
295 753
295 810
295 889
295 954
296 330
296 461
296 463
296 557
296 585
296 736
296 850
296 853
296 928
296 992
297 356
297 382
297 425
297 428
297 430
297 479
297 668
297 691
297 779
297 822
297 905
297 950
298 342
298 345
298 348
298 501
298 509
298 563
298 571
298 731
298 820
298 831
298 858
298 874
298 953
298 991
299 347
299 360
299 429
299 456
299 496
299 573
299 576
299 605
299 648
299 764
299 823
299 868
300 507
300 597
300 649
300 677
300 703
300 738
300 778
300 809
300 855
300 937
300 960
301 540
301 606
301 647
301 812
301 841
301 897
302 442
302 466
302 540
302 786
302 841
302 926
303 423
303 425
303 436
303 439
303 471
303 539
303 582
303 668
303 822
303 880
303 955
303 994
304 310
304 375
304 412
304 488
304 502
304 515
304 628
304 636
304 791
304 815
304 997
305 397
305 438
305 452
305 558
305 600
305 629
305 710
306 316
306 394
306 413
306 491
306 529
306 531
306 569
306 761
306 794
306 900
306 936
307 342
307 345
307 398
307 473
307 509
307 589
307 685
307 731
307 820
307 922
307 991
308 338
308 405
308 453
308 512
308 555
308 639
308 698
308 742
308 805
308 821
308 884
308 957
309 344
309 396
309 477
309 512
309 698
309 773
309 873
309 974
309 975
310 370
310 381
310 393
310 443
310 502
310 515
310 628
310 791
310 935
310 956
310 993
310 999
311 354
311 571
311 617
311 622
311 780
311 811
311 874
311 898
311 965
312 380
312 544
312 605
312 648
312 720
312 766
312 817
312 878
312 943
312 998
313 364
313 528
313 551
313 556
313 612
313 625
313 757
313 862
313 863
313 866
313 895
313 920
314 366
314 368
314 378
314 431
314 464
314 527
314 632
314 829
314 918
314 976
315 336
315 401
315 415
315 437
315 455
315 478
315 538
315 614
315 741
315 767
315 961
316 402
316 413
316 531
316 552
316 569
316 723
316 885
316 899
316 932
316 978
316 979
316 985
316 996
317 381
317 392
317 535
317 541
317 677
317 690
317 762
317 859
317 875
317 877
317 960
317 962
318 353
318 409
318 416
318 432
318 581
318 604
318 638
318 672
318 683
318 721
318 876
318 883
318 887
318 915
318 923
318 931
319 321
319 371
319 508
319 603
319 661
319 681
319 781
319 941
320 383
320 391
320 493
320 539
320 592
320 611
320 612
320 851
320 862
320 886
320 930
321 363
321 371
321 388
321 406
321 603
321 635
321 661
321 771
321 776
321 882
321 925
322 385
322 386
322 410
322 493
322 584
322 654
322 707
322 709
322 886
323 341
323 395
323 550
323 574
323 624
323 626
323 641
323 674
323 692
323 705
323 758
323 802
323 807
323 844
323 977
323 984
324 421
324 423
324 425
324 662
324 793
324 819
324 905
324 916
324 950
324 952
325 546
325 579
325 618
325 663
325 692
325 699
325 719
325 734
325 839
325 913
326 580
326 583
326 659
326 832
326 893
326 980
327 380
327 498
327 518
327 524
327 578
327 653
327 680
327 706
327 720
327 737
327 763
327 766
327 796
327 968
328 420
328 574
328 640
328 641
328 645
328 790
328 857
328 901
328 939
328 945
328 977
328 984
329 487
329 513
329 561
329 562
329 648
329 817
329 878
329 969
329 973
330 361
330 447
330 463
330 557
330 585
330 718
330 736
330 906
330 928
330 944
330 956
331 451
331 462
331 520
331 554
331 593
331 656
331 777
331 785
331 867
331 934
332 441
332 450
332 467
332 494
332 619
332 872
332 907
332 964
332 972
333 384
333 386
333 410
333 476
333 654
333 686
333 787
333 845
334 495
334 659
334 733
334 813
335 373
335 483
335 577
335 700
335 903
336 366
336 368
336 376
336 415
336 455
336 538
336 632
336 646
336 741
336 829
336 961
337 369
337 391
337 470
337 493
337 505
337 528
337 556
337 612
337 709
337 770
337 871
337 914
338 357
338 453
338 468
338 512
338 698
338 777
338 805
338 821
338 896
338 921
338 936
338 957
339 359
339 411
339 419
339 478
339 586
339 729
339 787
339 891
339 967
340 374
340 457
340 520
340 554
340 570
340 656
340 785
340 846
340 989
341 395
341 420
341 513
341 550
341 561
341 574
341 626
341 640
341 641
341 692
341 699
341 705
341 802
341 977
341 983
341 984
342 345
342 473
342 501
342 509
342 563
342 571
342 589
342 731
342 808
342 820
342 874
342 991
343 423
343 436
343 439
343 471
343 516
343 582
343 595
343 607
343 910
343 971
344 396
344 402
344 477
344 670
344 723
344 773
344 899
344 974
344 975
344 985
345 501
345 509
345 518
345 589
345 731
345 737
345 808
345 874
345 879
345 948
345 991
346 361
346 407
346 543
346 736
346 768
346 944
346 992
347 360
347 374
347 429
347 496
347 570
347 576
347 607
347 667
347 846
347 989
348 473
348 482
348 509
348 563
348 571
348 831
348 858
348 911
348 953
348 991
349 472
349 522
349 619
349 669
349 682
349 792
349 849
349 870
349 907
349 938
349 942
349 949
349 964
349 972
350 372
350 469
350 525
350 567
350 588
350 754
350 774
350 800
350 818
350 909
351 390
351 551
351 587
351 625
351 637
351 650
351 657
351 704
351 784
351 863
351 920
351 959
352 481
352 596
352 615
352 620
352 631
352 679
352 748
352 816
352 889
352 954
353 416
353 504
353 602
353 638
353 716
353 721
353 854
353 871
353 876
353 887
353 915
353 931
354 482
354 547
354 571
354 617
354 714
354 739
354 775
354 811
354 831
354 858
355 401
355 474
355 610
355 627
355 655
355 767
355 835
355 840
355 881
355 981
356 382
356 411
356 428
356 430
356 479
356 691
356 779
356 822
356 835
356 888
356 905
356 940
357 394
357 453
357 468
357 477
357 529
357 698
357 777
357 805
357 896
357 936
357 957
358 404
358 432
358 485
358 508
358 672
358 683
358 732
358 781
358 883
358 923
358 941
359 384
359 419
359 586
359 686
359 729
359 787
360 417
360 429
360 449
360 573
360 667
360 764
360 912
361 736
361 768
361 906
361 928
361 944
361 992
362 368
362 376
362 431
362 444
362 464
362 566
362 760
362 801
362 840
362 976
363 388
363 433
363 635
363 882
363 903
364 592
364 611
364 612
364 757
364 862
364 866
364 895
364 920
365 379
365 402
365 440
365 552
365 711
365 715
365 723
365 743
365 833
365 869
365 885
365 979
366 368
366 378
366 431
366 464
366 527
366 566
366 632
366 741
366 829
366 918
366 976
367 379
367 440
367 697
367 743
367 982
368 376
368 431
368 527
368 566
368 632
368 741
368 829
368 976
369 470
369 528
369 556
369 565
369 612
369 770
369 863
369 871
369 890
369 914
370 393
370 408
370 443
370 447
370 515
370 542
370 628
370 718
370 750
370 791
370 935
370 956
370 993
370 999
371 445
371 508
371 603
371 661
371 681
371 771
371 941
372 510
372 588
372 753
372 754
372 756
372 774
372 800
372 810
372 838
373 483
373 549
373 577
373 722
373 882
373 892
373 903
374 429
374 456
374 457
374 496
374 570
374 576
374 846
374 989
375 412
375 488
375 515
375 628
375 636
375 789
375 791
375 988
375 997
376 401
376 431
376 566
376 652
376 655
376 741
376 840
376 961
377 434
377 459
377 461
377 536
377 621
377 673
377 726
377 749
377 789
377 847
378 400
378 527
378 918
378 976
379 440
379 697
379 711
379 715
379 743
379 752
379 833
380 498
380 523
380 680
380 720
380 763
380 766
380 796
380 943
380 966
380 968
381 392
381 443
381 502
381 677
381 855
381 875
381 877
381 999
382 418
382 430
382 460
382 476
382 539
382 668
382 691
382 822
382 845
382 880
382 888
382 940
382 994
383 385
383 386
383 418
383 460
383 539
383 845
383 851
383 886
383 930
383 955
383 994
384 386
384 476
384 586
384 654
384 686
384 787
384 845
384 888
384 940
385 386
385 410
385 418
385 460
385 493
385 654
385 845
385 851
385 886
385 930
386 410
386 418
386 460
386 476
386 654
386 845
386 886
387 398
387 448
387 580
387 598
387 633
387 693
387 832
387 870
387 893
387 922
387 980
388 406
388 433
388 635
388 776
388 860
388 882
389 484
389 497
389 564
389 594
389 627
389 662
389 671
389 688
389 702
389 837
389 848
389 916
389 952
389 963
389 965
390 531
390 545
390 587
390 601
390 704
390 744
390 784
390 836
390 900
390 904
390 959
391 493
391 556
391 592
391 612
391 851
391 862
391 886
391 914
391 930
392 408
392 443
392 535
392 859
392 951
392 999
393 408
393 443
393 447
393 542
393 658
393 718
393 750
393 935
393 956
393 993
393 999
394 462
394 468
394 491
394 529
394 761
394 777
394 794
394 936
395 550
395 624
395 641
395 674
395 705
395 740
395 758
395 802
395 804
395 807
395 844
395 945
395 984
396 402
396 666
396 670
396 773
396 824
396 975
397 399
397 452
397 600
397 629
397 783
398 448
398 589
398 598
398 633
398 693
398 870
398 922
398 938
398 948
398 980
399 452
399 521
399 602
399 629
399 638
399 730
399 783
399 915
400 486
400 527
400 632
400 644
400 651
400 828
400 861
400 918
401 474
401 655
401 741
401 767
401 840
401 881
401 961
401 981
402 552
402 670
402 723
402 797
402 869
402 899
402 979
402 985
403 405
403 519
403 537
403 575
403 639
403 642
403 684
403 687
403 728
403 742
403 826
403 856
403 884
403 947
403 986
404 409
404 485
404 517
404 581
404 643
404 672
404 683
404 732
404 759
404 781
404 883
404 917
405 555
405 639
405 642
405 728
405 742
405 788
405 821
405 884
405 947
405 957
405 986
406 422
406 568
406 603
406 623
406 635
406 771
406 776
406 852
406 860
406 925
407 543
407 768
407 992
408 443
408 542
408 750
408 951
408 993
408 999
409 416
409 517
409 581
409 604
409 638
409 672
409 683
409 876
409 883
409 917
409 923
409 931
410 493
410 584
410 654
410 707
410 845
410 886
411 430
411 474
411 476
411 479
411 586
411 691
411 888
411 940
412 488
412 500
412 515
412 532
412 636
412 815
412 997
413 491
413 529
413 531
413 569
413 587
413 744
413 761
413 794
413 900
413 978
414 475
414 489
414 536
414 769
414 827
414 924
415 437
415 455
415 469
415 525
415 538
415 614
415 646
415 818
415 891
415 961
416 581
416 604
416 638
416 783
416 876
416 883
416 887
416 915
416 923
416 931
417 427
417 449
417 573
417 613
417 795
417 912
417 943
417 966
418 430
418 460
418 476
418 539
418 668
418 691
418 822
418 845
418 880
418 940
418 955
418 994
419 455
419 469
419 478
419 586
419 614
419 729
419 891
419 967
420 513
420 574
420 640
420 641
420 645
420 857
420 901
420 939
420 969
420 977
420 984
421 423
421 425
421 471
421 516
421 717
421 793
421 795
421 819
422 533
422 548
422 568
422 623
422 635
422 675
422 747
422 771
422 776
422 852
422 860
422 925
423 425
423 436
423 471
423 516
423 582
423 717
423 793
423 819
424 492
424 498
424 523
424 578
424 669
424 680
424 682
424 708
424 734
424 792
424 927
424 942
424 995
425 471
425 668
425 819
425 822
425 880
425 905
425 950
426 559
426 609
426 634
426 676
426 760
426 814
426 933
427 449
427 526
427 613
427 671
427 701
427 717
427 793
427 795
427 819
427 912
428 479
428 594
428 627
428 779
428 835
428 905
428 908
428 916
428 950
429 496
429 570
429 576
429 667
429 764
429 868
429 912
430 476
430 479
430 668
430 691
430 779
430 822
430 888
430 940
431 444
431 464
431 527
431 566
431 801
431 829
431 976
432 672
432 716
432 721
432 745
432 876
432 883
432 887
432 923
432 931
432 941
433 882
434 459
434 489
434 536
434 621
434 673
434 725
434 726
434 749
434 789
434 847
435 541
435 690
435 762
435 859
435 864
435 962
436 439
436 471
436 539
436 582
436 668
436 880
436 910
436 955
436 994
437 455
437 469
437 525
437 538
437 614
437 646
437 800
437 818
437 891
437 967
438 452
438 521
438 558
438 591
438 596
438 600
438 631
438 710
438 748
438 816
439 471
439 539
439 582
439 593
439 595
439 611
439 910
439 955
439 971
440 511
440 697
440 711
440 715
440 743
440 833
441 467
441 472
441 830
441 849
441 972
441 987
442 466
442 567
442 608
442 754
442 786
442 841
442 897
442 909
442 926
442 929
443 535
443 542
443 951
443 993
443 999
444 464
444 801
444 814
444 976
445 599
445 603
445 665
445 681
445 745
445 746
445 771
445 852
446 572
446 689
446 694
446 711
446 752
446 797
446 834
447 463
447 585
447 628
447 718
447 750
447 791
447 935
447 956
447 988
448 522
448 633
448 682
448 693
448 870
448 922
448 938
448 948
448 980
449 573
449 613
449 667
449 717
449 793
449 795
449 912
449 966
450 494
450 580
450 583
450 619
450 633
450 832
450 872
450 907
450 964
450 980
451 462
451 650
451 657
451 866
451 867
451 895
451 920
451 934
452 521
452 558
452 596
452 600
452 629
452 631
452 730
453 468
453 477
453 512
453 698
453 805
453 821
453 896
453 936
453 957
453 974
454 486
454 606
454 608
454 647
454 651
454 828
454 897
454 929
455 469
455 478
455 525
455 538
455 614
455 646
455 767
455 891
455 961
456 457
456 496
456 576
456 684
456 823
456 868
457 499
457 575
457 656
457 684
457 742
457 826
457 846
457 921
458 490
458 503
458 712
458 724
458 751
458 810
458 990
459 489
459 536
459 725
459 726
459 772
459 803
459 847
459 924
460 476
460 539
460 668
460 845
460 851
460 880
460 886
460 930
460 955
460 994
461 557
461 621
461 673
461 749
461 850
461 853
462 468
462 554
462 777
462 785
462 867
463 557
463 585
463 718
463 736
463 850
463 928
463 956
463 988
464 801
464 814
464 976
465 487
465 506
465 519
465 562
465 645
465 687
465 782
465 809
465 823
466 540
466 786
466 841
466 926
467 494
467 813
467 972
467 987
468 529
468 777
468 805
468 896
468 936
468 957
469 525
469 614
469 646
469 729
469 800
469 818
469 891
469 909
469 967
470 528
470 530
470 551
470 556
470 565
470 612
470 637
470 863
470 890
470 914
471 516
471 582
471 717
471 971
472 522
472 669
472 792
472 849
472 907
472 949
472 964
472 972
473 509
473 563
473 685
473 735
473 820
473 953
473 991
474 478
474 479
474 767
474 835
474 981
475 480
475 489
475 590
475 799
475 803
475 827
475 924
476 586
476 654
476 787
476 845
476 888
476 940
477 529
477 698
477 761
477 773
477 896
477 899
477 936
477 974
478 614
478 767
478 981
479 586
479 691
479 779
479 835
479 888
479 940
479 981
480 590
480 666
480 689
480 694
480 799
480 803
480 824
481 584
481 591
481 620
481 631
481 679
481 816
481 889
481 954
482 547
482 571
482 676
482 696
482 714
482 739
482 775
482 811
482 831
482 858
482 902
483 549
483 577
483 700
483 722
483 892
483 903
484 617
484 688
484 714
484 727
484 765
484 811
484 848
484 963
484 965
485 508
485 643
485 722
485 732
485 781
486 527
486 606
486 632
486 644
486 647
486 651
486 828
486 861
486 918
487 506
487 562
487 645
487 782
487 809
487 857
487 969
488 515
488 621
488 628
488 636
488 789
488 791
488 988
488 997
489 536
489 769
489 803
489 827
489 847
489 924
490 510
490 588
490 712
490 724
490 751
490 756
490 810
490 838
491 529
491 531
491 587
491 650
491 657
491 704
491 794
491 900
491 959
492 523
492 534
492 579
492 618
492 669
492 699
492 734
492 825
492 927
492 983
492 995
492 998
493 556
493 592
493 612
493 851
493 886
493 914
494 619
494 733
494 813
494 872
494 964
494 972
495 733
495 813
496 570
496 576
496 846
496 868
497 526
497 564
497 662
497 671
497 701
497 702
497 837
497 848
497 952
497 963
497 965
498 523
498 578
498 680
498 720
498 763
498 766
498 796
498 927
498 942
498 968
498 995
498 998
499 554
499 575
499 639
499 656
499 742
499 805
499 826
499 846
499 884
499 921
499 986
500 507
500 532
500 553
500 642
500 678
500 728
500 788
500 815
501 514
501 518
501 571
501 589
501 622
501 653
501 706
501 731
501 737
501 780
501 808
501 874
501 879
501 991
502 515
502 677
502 778
502 815
502 855
502 877
503 596
503 615
503 710
503 748
503 751
503 954
503 990
504 505
504 565
504 602
504 638
504 721
504 730
504 770
504 854
504 871
504 915
504 931
505 584
505 591
505 602
505 707
505 709
505 730
505 770
505 854
505 871
505 970
506 519
506 537
506 562
506 684
506 687
506 782
506 809
506 856
507 537
507 553
507 642
507 649
507 815
507 855
508 661
508 672
508 681
508 781
508 941
509 563
509 571
509 589
509 731
509 735
509 820
509 874
509 953
509 991
510 588
510 712
510 724
510 756
510 774
510 810
510 838
511 533
511 548
511 675
511 697
511 715
511 743
511 747
511 755
511 843
511 885
511 932
512 555
512 698
512 821
512 873
512 896
512 957
512 974
513 561
513 574
513 969
513 973
513 977
514 518
514 524
514 560
514 622
514 653
514 706
514 737
514 780
514 796
514 808
514 879
514 898
515 628
515 791
515 815
515 935
515 997
515 999
516 607
516 667
516 717
516 793
516 819
516 912
516 971
517 581
517 683
517 732
517 759
517 917
518 589
518 653
518 680
518 706
518 731
518 737
518 780
518 796
518 808
518 879
518 948
519 537
519 649
519 687
519 703
519 782
519 809
519 856
520 554
520 570
520 593
520 595
520 607
520 656
520 785
520 846
520 934
520 989
521 591
521 596
521 600
521 629
521 631
521 730
521 816
521 970
522 619
522 633
522 682
522 693
522 792
522 870
522 907
522 938
522 942
522 964
523 534
523 578
523 720
523 763
523 766
523 825
523 927
523 968
523 998
524 560
524 653
524 706
524 796
524 966
525 538
525 608
525 614
525 646
525 800
525 818
525 891
525 909
526 564
526 613
526 662
526 671
526 701
526 702
526 793
526 795
526 819
526 837
526 952
527 632
527 651
527 829
527 918
527 976
528 551
528 556
528 565
528 612
528 625
528 637
528 862
528 863
528 890
528 914
529 761
529 794
529 936
530 565
530 637
530 716
530 721
530 745
530 746
530 871
530 890
530 919
531 569
531 587
531 601
531 704
531 744
531 794
531 836
531 900
531 932
531 978
531 996
532 553
532 555
532 636
532 678
532 728
532 788
532 865
532 997
533 548
533 568
533 675
533 747
533 755
533 843
533 852
533 860
533 894
533 925
534 561
534 579
534 720
534 825
534 968
534 973
534 983
534 998
535 541
535 859
535 951
535 962
536 673
536 749
536 769
536 847
536 924
537 553
537 642
537 649
537 687
537 728
537 809
537 856
537 947
538 632
538 646
538 741
538 829
538 961
539 668
539 851
539 880
539 930
539 955
539 994
540 606
540 647
540 812
540 841
540 897
540 926
541 690
541 762
541 859
541 864
541 962
542 658
542 718
542 750
542 906
542 956
542 993
542 999
543 768
543 992
544 605
544 648
544 720
544 764
544 817
544 823
544 878
544 943
545 601
545 665
545 704
545 746
545 784
545 836
545 894
545 904
545 919
546 624
546 663
546 719
546 798
546 839
546 913
547 559
547 630
547 676
547 696
547 713
547 714
547 739
547 775
547 811
547 831
547 902
548 568
548 675
548 743
548 747
548 755
548 843
548 885
548 932
549 577
549 700
549 722
549 892
549 903
550 574
550 579
550 624
550 626
550 641
550 692
550 699
550 705
550 719
550 758
550 839
550 977
550 983
551 556
551 625
551 637
551 650
551 862
551 863
551 890
551 895
551 920
552 715
552 723
552 833
552 869
552 885
552 899
552 978
552 979
552 985
553 642
553 649
553 728
553 788
553 815
554 656
554 777
554 785
554 867
554 921
555 678
555 728
555 788
555 821
555 865
555 884
555 957
556 592
556 612
556 862
556 914
557 736
557 850
557 853
557 928
557 992
558 596
558 600
558 710
558 748
558 990
559 609
559 616
559 630
559 634
559 660
559 676
559 713
559 739
559 760
559 765
559 775
559 902
559 933
560 613
560 622
560 701
560 706
560 780
560 898
560 966
561 574
561 626
561 699
561 825
561 969
561 973
561 983
561 998
562 645
562 687
562 782
562 823
563 571
563 735
563 820
563 831
563 858
563 953
563 991
564 594
564 627
564 662
564 671
564 702
564 837
564 848
564 916
564 952
564 963
565 637
565 716
565 770
565 863
565 871
565 890
565 919
566 741
566 801
566 829
566 840
567 608
567 754
567 774
567 786
567 800
567 818
567 842
567 909
568 599
568 623
568 675
568 747
568 771
568 776
568 852
568 860
568 894
568 925
569 587
569 601
569 744
569 794
569 885
569 900
569 932
569 978
569 979
569 985
569 996
570 607
570 846
570 989
571 731
571 780
571 831
571 858
571 874
571 991
572 689
572 694
572 711
572 752
572 797
572 833
572 834
572 869
573 605
573 613
573 667
573 764
573 912
573 943
573 966
574 626
574 640
574 641
574 939
574 969
574 973
574 977
574 983
574 984
575 639
575 684
575 687
575 742
575 826
575 856
575 884
575 947
575 986
576 764
576 823
576 868
577 700
577 892
578 680
578 708
578 763
578 796
578 927
578 942
578 968
578 995
579 618
579 626
579 692
579 699
579 734
579 825
579 839
579 983
579 995
580 583
580 598
580 633
580 659
580 832
580 872
580 893
580 980
581 604
581 672
581 683
581 883
581 917
582 593
582 595
582 611
582 910
582 955
582 971
583 659
583 733
583 832
583 872
583 893
583 980
584 591
584 631
584 679
584 707
584 709
584 816
584 970
585 621
585 628
585 718
585 928
585 935
585 956
585 988
586 729
586 787
586 888
586 940
587 601
587 650
587 657
587 704
587 744
587 784
587 794
587 900
587 959
588 712
588 724
588 753
588 754
588 756
588 774
588 810
588 838
588 842
589 693
589 731
589 737
589 808
589 948
589 991
590 689
590 799
590 827
591 602
591 631
591 679
591 707
591 709
591 730
591 816
591 970
592 612
592 851
592 862
592 886
592 914
592 930
593 595
593 611
593 757
593 910
593 934
593 971
594 627
594 662
594 688
594 702
594 848
594 908
594 916
594 950
594 952
594 963
595 607
595 611
595 910
595 971
595 989
596 600
596 615
596 631
596 710
596 748
596 816
596 990
597 649
597 677
597 703
597 738
597 778
597 809
597 901
597 937
597 960
598 685
598 893
598 922
598 980
599 603
599 665
599 681
599 771
599 776
599 852
599 894
600 629
600 631
600 710
600 748
601 704
601 744
601 784
601 836
601 900
601 904
601 932
601 996
602 709
602 730
602 770
602 854
602 871
602 915
602 970
603 661
603 681
603 771
603 776
603 852
603 925
604 638
604 683
604 783
604 876
604 883
604 923
605 648
605 764
605 817
605 823
605 868
605 878
605 943
606 644
606 647
606 812
606 828
606 861
606 897
607 910
607 971
607 989
608 646
608 897
608 909
608 926
608 929
609 616
609 634
609 660
609 676
609 713
609 760
609 814
609 933
610 616
610 652
610 655
610 660
610 688
610 765
610 840
610 881
611 757
611 910
611 971
612 862
612 914
613 701
613 795
613 912
613 966
614 818
614 891
614 967
615 620
615 748
615 751
615 816
615 954
615 990
616 634
616 652
616 660
616 676
616 713
616 739
616 760
616 765
617 622
617 714
617 727
617 775
617 811
617 963
617 965
618 669
618 699
618 734
618 792
618 839
618 913
618 942
618 949
618 995
619 633
619 832
619 870
619 872
619 907
619 964
619 972
620 679
620 816
620 889
620 954
621 726
621 749
621 789
621 850
621 988
622 780
622 874
622 879
622 898
622 965
623 635
623 747
623 860
623 925
623 982
624 705
624 719
624 758
624 804
624 807
624 839
624 844
624 946
625 650
625 657
625 704
625 863
625 895
625 920
625 959
626 641
626 692
626 699
626 705
626 825
626 839
626 977
626 983
627 688
627 835
627 848
627 881
627 908
627 916
628 791
628 935
628 956
628 988
629 730
629 783
630 676
630 696
630 902
630 911
630 933
631 679
631 816
631 970
632 651
632 829
632 918
633 682
633 693
633 832
633 870
633 872
633 907
633 938
633 964
633 980
634 660
634 676
634 713
634 739
634 760
634 765
634 814
634 933
635 776
635 860
635 925
636 678
636 695
636 789
636 865
636 997
637 716
637 863
637 890
637 919
638 730
638 783
638 876
638 887
638 915
638 931
639 642
639 728
639 742
639 805
639 821
639 826
639 856
639 884
639 921
639 947
639 986
640 641
640 802
640 857
640 901
640 939
640 945
640 977
640 984
641 674
641 705
641 802
641 807
641 939
641 945
641 977
641 984
642 728
642 788
642 856
642 947
642 986
643 722
643 732
643 759
643 781
643 917
644 647
644 812
644 828
644 861
645 703
645 782
645 809
645 857
645 901
645 969
646 818
646 929
647 812
647 828
647 897
647 926
647 929
648 764
648 817
648 823
648 868
648 878
649 703
649 778
649 809
649 937
650 657
650 704
650 866
650 895
650 920
650 959
651 828
651 829
651 861
651 918
651 929
652 655
652 660
652 760
652 765
652 840
652 881
653 680
653 706
653 737
653 763
653 780
653 796
653 808
653 879
654 686
654 845
655 767
655 840
655 881
656 777
656 785
656 846
656 921
657 704
657 794
657 866
657 900
657 920
657 959
658 718
658 750
658 906
658 944
658 956
658 993
659 733
659 832
659 872
660 713
660 760
660 765
660 840
660 881
661 681
661 771
661 776
662 671
662 702
662 819
662 905
662 908
662 916
662 950
662 952
663 719
663 798
663 830
663 913
664 666
664 695
664 725
664 772
664 865
664 873
665 746
665 784
665 836
665 894
665 919
666 799
666 803
666 824
666 975
667 717
667 793
667 795
667 912
668 691
668 822
668 880
668 905
668 955
668 994
669 682
669 734
669 792
669 927
669 942
669 949
669 995
670 694
670 723
670 797
670 869
670 975
671 701
671 702
671 793
671 819
671 837
671 952
672 683
672 732
672 781
672 883
672 917
672 923
672 941
673 749
673 769
673 850
673 853
674 705
674 740
674 758
674 802
674 807
674 844
674 945
674 958
674 984
675 747
675 755
675 843
675 852
675 894
675 904
675 932
676 696
676 713
676 714
676 739
676 765
676 775
676 902
676 933
677 738
677 778
677 855
677 875
677 877
677 937
677 960
678 728
678 788
678 865
678 997
679 707
679 816
679 970
680 708
680 737
680 763
680 766
680 796
680 927
680 968
681 771
681 941
682 693
682 708
682 792
682 870
682 907
682 938
682 942
683 732
683 759
683 781
683 883
683 917
683 923
684 687
684 826
684 856
684 986
685 735
685 820
685 922
686 787
686 889
687 782
687 856
688 714
688 727
688 765
688 848
688 881
688 963
689 694
689 797
689 799
689 834
690 738
690 762
690 790
690 806
690 864
690 875
690 958
690 960
690 962
691 779
691 822
691 888
691 905
691 940
692 699
692 705
692 719
692 758
692 825
692 839
692 983
693 708
693 870
693 922
693 938
693 948
694 752
694 797
694 834
694 869
695 725
695 726
695 772
695 865
696 831
696 902
696 911
697 711
697 715
697 743
698 773
698 805
698 873
698 896
698 957
698 974
699 719
699 734
699 825
699 839
699 983
700 892
701 702
701 793
701 795
701 837
702 837
702 916
702 952
702 963
702 965
703 782
703 809
703 857
703 901
703 937
704 744
704 784
704 836
704 900
704 959
705 758
705 802
705 804
705 807
705 844
705 946
705 977
705 984
706 737
706 780
706 796
706 879
707 709
707 770
707 970
708 737
708 796
708 927
708 938
708 942
708 948
709 770
709 854
709 914
709 970
710 748
710 990
711 715
711 752
711 833
711 869
712 724
712 756
712 810
712 838
713 714
713 727
713 739
713 760
713 765
713 775
713 902
714 727
714 739
714 765
714 775
714 811
714 848
715 743
715 833
715 869
715 885
715 979
716 721
716 745
716 746
716 887
716 919
716 931
717 793
717 795
717 819
717 912
718 750
718 906
718 935
718 944
718 956
719 758
719 798
719 839
719 913
720 763
720 766
720 878
720 943
720 968
720 998
721 745
721 871
721 876
721 887
721 915
721 923
721 931
722 732
722 892
723 869
723 899
723 978
723 979
723 985
724 751
724 756
724 810
724 838
725 726
725 772
725 789
725 847
726 749
726 772
726 789
726 847
727 739
727 765
727 811
727 848
727 963
728 788
728 821
728 884
728 947
728 986
729 753
729 787
729 891
729 967
730 854
730 915
730 970
731 780
731 808
731 874
731 879
731 991
732 759
732 781
732 917
733 813
733 832
733 872
734 792
734 825
734 927
734 942
734 995
735 820
735 953
736 768
736 850
736 853
736 928
736 992
737 763
737 796
737 808
737 879
737 948
738 762
738 778
738 790
738 806
738 875
738 901
738 937
738 960
739 765
739 775
739 811
739 902
740 790
740 802
740 807
740 939
740 945
740 958
740 984
741 829
741 840
741 961
742 805
742 821
742 826
742 884
742 921
742 947
742 986
743 755
743 843
743 885
744 794
744 836
744 885
744 900
744 904
744 932
744 978
744 996
745 746
745 887
745 919
746 919
747 843
747 860
747 925
747 982
748 751
748 954
748 990
749 789
749 847
749 850
750 906
750 935
750 956
750 993
750 999
751 990
752 797
752 833
752 834
752 869
753 774
753 800
753 838
753 967
754 774
754 786
754 842
754 909
755 843
755 885
755 904
755 932
755 978
755 996
756 774
756 838
756 842
757 862
757 866
757 895
757 910
757 934
758 802
758 804
758 807
758 839
758 844
758 946
759 917
760 765
760 801
760 814
760 933
761 773
761 794
761 896
761 899
761 936
761 974
762 806
762 859
762 864
762 875
762 960
762 962
763 766
763 796
763 927
763 968
764 823
764 868
765 775
766 796
766 968
766 998
767 961
767 981
768 992
769 847
770 854
770 871
770 914
771 776
771 852
771 925
772 865
773 896
773 899
773 974
773 975
774 786
774 800
774 838
774 842
774 909
775 811
775 831
775 902
776 852
776 860
776 925
777 785
777 805
777 867
777 921
777 936
778 855
778 875
778 877
778 937
778 960
779 835
779 905
779 908
779 916
779 950
780 808
780 874
780 879
780 898
781 941
782 809
782 857
784 836
784 959
785 867
785 934
786 842
786 909
788 947
789 988
790 806
790 864
790 901
790 939
790 945
790 958
790 960
791 935
791 956
791 988
791 999
792 849
792 907
792 938
792 942
792 949
792 995
793 795
793 819
793 912
793 952
794 900
795 819
795 912
797 833
797 834
797 869
798 830
798 913
799 803
799 824
799 827
799 924
800 818
800 891
800 909
800 967
801 814
801 976
802 807
802 844
802 939
802 945
802 958
802 977
802 984
803 824
803 847
803 924
804 807
804 844
804 946
805 821
805 884
805 896
805 921
805 957
806 864
806 875
806 901
806 958
806 960
807 844
807 984
808 874
808 879
808 948
808 991
809 937
810 838
811 858
811 963
811 965
814 933
815 855
815 997
816 954
816 970
817 823
817 878
817 969
817 973
818 891
818 909
818 967
819 952
820 953
820 991
821 884
821 947
821 957
822 880
822 905
822 940
822 994
823 868
823 878
824 924
824 975
825 983
825 998
826 856
826 884
826 921
826 947
826 986
827 924
828 861
828 897
828 918
831 858
831 911
831 953
832 872
832 893
832 980
833 869
835 908
835 916
835 981
836 894
836 904
836 932
836 996
837 898
837 952
837 963
837 965
839 913
839 983
840 881
840 961
841 926
843 885
843 894
843 904
843 932
843 978
843 996
844 946
845 886
845 940
845 994
846 989
847 924
848 963
848 965
849 913
849 949
849 964
849 972
850 853
850 928
851 886
851 930
851 994
852 894
852 925
854 871
854 915
854 970
855 875
855 877
855 937
855 960
856 947
856 986
857 901
857 939
857 969
858 874
858 991
859 951
859 962
860 925
861 918
862 895
862 920
863 890
863 919
864 958
864 962
866 867
866 895
866 920
866 934
867 934
869 979
870 907
870 938
872 964
872 972
873 974
873 975
874 879
874 991
875 877
875 937
875 960
875 962
876 883
876 887
876 915
876 923
876 931
877 937
877 960
878 973
880 955
880 994
882 903
883 887
883 923
883 931
883 941
884 921
884 947
884 957
884 986
885 932
885 978
885 979
885 985
885 996
886 930
887 915
887 923
887 931
888 940
889 954
890 919
891 967
893 922
893 980
894 904
895 920
896 936
896 957
896 974
897 926
897 929
898 965
899 979
899 985
900 959
901 939
901 945
902 911
902 933
904 932
904 996
905 916
905 950
906 944
907 938
907 949
907 964
907 972
908 916
908 950
910 971
911 953
913 949
915 923
915 931
916 950
916 952
920 959
922 980
923 931
923 941
926 929
927 942
927 968
927 995
928 944
928 992
930 955
930 994
932 978
932 996
935 956
935 988
935 993
935 999
937 960
938 942
938 948
939 945
939 958
939 977
939 984
942 995
943 966
944 992
945 958
945 977
945 984
947 986
949 972
950 952
951 999
955 994
956 988
956 993
958 984
963 965
964 972
968 998
969 973
971 989
972 987
973 998
974 975
977 984
978 979
978 985
978 996
979 985
993 999
