1000
0 0.321181 0.877003
1 0.753596 0.705923
2 0.709819 0.096593
3 0.552949 0.934980
4 0.781863 0.245001
5 0.969214 0.683340
6 0.704079 0.359547
7 0.152884 0.875428
8 0.229079 0.620643
9 0.278147 0.919226
10 0.691841 0.528954
11 0.593818 0.889845
12 0.146162 0.990308
13 0.648709 0.563672
14 0.305014 0.790933
15 0.469270 0.098936
16 0.330730 0.465897
17 0.556049 0.437459
18 0.341276 0.914360
19 0.670917 0.040823
20 0.323059 0.091525
21 0.407451 0.626996
22 0.974798 0.927941
23 0.203172 0.398081
24 0.377521 0.047118
25 0.632618 0.515050
26 0.108283 0.263894
27 0.476328 0.383804
28 0.527581 0.981467
29 0.768780 0.836695
30 0.465469 0.128388
31 0.798808 0.696958
32 0.380014 0.883192
33 0.212819 0.273095
34 0.816620 0.197108
35 0.954095 0.046042
36 0.760759 0.184054
37 0.340473 0.548532
38 0.732917 0.208326
39 0.141697 0.538617
40 0.095915 0.889682
41 0.849350 0.463158
42 0.136138 0.675327
43 0.346964 0.125777
44 0.728684 0.518810
45 0.907946 0.962033
46 0.284078 0.378693
47 0.805291 0.377288
48 0.089707 0.586323
49 0.362136 0.899672
50 0.909798 0.207866
51 0.704767 0.384643
52 0.065016 0.631707
53 0.125220 0.785926
54 0.936445 0.093777
55 0.012370 0.942224
56 0.468536 0.491051
57 0.768405 0.419866
58 0.781797 0.627422
59 0.991845 0.698680
60 0.448342 0.986332
61 0.478777 0.891653
62 0.332060 0.230998
63 0.270718 0.748544
64 0.060552 0.909415
65 0.073198 0.151114
66 0.757223 0.246127
67 0.750725 0.099806
68 0.905380 0.658166
69 0.957931 0.873725
70 0.226243 0.047139
71 0.107481 0.647807
72 0.117696 0.169582
73 0.496846 0.246165
74 0.465974 0.935520
75 0.149407 0.257227
76 0.294811 0.471932
77 0.886765 0.583723
78 0.597476 0.251661
79 0.834198 0.931544
80 0.088191 0.052324
81 0.853681 0.235444
82 0.389715 0.239510
83 0.145835 0.317729
84 0.764997 0.884893
85 0.813856 0.719143
86 0.920942 0.248121
87 0.655389 0.316301
88 0.962354 0.520379
89 0.227259 0.817499
90 0.636026 0.921460
91 0.250083 0.032049
92 0.049831 0.501671
93 0.623406 0.644366
94 0.521841 0.500790
95 0.978429 0.657830
96 0.438317 0.305237
97 0.481598 0.419260
98 0.394859 0.072955
99 0.076001 0.366215
100 0.696827 0.780054
101 0.727360 0.027070
102 0.503103 0.784099
103 0.527547 0.347752
104 0.700966 0.119209
105 0.104977 0.405736
106 0.657728 0.136142
107 0.303365 0.016851
108 0.242469 0.730213
109 0.700733 0.210220
110 0.238771 0.489891
111 0.006535 0.304312
112 0.842381 0.362621
113 0.146642 0.714718
114 0.370352 0.276504
115 0.697794 0.286056
116 0.500644 0.642786
117 0.256190 0.781340
118 0.547898 0.602666
119 0.684894 0.948752
120 0.621179 0.341124
121 0.472983 0.304705
122 0.686884 0.892156
123 0.670457 0.974960
124 0.005860 0.416130
125 0.261098 0.660986
126 0.540949 0.544213
127 0.160486 0.235355
128 0.237662 0.761947
129 0.539842 0.794216
130 0.888428 0.367656
131 0.781216 0.469674
132 0.572802 0.496903
133 0.391107 0.742895
134 0.281434 0.800414
135 0.723367 0.413815
136 0.007957 0.336991
137 0.121599 0.193236
138 0.885920 0.060623
139 0.655109 0.423631
140 0.810780 0.780475
141 0.266924 0.099599
142 0.635014 0.787916
143 0.504016 0.679465
144 0.841805 0.670985
145 0.011997 0.535934
146 0.410640 0.962910
147 0.398788 0.575109
148 0.430020 0.465208
149 0.498420 0.195453
150 0.567477 0.966985
151 0.205394 0.649892
152 0.464069 0.871319
153 0.891978 0.717641
154 0.864479 0.914190
155 0.722240 0.798214
156 0.593496 0.934953
157 0.713066 0.338000
158 0.081699 0.334844
159 0.996449 0.078543
160 0.634892 0.878622
161 0.036500 0.194391
162 0.626192 0.138139
163 0.566157 0.620287
164 0.898271 0.474080
165 0.297934 0.614745
166 0.310892 0.428486
167 0.027993 0.665509
168 0.617411 0.066426
169 0.746510 0.351640
170 0.545321 0.566516
171 0.476988 0.980783
172 0.447191 0.817133
173 0.428036 0.512845
174 0.598479 0.603149
175 0.365477 0.153993
176 0.173097 0.698316
177 0.738702 0.318338
178 0.843845 0.204016
179 0.948877 0.014731
180 0.323015 0.163163
181 0.770578 0.007360
182 0.477000 0.203563
183 0.856947 0.171492
184 0.908063 0.871794
185 0.409380 0.393641
186 0.104983 0.121460
187 0.255718 0.465599
188 0.734717 0.857405
189 0.539314 0.010104
190 0.742985 0.445218
191 0.786343 0.493597
192 0.226144 0.458792
193 0.197874 0.130699
194 0.550038 0.675984
195 0.061813 0.572379
196 0.767131 0.978256
197 0.457126 0.026753
198 0.435054 0.664739
199 0.955803 0.743489
200 0.513737 0.726008
201 0.147097 0.061669
202 0.411878 0.099296
203 0.034005 0.868331
204 0.759684 0.045564
205 0.241636 0.882680
206 0.966175 0.219246
207 0.582683 0.772271
208 0.362564 0.418590
209 0.223760 0.189914
210 0.246038 0.135341
211 0.896752 0.283556
212 0.024138 0.066953
213 0.087048 0.702139
214 0.407325 0.712978
215 0.314973 0.061985
216 0.989767 0.242218
217 0.851600 0.887137
218 0.021359 0.141115
219 0.760297 0.780842
220 0.532096 0.040915
221 0.290869 0.090450
222 0.840787 0.155621
223 0.424813 0.489108
224 0.317572 0.698653
225 0.412430 0.162170
226 0.278995 0.976807
227 0.991030 0.539379
228 0.392756 0.129920
229 0.338537 0.500416
230 0.509518 0.084793
231 0.247020 0.927429
232 0.719356 0.903464
233 0.205595 0.998643
234 0.601863 0.161003
235 0.735758 0.071166
236 0.171340 0.068163
237 0.990269 0.313707
238 0.918330 0.579937
239 0.776861 0.545462
240 0.527434 0.438806
241 0.756964 0.809521
242 0.310035 0.392976
243 0.268733 0.264854
244 0.565292 0.390880
245 0.239264 0.854676
246 0.648494 0.395203
247 0.791954 0.818696
248 0.015707 0.969413
249 0.257421 0.564153
250 0.157114 0.035062
251 0.614017 0.481735
252 0.182659 0.813094
253 0.262209 0.515316
254 0.937259 0.507969
255 0.929451 0.317863
256 0.084895 0.189656
257 0.984099 0.008709
258 0.210111 0.844412
259 0.125958 0.894112
260 0.090364 0.223994
261 0.678865 0.637106
262 0.657410 0.719143
263 0.172730 0.096738
264 0.340656 0.807964
265 0.126013 0.305383
266 0.050616 0.595195
267 0.464940 0.660238
268 0.281427 0.220738
269 0.917402 0.173214
270 0.288995 0.432251
271 0.997106 0.939444
272 0.537611 0.085883
273 0.829888 0.647070
274 0.034655 0.704967
275 0.807609 0.752169
276 0.845766 0.573797
277 0.353996 0.313384
278 0.038335 0.984577
279 0.137862 0.237237
280 0.581728 0.029791
281 0.173962 0.905892
282 0.349644 0.391519
283 0.138949 0.393118
284 0.487514 0.813515
285 0.843598 0.330033
286 0.473359 0.333708
287 0.195854 0.340057
288 0.877204 0.117007
289 0.067404 0.985669
290 0.713589 0.934588
291 0.158449 0.740385
292 0.196834 0.060397
293 0.166314 0.393524
294 0.433771 0.117234
295 0.590316 0.337365
296 0.399601 0.661931
297 0.172478 0.137665
298 0.389472 0.367795
299 0.518682 0.578272
300 0.038537 0.786909
301 0.866947 0.945071
302 0.791443 0.055793
303 0.738271 0.953560
304 0.207222 0.563163
305 0.756466 0.572584
306 0.470556 0.710452
307 0.520485 0.763756
308 0.293667 0.525292
309 0.133937 0.123283
310 0.783651 0.391067
311 0.577975 0.099023
312 0.130101 0.617863
313 0.349728 0.620201
314 0.683367 0.758674
315 0.533820 0.305715
316 0.073102 0.945376
317 0.525336 0.883502
318 0.165142 0.003676
319 0.654869 0.285764
320 0.423225 0.000281
321 0.556689 0.844736
322 0.588422 0.315019
323 0.617916 0.573543
324 0.030156 0.220296
325 0.217045 0.731764
326 0.506611 0.326277
327 0.662564 0.164134
328 0.998397 0.206692
329 0.432709 0.192630
330 0.592264 0.853556
331 0.453408 0.200930
332 0.037941 0.428020
333 0.878740 0.818804
334 0.530146 0.479145
335 0.968459 0.471154
336 0.353774 0.057086
337 0.219144 0.162094
338 0.341271 0.364782
339 0.629105 0.823135
340 0.110795 0.918993
341 0.099334 0.514074
342 0.915528 0.079050
343 0.720174 0.577688
344 0.048237 0.103932
345 0.448551 0.912250
346 0.301027 0.320016
347 0.766090 0.369395
348 0.794090 0.958142
349 0.975173 0.275729
350 0.842464 0.958263
351 0.454484 0.264919
352 0.961774 0.562010
353 0.746196 0.384411
354 0.775804 0.158194
355 0.811056 0.858688
356 0.565609 0.240857
357 0.176193 0.986232
358 0.960820 0.145651
359 0.120864 0.951748
360 0.369887 0.793996
361 0.884862 0.251077
362 0.004302 0.700286
363 0.236173 0.986697
364 0.104413 0.775075
365 0.487776 0.846165
366 0.987322 0.876512
367 0.471012 0.605385
368 0.634101 0.437083
369 0.039926 0.388479
370 0.158728 0.631472
371 0.612710 0.842388
372 0.317048 0.256450
373 0.706432 0.186659
374 0.316612 0.289911
375 0.010796 0.498012
376 0.181119 0.943101
377 0.787272 0.358422
378 0.152987 0.602230
379 0.366834 0.743622
380 0.955953 0.259823
381 0.172618 0.773486
382 0.964191 0.968329
383 0.108865 0.740694
384 0.914089 0.341984
385 0.643596 0.217674
386 0.193767 0.620794
387 0.217943 0.890575
388 0.875062 0.533090
389 0.194491 0.304012
390 0.782710 0.914630
391 0.663217 0.450911
392 0.288531 0.697224
393 0.851954 0.099595
394 0.865134 0.137758
395 0.810331 0.350880
396 0.912392 0.708385
397 0.518730 0.372674
398 0.016318 0.579582
399 0.588386 0.556308
400 0.313298 0.915542
401 0.646848 0.970980
402 0.839797 0.607589
403 0.928331 0.884635
404 0.786398 0.582458
405 0.921994 0.293072
406 0.267119 0.823764
407 0.335683 0.208224
408 0.626543 0.170932
409 0.541114 0.817882
410 0.686256 0.574828
411 0.737021 0.162956
412 0.307042 0.993110
413 0.714929 0.600370
414 0.867989 0.425481
415 0.330482 0.676517
416 0.241526 0.162836
417 0.684480 0.395786
418 0.660390 0.770799
419 0.800858 0.126103
420 0.725141 0.120841
421 0.002507 0.562245
422 0.003036 0.014763
423 0.781822 0.080123
424 0.397879 0.469269
425 0.420118 0.035198
426 0.171810 0.863934
427 0.256091 0.975451
428 0.598996 0.215704
429 0.842662 0.842953
430 0.852664 0.774643
431 0.353102 0.960019
432 0.829743 0.808029
433 0.757392 0.603816
434 0.084614 0.665000
435 0.448221 0.541841
436 0.631442 0.238433
437 0.493250 0.219869
438 0.074615 0.512141
439 0.215723 0.370452
440 0.066150 0.017987
441 0.129036 0.078706
442 0.949845 0.584884
443 0.549330 0.523723
444 0.386384 0.333439
445 0.993713 0.914760
446 0.106003 0.428377
447 0.896651 0.225723
448 0.054680 0.345665
449 0.967548 0.095281
450 0.637125 0.034585
451 0.697073 0.479049
452 0.081153 0.290115
453 0.745800 0.536069
454 0.112169 0.040561
455 0.953346 0.327435
456 0.106452 0.560780
457 0.289365 0.501831
458 0.066802 0.820656
459 0.953758 0.919379
460 0.018090 0.475956
461 0.665068 0.522421
462 0.363157 0.668719
463 0.271596 0.152508
464 0.530630 0.115128
465 0.583274 0.290947
466 0.805040 0.463180
467 0.629578 0.711655
468 0.771391 0.731106
469 0.361307 0.565251
470 0.646857 0.001667
471 0.543831 0.647086
472 0.812545 0.552810
473 0.609001 0.534296
474 0.689730 0.323694
475 0.840466 0.424328
476 0.746666 0.680289
477 0.580001 0.678860
478 0.434038 0.585686
479 0.050102 0.741240
480 0.968026 0.621599
481 0.886785 0.496700
482 0.406472 0.211465
483 0.721531 0.002458
484 0.542178 0.168295
485 0.928539 0.125172
486 0.128970 0.361365
487 0.602804 0.998816
488 0.942773 0.196358
489 0.007524 0.842278
490 0.494911 0.156823
491 0.349433 0.174809
492 0.653103 0.846260
493 0.131114 0.576865
494 0.401938 0.510622
495 0.784970 0.655704
496 0.476040 0.632492
497 0.691938 0.682754
498 0.601937 0.719818
499 0.434788 0.708330
500 0.180986 0.723331
501 0.468705 0.070881
502 0.161611 0.843097
503 0.111744 0.532409
504 0.918569 0.015521
505 0.381836 0.105516
506 0.707790 0.848276
507 0.411572 0.854125
508 0.713249 0.438560
509 0.166231 0.208963
510 0.984213 0.164730
511 0.588648 0.448552
512 0.220147 0.294377
513 0.373016 0.588703
514 0.726020 0.707506
515 0.329578 0.525828
516 0.505903 0.123122
517 0.557566 0.999957
518 0.467565 0.775354
519 0.134629 0.862385
520 0.929335 0.800835
521 0.034630 0.532235
522 0.118777 0.013042
523 0.590150 0.188320
524 0.532193 0.275327
525 0.504508 0.408676
526 0.856757 0.035585
527 0.915722 0.426731
528 0.172318 0.258478
529 0.657124 0.075097
530 0.250383 0.631592
531 0.997601 0.447130
532 0.929121 0.472954
533 0.195522 0.884094
534 0.257386 0.235922
535 0.376646 0.714660
536 0.870798 0.709565
537 0.977193 0.393284
538 0.675952 0.267395
539 0.241700 0.103272
540 0.984968 0.735057
541 0.831258 0.132909
542 0.487193 0.583124
543 0.884162 0.680315
544 0.386712 0.815149
545 0.283925 0.182331
546 0.367148 0.248196
547 0.543041 0.243907
548 0.559290 0.888774
549 0.684360 0.865785
550 0.966505 0.073156
551 0.613576 0.395031
552 0.124574 0.722630
553 0.752932 0.754969
554 0.547246 0.190807
555 0.060868 0.774324
556 0.564434 0.796144
557 0.005406 0.374224
558 0.659644 0.821548
559 0.237678 0.536587
560 0.517586 0.157745
561 0.326899 0.594709
562 0.161788 0.285021
563 0.795478 0.099034
564 0.334094 0.334220
565 0.065332 0.469704
566 0.259450 0.405491
567 0.970103 0.904359
568 0.161139 0.670761
569 0.674560 0.793999
570 0.178881 0.458709
571 0.899803 0.748316
572 0.222801 0.511757
573 0.120783 0.500714
574 0.800832 0.312009
575 0.070387 0.084788
576 0.085665 0.738183
577 0.807967 0.527237
578 0.267703 0.303837
579 0.627017 0.370049
580 0.943522 0.678718
581 0.395840 0.307204
582 0.582534 0.987312
583 0.201500 0.218756
584 0.003999 0.914582
585 0.503043 0.486216
586 0.498707 0.527930
587 0.958321 0.416333
588 0.898901 0.924805
589 0.567556 0.345640
590 0.299596 0.749054
591 0.439599 0.225015
592 0.526366 0.673663
593 0.355543 0.699967
594 0.752334 0.272400
595 0.289793 0.351750
596 0.914599 0.829926
597 0.932830 0.397873
598 0.652640 0.261817
599 0.695202 0.986387
600 0.748523 0.478043
601 0.853203 0.005140
602 0.541432 0.394115
603 0.808355 0.629443
604 0.899174 0.155624
605 0.099102 0.354423
606 0.322379 0.950150
607 0.386437 0.494360
608 0.494354 0.869306
609 0.986377 0.049252
610 0.113410 0.224139
611 0.662230 0.885352
612 0.001919 0.770244
613 0.218448 0.071788
614 0.082233 0.539062
615 0.810871 0.922656
616 0.190709 0.431576
617 0.996702 0.560971
618 0.708211 0.626982
619 0.276032 0.865884
620 0.985770 0.371347
621 0.689949 0.811777
622 0.184111 0.581098
623 0.841640 0.694450
624 0.084064 0.616120
625 0.932063 0.216449
626 0.493178 0.274376
627 0.634020 0.305830
628 0.677711 0.184064
629 0.413647 0.992690
630 0.337784 0.011276
631 0.817791 0.239215
632 0.091785 0.974804
633 0.763221 0.860234
634 0.681587 0.066463
635 0.112275 0.378244
636 0.770100 0.936855
637 0.395367 0.543217
638 0.944635 0.952777
639 0.495002 0.708784
640 0.037816 0.307419
641 0.085366 0.788414
642 0.839311 0.738398
643 0.512537 0.943666
644 0.153924 0.476483
645 0.115801 0.146600
646 0.194544 0.964659
647 0.681090 0.103363
648 0.600914 0.757570
649 0.022691 0.754024
650 0.668601 0.608535
651 0.965722 0.189517
652 0.417874 0.433579
653 0.688957 0.243508
654 0.101977 0.685153
655 0.578722 0.906055
656 0.953380 0.380957
657 0.682143 0.137135
658 0.059384 0.236768
659 0.620883 0.685864
660 0.490650 0.052823
661 0.698546 0.031883
662 0.378428 0.526942
663 0.832581 0.865009
664 0.455824 0.417154
665 0.455735 0.349307
666 0.879325 0.190485
667 0.637273 0.994360
668 0.639485 0.760259
669 0.586486 0.372274
670 0.223840 0.236781
671 0.234039 0.592205
672 0.677072 0.708594
673 0.327469 0.311811
674 0.498682 0.902372
675 0.081668 0.409078
676 0.341929 0.860674
677 0.644035 0.102233
678 0.159635 0.424479
679 0.988726 0.105691
680 0.830809 0.996005
681 0.606643 0.291355
682 0.062872 0.703392
683 0.554979 0.027229
684 0.887229 0.451539
685 0.788479 0.431259
686 0.381256 0.946203
687 0.834746 0.550880
688 0.819639 0.397368
689 0.413545 0.884321
690 0.302032 0.677445
691 0.515658 0.058525
692 0.843805 0.258433
693 0.737705 0.659613
694 0.251810 0.073677
695 0.343677 0.642844
696 0.089958 0.868132
697 0.030222 0.611304
698 0.567732 0.747429
699 0.900495 0.795034
700 0.966550 0.307127
701 0.420624 0.074109
702 0.650720 0.941284
703 0.826407 0.296115
704 0.658452 0.676920
705 0.145620 0.093812
706 0.917322 0.626037
707 0.512718 0.462981
708 0.088103 0.910743
709 0.757816 0.917314
710 0.478090 0.512914
711 0.866326 0.291353
712 0.465907 0.753249
713 0.584334 0.125065
714 0.834408 0.496343
715 0.942618 0.436283
716 0.909660 0.998710
717 0.812655 0.018912
718 0.301213 0.550854
719 0.991510 0.135144
720 0.018361 0.096859
721 0.202816 0.252188
722 0.579504 0.072574
723 0.735690 0.238499
724 0.951885 0.844225
725 0.422404 0.932440
726 0.220867 0.794102
727 0.383991 0.004917
728 0.134625 0.274106
729 0.441734 0.440408
730 0.207407 0.488697
731 0.339413 0.274584
732 0.088416 0.025353
733 0.277992 0.954187
734 0.896791 0.613818
735 0.645552 0.586934
736 0.995302 0.810160
737 0.240639 0.009735
738 0.499429 0.011221
739 0.265121 0.997781
740 0.266773 0.489594
741 0.513474 0.556416
742 0.199723 0.517750
743 0.922684 0.772020
744 0.649512 0.624066
745 0.534872 0.738832
746 0.428961 0.616591
747 0.507970 0.296988
748 0.711399 0.650645
749 0.596082 0.630825
750 0.381662 0.405222
751 0.812665 0.275797
752 0.393396 0.605658
753 0.368296 0.223543
754 0.094387 0.486333
755 0.944519 0.985988
756 0.992853 0.614188
757 0.146123 0.809860
758 0.823060 0.477128
759 0.009935 0.199342
760 0.305218 0.837076
761 0.134194 0.643162
762 0.468123 0.829105
763 0.580378 0.828338
764 0.189075 0.673051
765 0.855090 0.381249
766 0.937387 0.713086
767 0.706700 0.151231
768 0.464645 0.562178
769 0.995633 0.481426
770 0.734374 0.771158
771 0.554040 0.120738
772 0.378328 0.438581
773 0.289478 0.058115
774 0.432192 0.788256
775 0.287490 0.659413
776 0.284206 0.123212
777 0.356461 0.773627
778 0.032570 0.820485
779 0.812005 0.498358
780 0.674348 0.734389
781 0.326915 0.780092
782 0.307086 0.041090
783 0.000307 0.639837
784 0.296189 0.274330
785 0.565554 0.172941
786 0.022911 0.641725
787 0.030501 0.729682
788 0.271422 0.602997
789 0.885962 0.090578
790 0.979468 0.995070
791 0.234879 0.422218
792 0.066110 0.043769
793 0.093844 0.824657
794 0.834506 0.047526
795 0.777270 0.687066
796 0.293152 0.883677
797 0.674325 0.010994
798 0.256736 0.350390
799 0.395022 0.905181
800 0.717443 0.555541
801 0.547551 0.698035
802 0.881580 0.311780
803 0.425004 0.813925
804 0.935226 0.532560
805 0.593281 0.422827
806 0.962790 0.786959
807 0.913162 0.041515
808 0.667363 0.343145
809 0.452715 0.146996
810 0.738426 0.988519
811 0.497982 0.754518
812 0.930949 0.910051
813 0.860164 0.628176
814 0.958562 0.351262
815 0.941948 0.238697
816 0.864277 0.864791
817 0.864875 0.593081
818 0.145742 0.451886
819 0.028073 0.264421
820 0.614117 0.092018
821 0.542917 0.141253
822 0.906317 0.682767
823 0.856478 0.515215
824 0.240585 0.311902
825 0.953188 0.121330
826 0.267052 0.688259
827 0.362706 0.815924
828 0.277424 0.008788
829 0.323694 0.132504
830 0.642633 0.492859
831 0.405374 0.793953
832 0.914751 0.104222
833 0.942914 0.282371
834 0.602826 0.039296
835 0.443805 0.757411
836 0.187464 0.180365
837 0.132101 0.826996
838 0.523329 0.853174
839 0.776511 0.270443
840 0.057744 0.205627
841 0.935350 0.350050
842 0.882642 0.979027
843 0.347964 0.084013
844 0.045494 0.934925
845 0.574761 0.713345
846 0.160233 0.362240
847 0.997867 0.585448
848 0.064818 0.271896
849 0.759822 0.138796
850 0.647505 0.054283
851 0.213829 0.765869
852 0.930660 0.658528
853 0.705659 0.737650
854 0.713894 0.052765
855 0.499350 0.618492
856 0.441134 0.065206
857 0.819187 0.683622
858 0.411132 0.338510
859 0.393729 0.177840
860 0.619524 0.272361
861 0.941691 0.636565
862 0.639186 0.193896
863 0.475681 0.688040
864 0.807469 0.574872
865 0.370955 0.024702
866 0.424369 0.373399
867 0.274698 0.546699
868 0.051835 0.886190
869 0.856120 0.065490
870 0.873065 0.341941
871 0.542739 0.914735
872 0.692379 0.553397
873 0.235875 0.258587
874 0.284872 0.403913
875 0.186512 0.368530
876 0.553440 0.267383
877 0.818625 0.071245
878 0.727449 0.488975
879 0.478826 0.451614
880 0.616046 0.939398
881 0.484452 0.956423
882 0.104687 0.097415
883 0.888197 0.557711
884 0.508802 0.995296
885 0.770530 0.302585
886 0.702426 0.262553
887 0.441752 0.867220
888 0.792043 0.197702
889 0.475641 0.168724
890 0.404821 0.683957
891 0.066480 0.124773
892 0.129454 0.436122
893 0.555114 0.775296
894 0.406515 0.826978
895 0.817982 0.110679
896 0.945770 0.816047
897 0.557497 0.476402
898 0.975906 0.823269
899 0.430874 0.260798
900 0.408768 0.760220
901 0.593814 0.472405
902 0.860377 0.731207
903 0.149027 0.784337
904 0.221547 0.706368
905 0.980394 0.761894
906 0.171191 0.501748
907 0.787220 0.853567
908 0.811861 0.597883
909 0.222641 0.676298
910 0.556737 0.316579
911 0.356808 0.199462
912 0.723656 0.680656
913 0.567894 0.205296
914 0.680298 0.840878
915 0.346674 0.836205
916 0.902105 0.902405
917 0.449110 0.504468
918 0.379183 0.195399
919 0.569224 0.580044
920 0.324125 0.742881
921 0.126693 0.760985
922 0.454309 0.176518
923 0.021005 0.999098
924 0.196424 0.017707
925 0.696663 0.419012
926 0.145612 0.908174
927 0.613774 0.193704
928 0.186140 0.540258
929 0.462537 0.237840
930 0.006391 0.166667
931 0.249164 0.806965
932 0.039666 0.012358
933 0.661698 0.238130
934 0.997074 0.672132
935 0.270763 0.715022
936 0.891438 0.846487
937 0.768333 0.213755
938 0.747555 0.001481
939 0.002416 0.599310
940 0.316587 0.813999
941 0.380899 0.767309
942 0.342528 0.251265
943 0.786813 0.778555
944 0.631563 0.543286
945 0.297673 0.203672
946 0.446818 0.391135
947 0.401835 0.258116
948 0.986708 0.341853
949 0.605968 0.667030
950 0.150552 0.145883
951 0.922536 0.742240
952 0.237900 0.387718
953 0.060458 0.660758
954 0.146372 0.171369
955 0.007509 0.804978
956 0.365781 0.503639
957 0.197881 0.745291
958 0.767447 0.339647
959 0.338118 0.443479
960 0.214349 0.540662
961 0.356274 0.934933
962 0.017597 0.040058
963 0.238068 0.657388
964 0.335077 0.994998
965 0.320252 0.562193
966 0.318162 0.641510
967 0.733604 0.743072
968 0.548261 0.215849
969 0.671581 0.487051
970 0.900582 0.533718
971 0.151265 0.960371
972 0.516586 0.223760
973 0.391283 0.995631
974 0.577557 0.529144
975 0.898589 0.407058
976 0.388827 0.638985
977 0.855880 0.821603
978 0.458741 0.463649
979 0.995810 0.978925
980 0.245243 0.280270
981 0.728571 0.295873
982 0.730417 0.820818
983 0.555093 0.064541
984 0.179677 0.322390
985 0.040378 0.556220
986 0.319667 0.371424
987 0.668531 0.375054
988 0.665417 0.211090
989 0.480031 0.033053
990 0.818392 0.154492
991 0.620925 0.964587
992 0.702892 0.505109
993 0.216309 0.325450
994 0.105954 0.621732
995 0.858898 0.493043
996 0.961367 0.704669
997 0.810571 0.421879
998 0.928177 0.854008
999 0.189930 0.154314
5000
0 9
0 18
0 32
0 49
0 400
0 619
0 676
0 760
0 796
0 915
1 31
1 468
1 476
1 495
1 514
1 553
1 693
1 795
1 853
1 912
1 967
2 67
2 104
2 235
2 420
2 529
2 634
2 647
2 657
2 767
2 854
3 28
3 150
3 156
3 317
3 548
3 582
3 643
3 655
3 871
4 34
4 66
4 594
4 631
4 723
4 751
4 839
4 885
4 888
4 937
5 59
5 95
5 540
5 580
5 766
5 852
5 861
5 934
5 996
6 51
6 135
6 157
6 169
6 177
6 353
6 417
6 474
6 808
6 925
6 987
7 40
7 259
7 281
7 340
7 426
7 502
7 519
7 533
7 837
7 926
8 125
8 151
8 386
8 530
8 622
8 671
8 788
8 909
8 963
9 205
9 226
9 231
9 400
9 427
9 606
9 619
9 733
9 796
10 13
10 44
10 343
10 410
10 451
10 453
10 461
10 800
10 872
10 878
10 969
10 992
11 90
11 156
11 160
11 321
11 330
11 371
11 548
11 655
11 871
11 880
12 233
12 357
12 359
12 376
12 632
12 646
12 971
13 25
13 323
13 399
13 410
13 461
13 473
13 650
13 735
13 744
13 872
13 944
14 63
14 117
14 134
14 264
14 406
14 590
14 760
14 777
14 781
14 920
14 931
14 940
15 30
15 202
15 230
15 294
15 501
15 516
15 660
15 701
15 809
15 856
16 76
16 166
16 208
16 229
16 270
16 457
16 515
16 772
16 956
16 959
17 240
17 244
17 334
17 511
17 525
17 602
17 707
17 805
17 897
17 901
18 32
18 49
18 400
18 431
18 606
18 676
18 686
18 796
18 799
18 961
19 101
19 168
19 450
19 470
19 529
19 634
19 661
19 797
19 850
19 854
20 43
20 141
20 215
20 221
20 336
20 505
20 773
20 776
20 782
20 829
20 843
21 147
21 198
21 296
21 313
21 478
21 513
21 746
21 752
21 890
21 976
22 69
22 271
22 366
22 382
22 445
22 459
22 567
22 638
22 812
22 979
23 287
23 293
23 439
23 566
23 616
23 678
23 791
23 846
23 875
23 952
24 98
24 336
24 425
24 505
24 630
24 701
24 727
24 843
24 865
25 251
25 323
25 399
25 461
25 473
25 830
25 901
25 944
25 969
25 974
26 75
26 127
26 260
26 265
26 279
26 452
26 562
26 610
26 658
26 728
26 848
27 97
27 286
27 397
27 525
27 664
27 665
27 866
27 946
28 150
28 171
28 517
28 582
28 643
28 881
28 884
29 84
29 155
29 188
29 219
29 241
29 247
29 355
29 633
29 907
29 982
30 294
30 490
30 501
30 516
30 560
30 809
30 889
30 922
31 85
31 144
31 273
31 275
31 468
31 476
31 495
31 623
31 642
31 795
31 857
32 49
32 507
32 676
32 689
32 799
32 915
32 961
33 243
33 389
33 512
33 528
33 534
33 562
33 583
33 670
33 721
33 824
33 873
33 980
33 984
33 993
34 36
34 81
34 178
34 183
34 222
34 354
34 631
34 888
34 937
34 990
35 54
35 159
35 179
35 257
35 342
35 449
35 504
35 550
35 609
35 807
36 38
36 354
36 373
36 411
36 723
36 849
36 888
36 937
37 229
37 308
37 469
37 513
37 515
37 561
37 637
37 662
37 718
37 956
37 965
38 66
38 109
38 373
38 411
38 628
38 653
38 723
38 888
38 937
39 341
39 456
39 493
39 503
39 573
39 614
39 622
39 906
39 928
40 64
40 259
40 316
40 340
40 519
40 696
40 708
40 868
40 926
41 164
41 414
41 466
41 475
41 481
41 684
41 714
41 758
41 779
41 823
41 995
41 997
42 71
42 113
42 176
42 213
42 312
42 370
42 434
42 552
42 568
42 654
42 761
42 764
43 175
43 180
43 228
43 491
43 505
43 829
43 843
44 239
44 305
44 343
44 451
44 453
44 600
44 800
44 872
44 878
44 992
45 301
45 382
45 588
45 638
45 716
45 755
45 812
45 842
45 916
46 166
46 242
46 270
46 338
46 566
46 595
46 798
46 874
46 952
46 986
47 57
47 112
47 310
47 347
47 353
47 377
47 395
47 475
47 685
47 688
47 765
47 958
47 997
48 52
48 195
48 266
48 312
48 456
48 493
48 503
48 614
48 624
48 985
48 994
49 400
49 676
49 686
49 689
49 799
49 961
50 86
50 206
50 269
50 361
50 447
50 488
50 604
50 625
50 651
50 666
50 815
51 135
51 157
51 169
51 246
51 353
51 417
51 508
51 808
51 925
51 987
52 71
52 167
52 195
52 266
52 434
52 624
52 697
52 786
52 953
52 994
53 291
53 364
53 381
53 383
53 641
53 757
53 793
53 837
53 903
53 921
54 138
54 342
54 358
54 449
54 485
54 550
54 679
54 789
54 807
54 825
54 832
55 64
55 248
55 278
55 584
55 844
55 923
56 94
56 148
56 173
56 223
56 435
56 585
56 586
56 707
56 710
56 729
56 879
56 917
56 978
57 131
57 135
57 190
57 310
57 347
57 353
57 466
57 508
57 685
57 688
57 997
58 273
58 305
58 404
58 433
58 495
58 603
58 693
58 795
58 864
58 908
59 95
59 199
59 540
59 580
59 766
59 934
59 996
60 74
60 146
60 171
60 629
60 725
60 881
60 973
61 74
61 152
61 317
61 345
61 365
61 608
61 674
61 838
61 887
62 82
62 114
62 268
62 372
62 407
62 491
62 546
62 731
62 753
62 784
62 911
62 918
62 942
62 945
63 108
63 117
63 128
63 134
63 325
63 392
63 590
63 826
63 851
63 920
63 935
64 203
64 316
64 340
64 584
64 696
64 708
64 844
64 868
65 72
65 161
65 186
65 218
65 256
65 344
65 645
65 840
65 891
66 594
66 723
66 839
66 885
66 886
66 888
66 937
66 981
67 104
67 204
67 235
67 302
67 419
67 420
67 423
67 563
67 849
67 854
68 396
68 543
68 580
68 706
68 734
68 813
68 822
68 852
68 861
69 184
69 366
69 403
69 445
69 459
69 567
69 724
69 812
69 896
69 898
69 998
70 91
70 236
70 292
70 539
70 613
70 694
70 737
70 924
71 213
71 312
71 370
71 434
71 568
71 624
71 654
71 761
71 953
71 994
72 137
72 186
72 256
72 309
72 610
72 645
72 950
72 954
73 149
73 182
73 351
73 437
73 524
73 547
73 626
73 747
73 876
73 929
73 968
73 972
74 171
74 345
74 643
74 674
74 725
74 881
75 83
75 127
75 265
75 279
75 509
75 528
75 562
75 610
75 721
75 728
76 110
76 166
76 187
76 229
76 253
76 270
76 308
76 457
76 740
76 959
77 238
77 276
77 388
77 402
77 706
77 734
77 813
77 817
77 883
77 970
78 356
78 385
78 428
78 436
78 465
78 547
78 598
78 681
78 860
78 876
78 913
78 927
79 154
79 217
79 301
79 348
79 350
79 390
79 615
80 201
80 440
80 441
80 454
80 522
80 575
80 732
80 792
80 882
81 178
81 361
81 447
81 631
81 666
81 692
81 711
81 751
82 114
82 482
82 546
82 591
82 753
82 899
82 911
82 918
82 942
82 947
83 265
83 287
83 389
83 486
83 562
83 605
83 728
83 846
83 984
84 188
84 232
84 355
84 390
84 615
84 633
84 636
84 709
84 907
85 144
85 275
85 468
85 536
85 623
85 642
85 795
85 857
85 902
86 206
86 211
86 361
86 380
86 405
86 447
86 488
86 625
86 815
86 833
87 115
87 120
87 319
87 474
87 538
87 579
87 598
87 627
87 681
87 808
87 860
87 987
88 227
88 254
88 335
88 352
88 532
88 617
88 769
88 804
89 117
89 128
89 134
89 245
89 252
89 258
89 406
89 726
89 851
89 931
90 119
90 122
90 156
90 160
90 401
90 611
90 655
90 702
90 880
90 991
91 107
91 292
91 613
91 694
91 737
91 773
91 782
91 828
91 924
92 145
92 341
92 375
92 438
92 460
92 521
92 565
92 614
92 754
92 985
93 174
93 261
93 477
93 650
93 659
93 704
93 744
93 749
93 949
94 126
94 132
94 334
94 443
94 585
94 586
94 707
94 710
94 741
94 897
95 480
95 580
95 756
95 852
95 861
95 934
95 996
96 121
96 286
96 351
96 444
96 581
96 665
96 858
96 899
96 947
97 240
97 397
97 525
97 664
97 707
97 729
97 879
97 946
97 978
98 202
98 228
98 294
98 336
98 425
98 505
98 701
98 843
98 856
98 865
99 105
99 158
99 369
99 448
99 486
99 605
99 635
99 675
100 155
100 314
100 418
100 558
100 569
100 621
100 668
100 770
100 780
100 853
100 967
100 982
101 181
101 204
101 235
101 483
101 634
101 661
101 797
101 854
101 938
102 129
102 200
102 284
102 307
102 409
102 518
102 712
102 745
102 762
102 811
102 893
103 244
103 286
103 315
103 326
103 397
103 589
103 602
103 747
103 910
104 106
104 235
104 327
104 411
104 420
104 634
104 647
104 657
104 677
104 767
105 283
105 446
105 486
105 605
105 635
105 675
105 678
105 892
106 162
106 327
106 408
106 628
106 647
106 657
106 677
106 767
106 862
107 215
107 630
107 773
107 782
107 828
108 117
108 128
108 325
108 392
108 590
108 826
108 851
108 904
108 909
108 935
108 957
109 327
109 373
109 385
109 411
109 628
109 653
109 723
109 767
109 886
109 933
109 988
110 187
110 192
110 253
110 457
110 559
110 572
110 730
110 740
110 742
110 960
111 136
111 640
111 819
112 130
112 285
112 377
112 395
112 688
112 765
112 870
113 176
113 291
113 383
113 500
113 552
113 568
113 654
113 764
113 921
113 957
114 277
114 372
114 374
114 444
114 546
114 581
114 673
114 731
114 753
114 942
114 947
115 157
115 177
115 319
115 474
115 538
115 594
115 598
115 653
115 886
115 933
115 981
116 143
116 194
116 267
116 367
116 471
116 496
116 592
116 855
116 863
117 128
117 134
117 406
117 590
117 726
117 851
117 931
118 126
118 163
118 170
118 174
118 299
118 471
118 741
118 749
118 855
118 919
119 122
119 123
119 232
119 290
119 303
119 401
119 599
119 702
120 246
120 295
120 322
120 551
120 579
120 589
120 627
120 669
120 681
120 808
120 987
121 286
121 326
121 351
121 626
121 665
121 747
122 160
122 188
122 232
122 290
122 492
122 506
122 549
122 611
122 914
123 290
123 401
123 599
123 667
123 702
123 991
124 332
124 369
124 557
125 151
125 165
125 392
125 530
125 690
125 775
125 788
125 826
125 904
125 909
125 935
125 963
125 966
126 132
126 170
126 299
126 399
126 443
126 586
126 741
126 919
126 974
127 137
127 279
127 509
127 528
127 562
127 583
127 610
127 721
127 728
128 134
128 325
128 726
128 851
128 904
128 931
128 935
128 957
129 207
129 284
129 307
129 321
129 409
129 556
129 698
129 745
129 763
129 811
129 893
130 285
130 384
130 597
130 765
130 802
130 841
130 870
130 975
131 190
131 191
131 466
131 600
131 685
131 714
131 758
131 779
131 878
131 997
132 251
132 334
132 443
132 473
132 511
132 897
132 901
132 974
133 214
133 360
133 379
133 499
133 535
133 593
133 777
133 831
133 835
133 890
133 900
133 941
134 264
134 406
134 590
134 760
134 781
134 931
134 940
135 190
135 353
135 417
135 508
135 925
136 369
136 448
136 557
136 640
137 256
137 260
137 279
137 509
137 610
137 645
137 950
137 954
138 288
138 342
138 393
138 504
138 526
138 789
138 794
138 807
138 832
138 869
139 246
139 368
139 391
139 417
139 508
139 551
139 579
139 925
139 987
140 219
140 247
140 275
140 430
140 432
140 642
140 943
141 210
141 221
141 463
141 539
141 613
141 694
141 773
141 776
142 207
142 314
142 339
142 371
142 418
142 558
142 569
142 621
142 648
142 668
143 194
143 200
143 267
143 306
143 471
143 496
143 592
143 639
143 801
143 863
144 273
144 495
144 536
144 543
144 603
144 623
144 813
144 857
145 375
145 398
145 421
145 460
145 521
145 985
146 431
146 629
146 686
146 725
146 799
146 973
147 435
147 469
147 478
147 513
147 637
147 662
147 746
147 752
148 173
148 223
148 424
148 494
148 607
148 652
148 664
148 729
148 772
148 879
148 917
148 978
149 182
149 331
149 437
149 484
149 490
149 554
149 560
149 889
149 922
149 929
149 968
149 972
150 156
150 487
150 517
150 582
150 643
150 871
150 880
150 991
151 176
151 370
151 386
151 530
151 568
151 764
151 904
151 909
151 963
152 172
152 345
152 365
152 507
152 608
152 674
152 689
152 762
152 887
153 396
153 536
153 543
153 571
153 623
153 642
153 766
153 822
153 902
153 951
154 217
154 301
154 350
154 588
154 615
154 663
154 816
154 916
155 188
155 219
155 241
155 314
155 506
155 553
155 569
155 621
155 770
155 914
155 967
155 982
156 548
156 582
156 655
156 702
156 871
156 880
156 991
157 169
157 177
157 353
157 474
157 808
157 958
157 981
157 987
158 265
158 448
158 452
158 486
158 605
158 635
158 640
159 449
159 550
159 609
159 679
159 719
160 330
160 339
160 371
160 492
160 549
160 611
160 914
161 218
161 256
161 324
161 658
161 759
161 840
161 930
162 234
162 327
162 408
162 657
162 677
162 713
162 820
162 862
162 927
163 170
163 174
163 194
163 471
163 477
163 749
163 919
164 254
164 414
164 481
164 527
164 532
164 684
164 715
164 823
164 970
164 995
165 313
165 530
165 561
165 695
165 775
165 788
165 965
165 966
166 208
166 242
166 270
166 282
166 566
166 874
166 959
166 986
167 274
167 362
167 434
167 682
167 697
167 783
167 786
167 953
168 280
168 311
168 450
168 529
168 677
168 722
168 820
168 834
168 850
169 177
169 310
169 347
169 353
169 377
169 885
169 958
169 981
170 299
170 399
170 443
170 542
170 586
170 741
170 919
170 974
171 643
171 881
171 884
172 284
172 365
172 507
172 518
172 544
172 762
172 774
172 803
172 831
172 835
172 887
172 894
173 223
173 424
173 435
173 494
173 607
173 637
173 662
173 710
173 917
173 978
174 323
174 399
174 735
174 744
174 749
174 919
175 180
175 225
175 228
175 491
175 505
175 829
175 859
175 911
175 918
176 291
176 325
176 500
176 552
176 568
176 764
176 904
176 909
176 957
177 347
177 474
177 594
177 885
177 958
177 981
178 183
178 222
178 447
178 631
178 666
178 692
178 888
178 990
179 257
179 504
179 609
179 807
180 407
180 463
180 491
180 545
180 776
180 829
180 911
180 945
181 204
181 302
181 483
181 717
181 938
182 329
182 331
182 437
182 490
182 591
182 889
182 922
182 929
182 972
183 222
183 269
183 288
183 394
183 541
183 604
183 666
183 990
184 217
184 333
184 403
184 588
184 596
184 724
184 812
184 816
184 916
184 936
184 998
185 208
185 282
185 298
185 652
185 664
185 729
185 750
185 772
185 858
185 866
185 946
186 309
186 344
186 441
186 575
186 645
186 705
186 882
186 891
186 950
187 192
187 253
187 270
187 457
187 566
187 572
187 730
187 740
187 791
188 232
188 241
188 506
188 549
188 633
188 907
188 914
188 982
189 220
189 280
189 683
189 691
189 738
189 983
190 451
190 508
190 600
190 685
190 878
190 925
191 239
191 453
191 466
191 577
191 600
191 714
191 758
191 779
191 878
192 570
192 572
192 616
192 730
192 740
192 791
193 210
193 263
193 297
193 337
193 416
193 539
193 836
193 950
193 999
194 471
194 477
194 592
194 801
194 845
194 949
195 266
195 398
195 421
195 456
195 521
195 614
195 624
195 697
195 985
196 303
196 348
196 636
196 810
197 320
197 425
197 501
197 660
197 701
197 738
197 856
197 989
198 214
198 267
198 296
198 306
198 496
198 499
198 746
198 863
198 890
198 976
199 396
199 540
199 571
199 743
199 766
199 806
199 905
199 951
199 996
200 306
200 307
200 592
200 639
200 698
200 712
200 745
200 801
200 811
200 863
201 236
201 250
201 263
201 292
201 318
201 441
201 454
201 522
201 705
201 882
202 228
202 294
202 505
202 701
202 856
203 458
203 489
203 584
203 696
203 778
203 868
204 235
204 302
204 423
204 483
204 717
204 854
204 938
205 231
205 245
205 258
205 387
205 533
205 619
205 796
206 216
206 328
206 349
206 380
206 488
206 510
206 625
206 651
206 815
207 498
207 556
207 648
207 668
207 698
207 745
207 763
207 845
207 893
208 242
208 282
208 298
208 338
208 652
208 750
208 772
208 959
209 210
209 337
209 416
209 463
209 509
209 534
209 545
209 583
209 670
209 836
209 999
210 337
210 416
210 463
210 539
210 545
210 776
210 999
211 255
211 361
211 405
211 447
211 692
211 711
211 802
211 833
212 344
212 422
212 575
212 720
212 792
212 932
212 962
213 274
213 383
213 434
213 479
213 552
213 576
213 654
213 682
213 953
214 296
214 379
214 499
214 535
214 593
214 835
214 890
214 900
214 941
215 221
215 336
215 630
215 773
215 782
215 843
216 328
216 349
216 380
216 651
216 815
217 301
217 355
217 429
217 588
217 615
217 663
217 816
217 916
217 936
218 344
218 720
218 759
218 891
218 930
219 241
219 247
219 275
219 468
219 553
219 770
219 943
219 967
219 982
220 230
220 272
220 280
220 660
220 683
220 691
220 722
220 738
220 983
220 989
221 539
221 694
221 773
221 776
221 782
221 829
221 843
222 288
222 393
222 394
222 419
222 541
222 604
222 666
222 895
222 990
223 424
223 435
223 494
223 607
223 652
223 662
223 710
223 729
223 917
223 978
224 392
224 415
224 462
224 590
224 593
224 690
224 775
224 826
224 920
224 935
224 966
225 228
225 294
225 329
225 331
225 482
225 809
225 859
225 918
225 922
226 231
226 363
226 412
226 427
226 606
226 733
226 739
226 964
227 352
227 617
227 769
227 804
227 847
228 294
228 505
228 859
229 308
229 457
229 515
229 607
229 662
229 956
229 959
230 272
230 464
230 501
230 516
230 660
230 691
230 771
230 983
230 989
231 363
231 387
231 427
231 733
232 290
232 303
232 506
232 549
232 611
232 636
232 709
233 357
233 363
233 376
233 427
233 646
233 739
234 327
234 408
234 428
234 484
234 523
234 713
234 785
234 862
234 913
234 927
235 302
235 420
235 423
235 634
235 661
235 854
236 250
236 263
236 292
236 441
236 613
236 705
236 924
237 349
237 455
237 620
237 700
237 814
237 833
237 948
238 352
238 442
238 706
238 734
238 804
238 817
238 883
238 970
239 305
239 404
239 453
239 472
239 577
239 687
239 779
239 800
239 864
240 334
240 525
240 585
240 602
240 707
240 879
240 897
241 247
241 553
241 633
241 770
241 907
241 943
241 982
242 270
242 282
242 338
242 566
242 595
242 874
242 959
242 986
243 268
243 372
243 374
243 512
243 534
243 578
243 670
243 784
243 824
243 873
243 980
244 295
244 397
244 551
244 589
244 602
244 669
244 805
245 258
245 387
245 406
245 533
245 619
245 931
246 368
246 391
246 417
246 551
246 579
246 808
246 925
246 987
247 355
247 429
247 432
247 633
247 907
247 943
248 278
248 289
248 584
248 844
248 923
249 253
249 304
249 308
249 559
249 671
249 718
249 788
249 867
249 960
250 292
250 318
250 441
250 454
250 522
250 705
250 924
251 368
251 391
251 473
251 511
251 830
251 897
251 901
251 969
251 974
252 258
252 381
252 426
252 502
252 726
252 757
252 837
252 851
252 903
253 308
253 457
253 559
253 572
253 718
253 740
253 867
253 960
254 335
254 352
254 481
254 532
254 804
254 970
255 384
255 405
255 455
255 700
255 802
255 814
255 833
255 841
256 260
256 610
256 645
256 658
256 840
257 609
258 387
258 406
258 426
258 502
258 533
258 726
258 931
259 281
259 340
259 359
259 426
259 519
259 696
259 708
259 926
260 279
260 324
260 610
260 658
260 840
260 848
261 413
261 497
261 618
261 650
261 704
261 735
261 744
261 748
262 314
262 418
262 467
262 497
262 498
262 659
262 668
262 672
262 704
262 780
262 853
263 292
263 297
263 309
263 441
263 613
263 705
263 950
263 999
264 360
264 544
264 676
264 760
264 777
264 781
264 827
264 915
264 940
264 941
265 452
265 486
265 562
265 605
265 728
265 984
266 398
266 421
266 624
266 697
266 786
266 939
266 985
267 306
267 367
267 496
267 499
267 639
267 746
267 855
267 863
268 372
268 407
268 534
268 545
268 670
268 784
268 873
268 945
269 358
269 447
269 485
269 488
269 604
269 625
269 651
269 666
270 566
270 791
270 874
270 959
271 382
271 445
271 459
271 567
271 638
271 790
271 979
272 311
272 464
272 516
272 660
272 691
272 722
272 771
272 821
272 983
273 402
273 495
273 603
273 623
273 813
273 857
273 908
274 362
274 479
274 649
274 682
274 787
274 953
275 430
275 432
275 468
275 553
275 642
275 902
275 943
276 388
276 402
276 404
276 472
276 577
276 687
276 813
276 817
276 823
276 864
276 883
276 908
277 338
277 346
277 374
277 444
277 564
277 581
277 673
277 731
278 289
278 316
278 632
278 844
278 923
279 509
279 528
279 562
279 610
279 728
280 450
280 683
280 722
280 834
280 983
281 376
281 387
281 426
281 519
281 533
281 926
281 971
282 298
282 338
282 564
282 750
282 772
282 959
282 986
283 293
283 446
283 486
283 605
283 635
283 675
283 678
283 818
283 846
283 875
283 892
284 307
284 365
284 409
284 518
284 608
284 762
284 811
284 838
285 395
285 574
285 703
285 711
285 765
285 802
285 870
286 326
286 397
286 665
286 747
287 389
287 439
287 512
287 824
287 846
287 875
287 984
287 993
288 342
288 393
288 394
288 485
288 541
288 604
288 789
288 832
288 869
288 895
289 316
289 632
289 844
289 923
290 303
290 599
290 636
290 709
290 810
291 325
291 381
291 383
291 500
291 552
291 903
291 921
291 957
292 613
292 694
292 924
293 439
293 486
293 616
293 635
293 678
293 846
293 875
293 892
294 501
294 505
294 701
294 809
294 856
295 322
295 465
295 579
295 589
295 627
295 669
295 681
295 910
296 462
296 499
296 535
296 593
296 695
296 746
296 752
296 890
296 976
297 309
297 337
297 645
297 705
297 836
297 950
297 954
297 999
298 338
298 444
298 750
298 858
298 866
299 367
299 542
299 586
299 741
299 768
299 855
299 919
300 458
300 479
300 555
300 612
300 641
300 649
300 778
300 787
300 955
301 350
301 588
301 615
301 842
301 916
302 423
302 563
302 717
302 794
302 877
303 348
303 390
303 599
303 636
303 709
303 810
304 386
304 559
304 572
304 622
304 671
304 742
304 928
304 960
305 343
305 404
305 413
305 433
305 453
305 472
305 800
305 864
306 499
306 639
306 712
306 811
306 835
306 863
307 409
307 518
307 556
307 639
307 698
307 712
307 745
307 811
307 893
308 457
308 515
308 559
308 718
308 740
308 867
308 965
309 441
309 645
309 705
309 882
309 950
309 954
310 347
310 353
310 377
310 395
310 685
310 688
310 958
310 997
311 464
311 713
311 722
311 771
311 820
311 821
311 983
312 370
312 378
312 493
312 624
312 761
312 994
313 415
313 462
313 469
313 513
313 561
313 695
313 752
313 966
313 976
314 418
314 569
314 621
314 668
314 672
314 770
314 780
314 853
314 967
315 322
315 326
315 465
315 524
315 589
315 626
315 747
315 876
315 910
316 340
316 359
316 632
316 708
316 844
317 321
317 365
317 548
317 608
317 655
317 674
317 838
317 871
318 522
318 924
319 436
319 474
319 538
319 598
319 627
319 653
319 681
319 808
319 860
319 886
319 933
320 425
320 727
320 865
321 330
321 371
321 409
321 548
321 556
321 763
321 838
322 465
322 589
322 627
322 669
322 681
322 860
322 876
322 910
323 399
323 473
323 735
323 744
323 919
323 944
323 974
324 658
324 759
324 819
324 840
324 930
325 500
325 851
325 904
325 909
325 935
325 957
326 397
326 524
326 626
326 665
326 747
326 910
327 373
327 385
327 408
327 628
327 657
327 767
327 862
327 927
327 988
328 488
328 510
328 651
329 331
329 482
329 591
329 809
329 859
329 889
329 918
329 922
329 929
330 339
330 371
330 548
330 655
330 763
331 437
331 482
331 490
331 591
331 809
331 889
331 922
331 929
332 369
332 460
332 565
332 675
333 429
333 430
333 432
333 520
333 596
333 699
333 816
333 936
333 977
333 998
334 443
334 585
334 586
334 707
334 879
334 897
335 531
335 532
335 587
335 715
335 769
336 505
336 630
336 727
336 782
336 843
336 865
337 416
337 463
337 583
337 836
337 999
338 346
338 444
338 564
338 595
338 673
338 750
338 986
339 371
339 492
339 558
339 569
339 763
339 914
340 359
340 632
340 696
340 708
340 926
340 971
341 438
341 456
341 503
341 565
341 573
341 614
341 754
342 449
342 485
342 550
342 789
342 807
342 825
342 832
343 410
343 413
343 433
343 453
343 618
343 650
343 800
343 872
344 575
344 720
344 882
344 891
345 674
345 689
345 725
345 799
345 881
345 887
346 374
346 564
346 578
346 595
346 673
346 731
346 784
346 798
346 986
347 353
347 377
347 395
347 688
347 958
348 350
348 390
348 615
348 636
348 680
348 709
349 380
349 405
349 455
349 700
349 815
349 833
350 615
350 680
350 842
351 437
351 591
351 626
351 899
351 929
351 947
352 442
352 480
352 617
352 756
352 804
352 847
353 377
353 925
353 958
354 411
354 419
354 849
354 888
354 937
354 990
355 429
355 432
355 633
355 663
355 816
355 907
355 977
356 428
356 465
356 523
356 524
356 547
356 554
356 876
356 913
356 968
356 972
357 363
357 376
357 646
357 971
358 449
358 485
358 488
358 510
358 651
358 679
358 719
358 825
359 632
359 708
359 926
359 971
360 379
360 544
360 777
360 781
360 803
360 827
360 831
360 894
360 900
360 915
360 940
360 941
361 405
361 447
361 625
361 692
361 711
361 802
361 815
362 649
362 682
362 783
362 787
363 427
363 646
363 733
363 739
364 383
364 458
364 552
364 555
364 576
364 641
364 757
364 793
364 837
364 903
364 921
365 409
365 608
365 674
365 762
365 838
365 887
366 403
366 445
366 459
366 567
366 724
366 898
367 478
367 496
367 542
367 746
367 768
367 855
368 391
368 511
368 551
368 805
368 830
368 901
369 448
369 557
369 675
370 378
370 386
370 568
370 622
370 761
370 764
370 994
371 492
371 558
371 763
372 374
372 407
372 546
372 673
372 731
372 784
372 942
372 945
373 411
373 628
373 653
373 657
373 723
373 767
373 988
374 564
374 578
374 673
374 731
374 784
374 942
375 460
375 521
376 533
376 646
376 926
376 971
377 395
377 574
377 688
377 885
377 958
378 386
378 493
378 622
378 761
378 994
379 535
379 593
379 777
379 781
379 900
379 920
379 941
380 405
380 625
380 700
380 815
380 833
381 500
381 726
381 757
381 851
381 903
381 921
381 957
382 459
382 638
382 755
382 790
382 979
383 479
383 552
383 555
383 576
383 641
383 654
383 682
383 903
383 921
384 405
384 455
384 597
384 656
384 802
384 814
384 841
384 870
385 408
385 428
385 436
385 538
385 598
385 628
385 653
385 860
385 862
385 927
385 933
385 988
386 530
386 568
386 622
386 671
386 764
386 963
387 426
387 533
388 481
388 687
388 714
388 804
388 823
388 883
388 970
388 995
389 512
389 528
389 562
389 721
389 824
389 980
389 984
389 993
390 615
390 633
390 636
390 709
391 417
391 451
391 508
391 830
391 925
391 969
392 415
392 590
392 690
392 775
392 826
392 920
392 935
393 394
393 419
393 541
393 563
393 789
393 794
393 869
393 877
393 895
394 541
394 604
394 666
394 789
394 832
394 895
394 990
395 574
395 688
395 703
395 765
395 958
396 536
396 543
396 571
396 580
396 766
396 822
396 852
396 902
396 951
396 996
397 525
397 589
397 602
398 421
398 521
398 697
398 939
398 985
399 443
399 473
399 919
399 944
399 974
400 431
400 606
400 733
400 796
400 961
401 487
401 599
401 667
401 702
401 880
401 991
402 404
402 603
402 687
402 734
402 813
402 817
402 864
402 908
403 459
403 567
403 588
403 596
403 724
403 812
403 916
403 936
403 998
404 433
404 472
404 577
404 603
404 687
404 864
404 908
405 455
405 700
405 711
405 802
405 815
405 833
405 841
406 619
406 726
406 760
406 931
406 940
407 491
407 545
407 546
407 753
407 911
407 918
407 942
407 945
408 428
408 523
408 628
408 862
408 927
408 988
409 556
409 763
409 838
409 893
410 413
410 461
410 618
410 650
410 735
410 800
410 872
411 420
411 657
411 767
411 849
411 937
412 427
412 431
412 606
412 733
412 739
412 964
413 433
413 618
413 650
413 748
413 800
413 872
414 475
414 527
414 684
414 688
414 765
414 975
414 997
415 462
415 535
415 593
415 690
415 695
415 775
415 966
416 463
416 539
416 545
416 776
416 836
416 999
417 508
417 808
417 925
417 987
418 558
418 569
418 621
418 668
418 780
418 853
419 423
419 541
419 563
419 849
419 877
419 895
419 990
420 647
420 657
420 767
420 849
421 521
421 697
421 939
421 985
422 932
422 962
423 563
423 877
423 895
424 494
424 607
424 652
424 729
424 772
424 956
425 501
425 701
425 727
425 856
425 865
425 989
426 502
426 519
426 533
426 757
426 837
426 926
427 733
427 739
428 436
428 523
428 554
428 785
428 860
428 862
428 913
428 927
428 968
429 432
429 663
429 816
429 907
429 936
429 977
430 432
430 571
430 642
430 699
430 902
430 977
431 606
431 686
431 961
431 964
431 973
432 663
432 943
432 977
433 495
433 603
433 618
433 693
433 864
433 908
434 624
434 654
434 682
434 761
434 953
434 994
435 478
435 494
435 542
435 586
435 637
435 710
435 768
435 917
436 538
436 598
436 653
436 681
436 860
436 862
436 927
436 933
436 988
437 547
437 591
437 626
437 889
437 922
437 929
437 968
437 972
438 456
438 503
438 521
438 565
438 573
438 614
438 754
438 985
439 566
439 791
439 798
439 846
439 875
439 952
439 984
439 993
440 454
440 522
440 732
440 792
440 932
440 962
441 454
441 575
441 705
441 882
442 480
442 617
442 706
442 734
442 756
442 804
442 847
442 861
443 473
443 585
443 586
443 741
443 897
443 919
443 974
444 564
444 581
444 858
444 866
445 459
445 567
446 565
446 635
446 675
446 678
446 754
446 818
446 892
447 488
447 625
447 666
447 815
448 557
448 605
448 640
449 485
449 550
449 609
449 679
449 719
449 825
449 832
450 470
450 529
450 634
450 797
450 834
450 850
451 461
451 508
451 600
451 830
451 878
451 925
451 969
451 992
452 640
452 658
452 728
452 819
452 848
453 600
453 800
453 872
453 878
453 992
454 522
454 732
454 792
454 882
455 620
455 656
455 700
455 814
455 833
455 841
455 948
456 493
456 503
456 614
456 624
457 515
457 718
457 740
457 867
458 555
458 641
458 696
458 778
458 793
459 567
459 588
459 638
459 812
459 916
460 521
460 565
461 473
461 830
461 872
461 944
461 969
461 992
462 535
462 593
462 695
462 890
462 966
462 976
463 539
463 545
463 776
463 829
463 945
464 484
464 490
464 516
464 560
464 691
464 713
464 771
464 821
464 983
465 524
465 589
465 627
465 681
465 860
465 876
465 910
466 475
466 600
466 685
466 714
466 758
466 779
466 997
467 477
467 498
467 648
467 659
467 668
467 672
467 704
467 780
467 845
467 949
468 476
468 514
468 553
468 770
468 795
468 943
468 967
469 513
469 515
469 561
469 637
469 662
469 752
469 965
470 661
470 797
470 834
470 850
471 477
471 592
471 749
471 801
471 855
472 577
472 687
472 714
472 779
472 823
472 864
472 908
473 830
473 919
473 944
473 974
474 538
474 627
474 808
474 981
474 987
475 684
475 685
475 688
475 758
475 765
475 975
475 997
476 495
476 497
476 514
476 693
476 748
476 795
476 912
477 498
477 592
477 659
477 749
477 801
477 845
477 949
478 542
478 637
478 746
478 752
478 768
479 555
479 576
479 612
479 641
479 649
479 682
479 787
480 706
480 756
480 847
480 852
480 861
480 934
481 532
481 684
481 714
481 804
481 823
481 970
481 995
482 546
482 591
482 753
482 859
482 899
482 911
482 918
482 922
482 947
483 661
483 797
483 854
483 938
484 490
484 516
484 523
484 554
484 560
484 713
484 771
484 785
484 821
484 913
484 968
485 604
485 789
485 825
485 832
486 605
486 635
486 846
486 875
487 517
487 582
487 667
487 991
488 510
488 604
488 625
488 651
488 815
489 778
489 955
490 516
490 560
490 809
490 821
490 889
490 922
491 753
491 829
491 859
491 911
491 918
491 945
492 506
492 549
492 558
492 569
492 611
492 621
492 914
493 503
493 622
493 994
494 607
494 637
494 662
494 917
494 956
495 603
495 693
495 795
495 857
496 542
496 746
496 855
496 863
497 514
497 618
497 672
497 693
497 704
497 748
497 780
497 853
497 912
498 648
498 659
498 668
498 698
498 801
498 845
498 949
499 535
499 639
499 712
499 835
499 863
499 890
499 900
500 552
500 568
500 764
500 851
500 904
500 957
501 660
501 691
501 701
501 856
501 989
502 519
502 533
502 757
502 837
502 903
503 573
503 614
503 754
504 807
505 701
505 843
506 549
506 558
506 611
506 621
506 633
506 914
506 982
507 544
507 689
507 799
507 803
507 831
507 887
507 894
508 600
508 878
508 925
509 528
509 583
509 610
509 721
509 836
509 954
509 999
510 651
510 679
510 719
510 825
511 551
511 805
511 897
511 901
512 528
512 562
512 578
512 670
512 721
512 824
512 873
512 980
512 984
512 993
513 561
513 637
513 752
513 965
513 976
514 553
514 672
514 693
514 748
514 780
514 795
514 853
514 912
514 967
515 662
515 718
515 867
515 956
515 965
516 560
516 771
516 809
516 821
516 889
517 582
517 884
518 712
518 762
518 774
518 803
518 811
518 835
518 900
519 696
519 757
519 793
519 837
519 926
520 571
520 596
520 699
520 724
520 743
520 806
520 896
520 898
520 936
520 951
520 998
521 614
521 985
522 732
523 554
523 785
523 862
523 913
523 927
523 968
524 547
524 626
524 747
524 876
524 910
524 972
525 602
525 664
525 707
525 879
525 946
526 601
526 717
526 794
526 807
526 869
526 877
527 532
527 587
527 597
527 656
527 684
527 715
527 975
528 562
528 583
528 670
528 721
528 728
529 634
529 647
529 661
529 677
529 820
529 850
530 671
530 775
530 788
530 826
530 909
530 963
531 537
531 587
531 715
531 769
532 684
532 715
532 804
533 926
534 545
534 583
534 670
534 721
534 784
534 873
534 945
534 980
535 593
535 890
535 900
535 920
535 941
536 543
536 571
536 623
536 642
536 822
536 857
536 902
537 587
537 597
537 620
537 656
537 715
537 814
537 841
537 948
538 598
538 627
538 653
538 860
538 886
538 933
538 981
538 988
539 613
539 694
539 776
540 766
540 806
540 905
540 996
541 563
541 895
541 990
542 586
542 741
542 768
542 855
543 580
543 623
543 813
543 822
543 852
543 902
544 774
544 777
544 803
544 827
544 831
544 894
544 900
544 915
544 941
545 776
545 945
546 731
546 753
546 911
546 918
546 942
546 947
547 554
547 626
547 876
547 913
547 968
547 972
548 655
548 838
548 871
549 558
549 611
549 621
549 914
550 609
550 679
550 825
550 832
551 579
551 669
551 805
551 987
552 576
552 654
552 921
553 770
553 853
553 943
553 967
554 560
554 785
554 821
554 913
554 968
554 972
555 576
555 612
555 641
555 649
555 778
555 787
555 793
556 648
556 698
556 763
556 893
558 569
558 621
558 914
559 572
559 671
559 730
559 740
559 742
559 867
559 928
559 960
560 771
560 785
560 821
560 889
561 695
561 718
561 788
561 965
561 966
562 721
562 728
562 984
563 849
563 877
563 895
563 990
564 595
564 673
564 731
564 986
565 754
566 791
566 798
566 874
566 952
567 638
567 812
568 761
568 764
569 621
569 668
569 780
569 914
570 616
570 644
570 678
570 730
570 818
570 892
570 906
571 699
571 743
571 766
571 902
571 951
572 730
572 740
572 742
572 906
572 928
572 960
573 614
573 644
573 754
573 818
573 906
574 703
574 751
574 839
574 885
574 958
575 720
575 792
575 882
575 891
576 641
576 654
576 682
576 787
576 921
577 687
577 714
577 758
577 779
577 823
577 864
578 595
578 673
578 784
578 798
578 824
578 873
578 980
578 993
579 669
579 808
579 987
580 706
580 766
580 822
580 852
580 861
580 934
580 996
581 858
581 899
581 947
582 667
582 880
582 991
583 670
583 721
583 836
583 873
584 844
584 868
585 586
585 707
585 710
585 879
585 897
585 917
585 978
586 710
586 741
586 768
586 917
587 597
587 620
587 656
587 715
587 975
588 638
588 812
588 842
588 916
589 602
589 669
589 910
590 781
590 920
590 935
591 899
591 922
591 929
591 947
592 639
592 801
592 863
593 690
593 695
593 890
593 920
594 723
594 751
594 839
594 885
594 886
594 937
594 981
595 673
595 798
595 874
595 986
596 699
596 724
596 743
596 896
596 936
596 977
596 998
597 620
597 656
597 715
597 814
597 841
597 975
598 627
598 653
598 681
598 860
598 886
598 933
598 988
599 667
599 810
600 878
600 992
601 717
601 794
601 869
602 669
602 805
603 813
603 857
603 864
603 908
604 666
604 832
605 635
605 675
606 686
606 733
606 961
606 964
607 637
607 662
607 772
607 956
608 674
608 762
608 838
608 887
609 679
610 658
610 728
610 840
611 702
611 914
612 649
612 778
612 787
612 955
613 694
613 924
614 754
614 985
615 636
615 709
616 644
616 678
616 730
616 791
616 818
617 756
617 847
618 650
618 693
618 744
618 748
618 912
619 760
619 796
620 656
620 814
620 841
620 948
621 770
621 914
621 982
622 671
622 928
622 960
623 642
623 857
623 902
624 697
624 761
624 953
624 994
625 651
625 666
625 815
626 747
626 876
626 929
626 972
627 681
627 808
627 860
628 653
628 657
628 767
628 862
628 933
628 988
629 686
629 973
630 727
630 782
630 828
630 865
631 692
631 703
631 751
631 839
631 888
631 937
633 709
633 907
633 982
634 647
634 661
634 677
634 797
634 850
634 854
635 675
635 846
635 892
636 709
636 810
637 662
637 956
638 716
638 755
638 790
638 812
638 979
639 712
639 745
639 801
639 811
639 863
640 819
640 848
641 793
641 837
641 921
642 857
642 902
643 674
643 871
643 881
643 884
644 678
644 730
644 754
644 818
644 892
644 906
645 705
645 882
645 891
645 950
645 954
646 971
647 657
647 677
647 767
647 850
647 854
648 668
648 698
648 845
648 893
649 787
649 955
650 735
650 744
650 748
650 872
651 719
651 815
652 664
652 729
652 750
652 772
652 866
652 946
652 978
653 723
653 886
653 933
653 988
654 682
654 761
654 953
655 871
655 880
656 715
656 814
656 841
656 948
656 975
657 677
657 767
658 819
658 840
658 848
659 672
659 704
659 749
659 845
659 949
660 691
660 738
660 856
660 989
661 797
661 850
661 854
661 938
662 956
663 816
663 907
663 977
664 729
664 866
664 879
664 946
664 978
665 858
665 866
665 946
667 702
667 880
667 991
668 780
669 805
670 721
670 873
670 980
671 788
671 960
672 704
672 780
672 853
672 912
673 731
673 784
673 986
674 838
674 871
674 881
675 892
676 760
676 796
676 827
676 915
676 940
677 820
677 850
678 818
678 892
679 719
679 825
680 842
681 860
681 876
681 910
682 787
682 953
683 691
683 722
683 738
683 834
683 983
684 715
684 975
684 995
685 688
685 758
685 997
686 725
686 799
686 961
686 973
687 714
687 779
687 817
687 823
687 864
687 883
687 908
688 765
688 997
689 725
689 799
689 887
689 894
690 695
690 775
690 826
690 935
690 966
691 738
691 983
691 989
692 703
692 711
692 751
693 748
693 795
693 912
694 773
694 776
695 775
695 966
695 976
696 708
696 793
696 837
696 868
697 783
697 786
697 939
697 953
697 985
698 745
698 801
698 845
698 893
699 743
699 896
699 936
699 951
699 977
700 814
700 833
700 841
700 948
701 856
702 880
702 991
703 711
703 751
703 802
703 839
703 885
704 744
704 748
704 780
704 949
705 882
705 950
706 734
706 813
706 822
706 852
706 861
707 710
707 879
707 897
707 978
708 844
708 868
708 926
710 741
710 768
710 917
710 978
711 751
711 802
711 870
712 774
712 811
712 835
712 900
713 722
713 771
713 785
713 820
713 821
714 758
714 779
714 823
714 995
715 975
716 755
716 842
717 794
717 877
718 788
718 867
718 965
719 825
720 891
720 962
721 873
721 980
722 771
722 820
722 834
722 983
723 839
723 886
723 937
723 981
724 736
724 806
724 896
724 898
724 936
724 998
725 799
726 851
726 931
726 957
727 865
729 879
729 946
729 978
730 740
730 742
730 906
730 928
730 960
731 753
731 784
731 942
732 792
732 932
733 739
734 813
734 817
734 852
734 861
734 883
735 744
735 872
735 944
736 806
736 896
736 898
736 905
737 828
737 924
738 989
740 867
741 768
741 919
742 906
742 928
742 960
743 766
743 806
743 896
743 905
743 951
744 749
745 801
745 811
745 845
745 893
746 752
746 976
747 876
747 910
748 912
749 919
749 949
750 772
750 866
750 959
751 839
751 885
752 976
753 859
753 911
753 918
753 942
753 947
755 790
755 979
756 847
756 861
756 934
757 793
757 837
757 903
757 921
758 779
758 823
758 995
758 997
759 840
759 930
760 796
760 915
760 940
761 994
762 774
762 803
762 838
762 887
763 893
764 904
764 909
764 963
765 870
765 975
765 997
766 822
766 852
766 951
766 996
767 849
768 917
770 853
770 943
770 967
770 982
771 785
771 821
771 983
772 959
773 782
773 828
774 803
774 831
774 835
774 894
774 900
774 941
775 788
775 826
775 935
775 963
775 966
776 829
777 781
777 827
777 831
777 900
777 920
777 940
777 941
778 955
779 823
779 995
780 853
780 967
781 827
781 915
781 920
781 940
781 941
782 828
782 843
783 786
783 939
784 942
784 980
785 821
785 913
785 927
785 968
786 939
786 953
788 867
788 966
789 807
789 832
789 869
790 979
791 874
791 952
792 932
792 962
793 837
794 869
794 877
795 857
795 912
797 850
797 854
798 824
798 874
798 952
798 993
799 887
799 961
800 872
800 992
801 845
802 870
803 831
803 835
803 887
803 894
803 900
804 883
804 970
805 901
806 896
806 898
806 905
806 951
808 987
809 889
809 922
811 835
812 916
812 998
813 817
813 908
814 841
814 948
815 833
816 916
816 936
816 977
817 864
817 883
817 908
818 892
818 906
819 848
820 834
820 850
822 852
822 861
822 996
823 883
823 970
823 995
824 873
824 980
824 993
825 832
826 904
826 909
826 935
826 963
827 831
827 894
827 915
827 940
827 941
829 843
830 901
830 944
830 969
831 835
831 894
831 900
831 941
834 850
834 983
835 900
836 950
836 954
836 999
837 903
839 885
839 937
839 981
841 948
844 868
845 949
846 875
846 984
849 990
851 904
851 931
851 957
852 861
852 996
853 912
853 967
856 989
858 866
859 911
859 918
859 922
860 933
862 927
862 933
862 988
864 908
866 946
867 960
867 965
869 877
869 895
872 992
873 980
874 952
874 986
875 952
875 984
875 993
876 910
876 968
876 972
877 895
878 969
878 992
879 917
879 978
880 991
881 884
882 891
883 970
885 958
885 981
886 933
886 981
887 894
888 937
888 990
889 922
890 976
894 915
895 990
896 898
896 998
897 901
897 974
898 998
899 929
899 947
900 941
901 974
903 921
904 909
904 935
904 957
904 963
905 996
906 928
906 960
909 963
911 918
911 942
911 945
913 927
913 968
913 972
914 982
915 940
916 936
916 998
917 978
919 974
920 935
925 987
926 971
927 988
928 960
929 972
932 962
933 988
934 996
936 977
936 998
939 985
942 947
944 974
950 954
950 999
951 996
953 994
954 999
958 981
964 973
968 972
969 992
970 995
980 993
984 993
