1000
0 0.989080 0.298436
1 0.646801 0.294323
2 0.845298 0.058194
3 0.563223 0.090622
4 0.365119 0.696482
5 0.387649 0.610063
6 0.131280 0.146936
7 0.824388 0.334578
8 0.335335 0.329254
9 0.727072 0.662005
10 0.567616 0.843590
11 0.595590 0.672286
12 0.688471 0.257701
13 0.765945 0.529845
14 0.083419 0.529976
15 0.711398 0.466122
16 0.062870 0.702278
17 0.409391 0.080224
18 0.031322 0.243619
19 0.171149 0.645825
20 0.679445 0.218912
21 0.265236 0.897292
22 0.234964 0.603647
23 0.157417 0.547971
24 0.372751 0.652578
25 0.255522 0.208344
26 0.077695 0.952621
27 0.856615 0.031538
28 0.801570 0.679676
29 0.792356 0.169838
30 0.364067 0.292448
31 0.392106 0.908918
32 0.606386 0.779969
33 0.078071 0.145522
34 0.358314 0.377543
35 0.276940 0.344504
36 0.878385 0.022237
37 0.259262 0.920678
38 0.431572 0.331784
39 0.850808 0.456779
40 0.080092 0.559684
41 0.699423 0.290873
42 0.080329 0.804470
43 0.926364 0.784908
44 0.502443 0.732594
45 0.542912 0.020642
46 0.819195 0.212042
47 0.971016 0.760020
48 0.246578 0.547750
49 0.371014 0.254135
50 0.561287 0.460093
51 0.968640 0.554154
52 0.000890 0.709767
53 0.349503 0.790181
54 0.606251 0.602419
55 0.875844 0.384582
56 0.728186 0.240889
57 0.551971 0.646006
58 0.803627 0.989810
59 0.564091 0.594523
60 0.884945 0.703458
61 0.607999 0.852366
62 0.721595 0.783899
63 0.267624 0.450181
64 0.876446 0.459073
65 0.033248 0.807043
66 0.828198 0.373487
67 0.223926 0.070815
68 0.633908 0.021439
69 0.427190 0.382934
70 0.519683 0.384931
71 0.469343 0.147910
72 0.029134 0.000071
73 0.414077 0.672769
74 0.663814 0.636287
75 0.818586 0.967902
76 0.063195 0.916008
77 0.228923 0.570627
78 0.815965 0.466845
79 0.554062 0.709274
80 0.786764 0.847300
81 0.121240 0.891331
82 0.064341 0.677561
83 0.939909 0.577395
84 0.430306 0.358424
85 0.497200 0.105035
86 0.483131 0.225498
87 0.883558 0.654456
88 0.659073 0.947920
89 0.468028 0.202792
90 0.206668 0.296721
91 0.791550 0.110697
92 0.055801 0.819953
93 0.037442 0.356280
94 0.200713 0.893552
95 0.570699 0.390555
96 0.200266 0.726607
97 0.131147 0.222649
98 0.887205 0.356879
99 0.099898 0.296005
100 0.009400 0.999336
101 0.283185 0.844482
102 0.131216 0.570305
103 0.414835 0.723958
104 0.830912 0.241208
105 0.766448 0.111314
106 0.653804 0.254286
107 0.601026 0.722480
108 0.788952 0.820497
109 0.408312 0.298387
110 0.645682 0.186497
111 0.883936 0.261334
112 0.272031 0.229389
113 0.879677 0.612099
114 0.102191 0.835193
115 0.965035 0.947890
116 0.719874 0.703280
117 0.176181 0.855179
118 0.704400 0.606702
119 0.736379 0.272305
120 0.912443 0.682307
121 0.146227 0.413804
122 0.740752 0.024711
123 0.062561 0.501719
124 0.811656 0.858741
125 0.132908 0.916341
126 0.647714 0.053136
127 0.765275 0.060059
128 0.139533 0.506933
129 0.222897 0.758446
130 0.955447 0.293436
131 0.723733 0.190866
132 0.981998 0.532865
133 0.436054 0.773525
134 0.937011 0.403745
135 0.550709 0.803298
136 0.485440 0.782046
137 0.279891 0.696960
138 0.674474 0.510538
139 0.475001 0.980630
140 0.960723 0.588870
141 0.039641 0.754237
142 0.857537 0.001700
143 0.016414 0.767364
144 0.970000 0.887241
145 0.701887 0.090459
146 0.973944 0.509702
147 0.333320 0.184107
148 0.282753 0.724372
149 0.036698 0.721462
150 0.536174 0.554244
151 0.269014 0.258243
152 0.790912 0.754899
153 0.462148 0.514216
154 0.094816 0.713397
155 0.078158 0.218990
156 0.303960 0.697966
157 0.432144 0.829342
158 0.307536 0.355377
159 0.578654 0.010891
160 0.705099 0.010318
161 0.076476 0.267557
162 0.235923 0.339197
163 0.616225 0.886314
164 0.495536 0.365801
165 0.380245 0.514299
166 0.869996 0.754535
167 0.478000 0.916770
168 0.760050 0.332324
169 0.543437 0.930639
170 0.094615 0.901604
171 0.077963 0.364891
172 0.137293 0.046513
173 0.284089 0.976209
174 0.281763 0.055533
175 0.125048 0.424333
176 0.818677 0.732910
177 0.300296 0.376520
178 0.022473 0.962865
179 0.637580 0.389657
180 0.017255 0.886008
181 0.074844 0.632006
182 0.134354 0.372079
183 0.464599 0.354777
184 0.979814 0.627259
185 0.616978 0.983764
186 0.895045 0.085539
187 0.978957 0.907490
188 0.364514 0.930569
189 0.658340 0.769188
190 0.384177 0.017906
191 0.143402 0.797438
192 0.399921 0.193456
193 0.718871 0.142523
194 0.838453 0.136094
195 0.808220 0.583134
196 0.311294 0.730872
197 0.963221 0.249821
198 0.861175 0.236509
199 0.522958 0.765918
200 0.519973 0.253535
201 0.793498 0.527967
202 0.373204 0.111320
203 0.321197 0.075607
204 0.685400 0.621617
205 0.481777 0.601438
206 0.044884 0.657715
207 0.754431 0.959853
208 0.560151 0.894408
209 0.570433 0.784002
210 0.381639 0.167719
211 0.537833 0.887188
212 0.141151 0.719621
213 0.579064 0.066859
214 0.721045 0.054821
215 0.082930 0.988902
216 0.408036 0.429021
217 0.182508 0.520040
218 0.820454 0.422206
219 0.730926 0.929324
220 0.092481 0.483719
221 0.150838 0.274182
222 0.311241 0.468500
223 0.476280 0.564019
224 0.049990 0.468666
225 0.320499 0.854949
226 0.348406 0.989163
227 0.865796 0.507439
228 0.708290 0.385270
229 0.523677 0.797937
230 0.998911 0.650273
231 0.665673 0.739245
232 0.683694 0.067753
233 0.441639 0.684388
234 0.251062 0.487535
235 0.906992 0.536052
236 0.908876 0.625120
237 0.909886 0.561837
238 0.598986 0.108906
239 0.864445 0.687962
240 0.355905 0.823951
241 0.774738 0.623182
242 0.003626 0.057529
243 0.311483 0.045357
244 0.022989 0.919630
245 0.876081 0.429139
246 0.416599 0.170609
247 0.128020 0.331012
248 0.115011 0.445228
249 0.082970 0.043925
250 0.524226 0.724152
251 0.989968 0.563395
252 0.995250 0.223162
253 0.412539 0.942200
254 0.765916 0.431158
255 0.050388 0.206181
256 0.232527 0.907617
257 0.518311 0.701066
258 0.290959 0.158826
259 0.015828 0.845749
260 0.639037 0.643724
261 0.107434 0.937257
262 0.568791 0.680493
263 0.673990 0.859625
264 0.911552 0.291996
265 0.204414 0.039717
266 0.747444 0.135791
267 0.439869 0.443367
268 0.196776 0.492266
269 0.744002 0.508957
270 0.165712 0.822445
271 0.862387 0.924621
272 0.881651 0.192477
273 0.855012 0.561071
274 0.273105 0.868665
275 0.872590 0.945584
276 0.160240 0.935392
277 0.102721 0.617671
278 0.417401 0.602923
279 0.840902 0.298661
280 0.817174 0.639980
281 0.201841 0.257427
282 0.577676 0.423632
283 0.063129 0.088802
284 0.146294 0.309595
285 0.701858 0.821186
286 0.572609 0.872728
287 0.456726 0.595015
288 0.523074 0.293158
289 0.577552 0.965169
290 0.230779 0.146530
291 0.196318 0.213242
292 0.513234 0.050105
293 0.962175 0.856608
294 0.899803 0.491096
295 0.621716 0.155350
296 0.534883 0.157468
297 0.955554 0.321217
298 0.358863 0.168908
299 0.087052 0.591748
300 0.832801 0.096867
301 0.698264 0.982832
302 0.579907 0.151003
303 0.172548 0.374085
304 0.652443 0.822614
305 0.318740 0.446384
306 0.194137 0.666124
307 0.342292 0.936425
308 0.227283 0.953044
309 0.653945 0.598075
310 0.556282 0.373671
311 0.266590 0.582196
312 0.757479 0.707271
313 0.449063 0.218583
314 0.253055 0.001507
315 0.840969 0.781100
316 0.065644 0.731585
317 0.247520 0.045662
318 0.488609 0.960745
319 0.964789 0.703838
320 0.626448 0.685894
321 0.508025 0.823666
322 0.521158 0.315732
323 0.358643 0.743580
324 0.395179 0.566534
325 0.029057 0.133533
326 0.566704 0.042804
327 0.591423 0.040562
328 0.677696 0.407955
329 0.302757 0.595687
330 0.351092 0.234028
331 0.311248 0.565206
332 0.718930 0.333317
333 0.242977 0.232236
334 0.227516 0.815298
335 0.931625 0.528305
336 0.532927 0.582474
337 0.059602 0.999940
338 0.527089 0.510548
339 0.250641 0.773165
340 0.813048 0.274271
341 0.916643 0.329611
342 0.948812 0.998492
343 0.971527 0.999529
344 0.290110 0.751733
345 0.975554 0.656455
346 0.064224 0.585831
347 0.515201 0.625977
348 0.600617 0.325473
349 0.400254 0.262521
350 0.797547 0.292486
351 0.602589 0.225916
352 0.160954 0.735134
353 0.599892 0.367515
354 0.373098 0.770039
355 0.486418 0.019064
356 0.931860 0.020501
357 0.942189 0.492764
358 0.978055 0.089962
359 0.774184 0.034914
360 0.716165 0.221408
361 0.587487 0.447814
362 0.791592 0.217699
363 0.380626 0.486869
364 0.931032 0.269889
365 0.967194 0.399339
366 0.067892 0.770583
367 0.378976 0.041655
368 0.128545 0.103524
369 0.694423 0.714643
370 0.727402 0.871723
371 0.819951 0.756232
372 0.774022 0.393955
373 0.679311 0.928308
374 0.575484 0.547562
375 0.905989 0.183785
376 0.041600 0.383259
377 0.438292 0.113010
378 0.881757 0.836417
379 0.641614 0.921244
380 0.627870 0.459149
381 0.351520 0.400805
382 0.740776 0.831963
383 0.163962 0.060525
384 0.952376 0.743047
385 0.165247 0.471713
386 0.203675 0.161412
387 0.316647 0.996031
388 0.316721 0.677875
389 0.489923 0.863353
390 0.554425 0.135666
391 0.460883 0.539737
392 0.628660 0.752990
393 0.383964 0.432936
394 0.820105 0.167576
395 0.162164 0.140771
396 0.462421 0.052182
397 0.272201 0.034733
398 0.934402 0.470621
399 0.024737 0.101278
400 0.497339 0.997820
401 0.444451 0.655565
402 0.232875 0.264399
403 0.816313 0.797258
404 0.012946 0.035792
405 0.864835 0.152181
406 0.298376 0.507870
407 0.733751 0.806053
408 0.996092 0.492482
409 0.025946 0.295335
410 0.468964 0.267739
411 0.570811 0.293596
412 0.267432 0.802797
413 0.510813 0.158338
414 0.159431 0.169635
415 0.165386 0.007732
416 0.445536 0.295081
417 0.942626 0.379328
418 0.946245 0.893938
419 0.227227 0.190304
420 0.696593 0.877849
421 0.646736 0.230237
422 0.463045 0.772651
423 0.005852 0.515159
424 0.307574 0.299275
425 0.464990 0.628033
426 0.375097 0.070223
427 0.819069 0.918667
428 0.991530 0.813818
429 0.659785 0.366894
430 0.146300 0.631387
431 0.038775 0.026934
432 0.061515 0.860854
433 0.003008 0.224148
434 0.434793 0.547563
435 0.578727 0.620512
436 0.882036 0.774904
437 0.999469 0.939567
438 0.664099 0.703087
439 0.114784 0.011555
440 0.853992 0.607391
441 0.759336 0.159129
442 0.004556 0.189217
443 0.094292 0.677705
444 0.264951 0.508262
445 0.337363 0.160982
446 0.772067 0.884292
447 0.137364 0.972880
448 0.456268 0.854610
449 0.344369 0.639502
450 0.413855 0.646626
451 0.704257 0.946895
452 0.663131 0.144670
453 0.064670 0.611572
454 0.016507 0.408703
455 0.794077 0.333610
456 0.947785 0.827168
457 0.226551 0.411734
458 0.844220 0.586252
459 0.292549 0.997316
460 0.591995 0.818654
461 0.926332 0.942928
462 0.058867 0.064849
463 0.792002 0.015368
464 0.393382 0.842472
465 0.025514 0.571316
466 0.664744 0.976559
467 0.808949 0.050576
468 0.155725 0.570590
469 0.074385 0.019443
470 0.885731 0.060881
471 0.888351 0.166514
472 0.520326 0.669594
473 0.094767 0.323766
474 0.923236 0.912109
475 0.988395 0.344871
476 0.160837 0.195610
477 0.907689 0.007629
478 0.352201 0.032445
479 0.468403 0.382299
480 0.326518 0.025397
481 0.001326 0.580406
482 0.765529 0.748166
483 0.746881 0.985360
484 0.233865 0.388274
485 0.409191 0.136691
486 0.051607 0.336648
487 0.829715 0.841657
488 0.200618 0.420358
489 0.638841 0.109543
490 0.209614 0.389539
491 0.355378 0.604599
492 0.774424 0.665305
493 0.781135 0.464053
494 0.224746 0.020840
495 0.060754 0.294662
496 0.847986 0.192362
497 0.723686 0.573601
498 0.844544 0.995586
499 0.110980 0.053367
500 0.460058 0.101344
501 0.797204 0.725721
502 0.195953 0.090238
503 0.770991 0.569095
504 0.613573 0.638602
505 0.829971 0.946774
506 0.223461 0.477199
507 0.269313 0.101970
508 0.795668 0.878390
509 0.989811 0.591286
510 0.351351 0.662082
511 0.346148 0.484069
512 0.232219 0.846429
513 0.242594 0.665065
514 0.172491 0.034032
515 0.916810 0.103232
516 0.476002 0.657670
517 0.465717 0.828366
518 0.337088 0.428149
519 0.421233 0.212307
520 0.184266 0.353156
521 0.886651 0.121777
522 0.328804 0.105057
523 0.710420 0.501264
524 0.010351 0.646332
525 0.037540 0.599325
526 0.594854 0.265292
527 0.827184 0.569411
528 0.480670 0.337132
529 0.959086 0.191123
530 0.621432 0.579460
531 0.589708 0.576177
532 0.860285 0.091117
533 0.568795 0.220669
534 0.678655 0.318166
535 0.385330 0.867590
536 0.443337 0.075680
537 0.941290 0.072159
538 0.155210 0.357656
539 0.625137 0.258998
540 0.738187 0.367760
541 0.271435 0.125776
542 0.665210 0.472084
543 0.364018 0.210887
544 0.573479 0.518412
545 0.793516 0.929650
546 0.914691 0.389281
547 0.912044 0.232490
548 0.824890 0.538196
549 0.578485 0.178288
550 0.880913 0.565067
551 0.705337 0.162348
552 0.724649 0.305365
553 0.662585 0.023270
554 0.370322 0.450434
555 0.573103 0.496122
556 0.468515 0.459137
557 0.984609 0.046826
558 0.520024 0.203117
559 0.150331 0.087612
560 0.992312 0.160396
561 0.139382 0.744745
562 0.547140 0.483417
563 0.998650 0.419261
564 0.588311 0.926953
565 0.861178 0.858119
566 0.189629 0.991956
567 0.346980 0.514963
568 0.461926 0.939546
569 0.004679 0.546799
570 0.604585 0.080923
571 0.997032 0.790880
572 0.309522 0.970878
573 0.253481 0.086039
574 0.788572 0.374908
575 0.043552 0.781612
576 0.779373 0.498386
577 0.287242 0.397836
578 0.319989 0.277074
579 0.053125 0.114401
580 0.219160 0.524345
581 0.553686 0.568975
582 0.974438 0.431786
583 0.492071 0.523395
584 0.638150 0.344851
585 0.852096 0.265717
586 0.365236 0.845829
587 0.614086 0.909494
588 0.160527 0.222267
589 0.145582 0.599782
590 0.749847 0.875586
591 0.233562 0.441417
592 0.243473 0.124675
593 0.128638 0.276154
594 0.477089 0.722007
595 0.247474 0.720039
596 0.255333 0.744487
597 0.660509 0.332784
598 0.159199 0.771522
599 0.078358 0.121994
600 0.743116 0.474883
601 0.461158 0.492069
602 0.125456 0.479414
603 0.695778 0.744918
604 0.692512 0.570741
605 0.445938 0.570382
606 0.049611 0.963118
607 0.546388 0.183694
608 0.467723 0.687347
609 0.454155 0.324702
610 0.536250 0.459415
611 0.434140 0.156179
612 0.587497 0.749137
613 0.112604 0.654971
614 0.014970 0.324716
615 0.753584 0.005663
616 0.777102 0.796629
617 0.191025 0.969755
618 0.832726 0.818228
619 0.944785 0.967118
620 0.434929 0.475214
621 0.120263 0.601817
622 0.198508 0.324695
623 0.963997 0.354540
624 0.396670 0.745274
625 0.569068 0.319479
626 0.051554 0.254918
627 0.293058 0.255720
628 0.148969 0.024978
629 0.176347 0.912787
630 0.115957 0.705712
631 0.612113 0.515204
632 0.912669 0.584679
633 0.927058 0.154103
634 0.102966 0.865357
635 0.617551 0.402709
636 0.869146 0.895984
637 0.731983 0.610597
638 0.303480 0.124130
639 0.501958 0.485050
640 0.274353 0.551550
641 0.294073 0.947209
642 0.398575 0.970020
643 0.943762 0.439744
644 0.848000 0.323003
645 0.976665 0.125120
646 0.497525 0.252031
647 0.136139 0.246064
648 0.372271 0.981233
649 0.194450 0.597503
650 0.738481 0.745107
651 0.791940 0.141769
652 0.402492 0.324495
653 0.307803 0.427065
654 0.931932 0.044224
655 0.457917 0.174797
656 0.252175 0.307470
657 0.670754 0.094233
658 0.346522 0.959200
659 0.617984 0.661476
660 0.479879 0.433356
661 0.279119 0.620208
662 0.886932 0.726857
663 0.605204 0.474408
664 0.601568 0.200347
665 0.495360 0.397882
666 0.103697 0.128139
667 0.763427 0.600619
668 0.336039 0.740344
669 0.809126 0.096774
670 0.114412 0.352490
671 0.262552 0.830263
672 0.515692 0.944519
673 0.432353 0.796468
674 0.015725 0.940812
675 0.770271 0.251421
676 0.061046 0.425664
677 0.149287 0.449767
678 0.690785 0.649358
679 0.113953 0.736405
680 0.752541 0.082837
681 0.537629 0.275744
682 0.182617 0.131565
683 0.159519 0.671942
684 0.236220 0.696777
685 0.552827 0.434376
686 0.772757 0.986111
687 0.941263 0.126192
688 0.308113 0.617422
689 0.414741 0.762575
690 0.099726 0.204031
691 0.506583 0.542089
692 0.639747 0.726267
693 0.295343 0.449361
694 0.087216 0.386342
695 0.497873 0.177189
696 0.351718 0.540255
697 0.686628 0.140874
698 0.343177 0.079378
699 0.453726 0.249647
700 0.763341 0.207823
701 0.260690 0.388599
702 0.805759 0.487048
703 0.834107 0.502746
704 0.758709 0.281661
705 0.323355 0.953452
706 0.438828 0.723137
707 0.215354 0.651505
708 0.705873 0.549131
709 0.080786 0.454871
710 0.097193 0.172797
711 0.386300 0.541850
712 0.868154 0.483720
713 0.404584 0.473366
714 0.857161 0.415760
715 0.036652 0.536396
716 0.294854 0.536901
717 0.518991 0.866807
718 0.049744 0.404176
719 0.112378 0.800827
720 0.567306 0.349334
721 0.213480 0.553002
722 0.309107 0.881441
723 0.988166 0.836923
724 0.935088 0.354276
725 0.742804 0.644140
726 0.440144 0.006709
727 0.648044 0.789877
728 0.620550 0.297626
729 0.988167 0.970520
730 0.438139 0.928243
731 0.008000 0.482993
732 0.691033 0.354738
733 0.545145 0.960164
734 0.835567 0.439492
735 0.239099 0.885553
736 0.330643 0.253889
737 0.349344 0.114965
738 0.630010 0.554580
739 0.406499 0.106062
740 0.240071 0.995553
741 0.522681 0.989163
742 0.653112 0.524643
743 0.285942 0.906982
744 0.815646 0.397696
745 0.390729 0.406717
746 0.349845 0.142437
747 0.234825 0.104274
748 0.201066 0.768434
749 0.057939 0.183578
750 0.204363 0.465131
751 0.167858 0.301170
752 0.445974 0.399776
753 0.335786 0.462289
754 0.593265 0.399859
755 0.988630 0.011462
756 0.893288 0.982494
757 0.911133 0.741268
758 0.896785 0.420792
759 0.532862 0.351178
760 0.622925 0.326140
761 0.010772 0.814821
762 0.741234 0.552204
763 0.790625 0.265302
764 0.329696 0.717620
765 0.509043 0.602382
766 0.260012 0.635914
767 0.411060 0.049329
768 0.300432 0.218392
769 0.414677 0.001631
770 0.179982 0.398793
771 0.646626 0.432607
772 0.259644 0.178714
773 0.030512 0.496743
774 0.115123 0.547793
775 0.839932 0.646640
776 0.829191 0.007045
777 0.728572 0.395328
778 0.674774 0.798193
779 0.176129 0.102332
780 0.425132 0.994310
781 0.624064 0.051843
782 0.256915 0.686198
783 0.858960 0.968122
784 0.191927 0.000590
785 0.011535 0.384334
786 0.030270 0.157951
787 0.706877 0.849986
788 0.671675 0.892337
789 0.909800 0.837460
790 0.620954 0.433939
791 0.538289 0.057262
792 0.055832 0.890572
793 0.797150 0.075885
794 0.321044 0.388741
795 0.950747 0.652068
796 0.805512 0.613262
797 0.902802 0.936874
798 0.224909 0.793003
799 0.128204 0.187097
800 0.173321 0.884121
801 0.640814 0.077275
802 0.722387 0.101032
803 0.531083 0.123828
804 0.426994 0.886372
805 0.666333 0.672867
806 0.861682 0.719498
807 0.568089 0.264665
808 0.699899 0.686575
809 0.751705 0.398346
810 0.899018 0.804875
811 0.120073 0.773803
812 0.437770 0.521396
813 0.859485 0.630058
814 0.345258 0.909527
815 0.033514 0.054845
816 0.107633 0.520720
817 0.742034 0.443703
818 0.508722 0.025595
819 0.022457 0.075985
820 0.641570 0.991565
821 0.393118 0.688437
822 0.562134 0.994456
823 0.473206 0.881892
824 0.812008 0.353600
825 0.622150 0.797028
826 0.425557 0.860733
827 0.303573 0.796357
828 0.236368 0.634156
829 0.324264 0.602253
830 0.230140 0.291277
831 0.398439 0.356451
832 0.032655 0.273699
833 0.366407 0.319427
834 0.942518 0.228662
835 0.360667 0.891075
836 0.004138 0.789541
837 0.305653 0.326736
838 0.716458 0.998813
839 0.907930 0.132197
840 0.641029 0.856628
841 0.680737 0.768229
842 0.989961 0.253584
843 0.995198 0.692183
844 0.289880 0.483671
845 0.909720 0.041090
846 0.171529 0.243699
847 0.153691 0.894509
848 0.685356 0.436307
849 0.846105 0.393383
850 0.852513 0.527952
851 0.852274 0.366226
852 0.876168 0.323678
853 0.148080 0.693836
854 0.999111 0.193718
855 0.012826 0.459101
856 0.010725 0.347499
857 0.447677 0.977758
858 0.748847 0.681223
859 0.507180 0.890372
860 0.219423 0.975003
861 0.122462 0.306458
862 0.016042 0.734333
863 0.480543 0.753197
864 0.625064 0.952561
865 0.873694 0.217925
866 0.437325 0.620553
867 0.295370 0.864045
868 0.692087 0.187469
869 0.954436 0.795385
870 0.699827 0.901594
871 0.859510 0.828040
872 0.138467 0.864162
873 0.083188 0.077475
874 0.954210 0.018623
875 0.935654 0.686788
876 0.693996 0.116481
877 0.002639 0.681507
878 0.202675 0.937420
879 0.041109 0.872982
880 0.441783 0.030266
881 0.403737 0.508021
882 0.009030 0.246039
883 0.645785 0.162109
884 0.388506 0.802875
885 0.590556 0.303752
886 0.888534 0.287596
887 0.793607 0.956739
888 0.511727 0.136090
889 0.963358 0.162107
890 0.575777 0.657348
891 0.483112 0.811386
892 0.350794 0.003653
893 0.415371 0.699523
894 0.198078 0.690528
895 0.545594 0.736913
896 0.266123 0.949854
897 0.622281 0.368555
898 0.330216 0.769204
899 0.535925 0.410758
900 0.625839 0.200874
901 0.207735 0.110015
902 0.485197 0.085824
903 0.426132 0.498734
904 0.553035 0.761385
905 0.897973 0.208659
906 0.032883 0.430936
907 0.565720 0.917561
908 0.638994 0.137134
909 0.693342 0.034466
910 0.624694 0.491613
911 0.544146 0.231588
912 0.102143 0.253957
913 0.036911 0.686348
914 0.317034 0.930421
915 0.641049 0.887767
916 0.788040 0.551645
917 0.822361 0.894666
918 0.287260 0.669938
919 0.277252 0.306342
920 0.813388 0.708266
921 0.490093 0.701204
922 0.495260 0.278394
923 0.202910 0.830445
924 0.182181 0.792226
925 0.910630 0.649055
926 0.979345 0.725314
927 0.324075 0.650736
928 0.330701 0.356709
929 0.718166 0.432282
930 0.911806 0.454124
931 0.175938 0.695571
932 0.654578 0.500145
933 0.869324 0.995241
934 0.923660 0.201222
935 0.047042 0.940887
936 0.295905 0.643524
937 0.006435 0.617762
938 0.129862 0.395156
939 0.842073 0.746616
940 0.331650 0.209778
941 0.752788 0.920024
942 0.743613 0.419053
943 0.927532 0.987007
944 0.385827 0.384709
945 0.850255 0.879274
946 0.374409 0.716708
947 0.917718 0.506562
948 0.669502 0.001596
949 0.135215 0.662721
950 0.550698 0.333652
951 0.183008 0.185709
952 0.440084 0.955194
953 0.128958 0.528476
954 0.372205 0.565288
955 0.545274 0.300839
956 0.581139 0.711376
957 0.523549 0.179858
958 0.449569 0.898628
959 0.719706 0.757340
960 0.570592 0.943659
961 0.343488 0.876791
962 0.094762 0.761289
963 0.369767 0.343662
964 0.602840 0.012894
965 0.390052 0.091156
966 0.250366 0.280651
967 0.326369 0.896079
968 0.991597 0.867560
969 0.552663 0.110433
970 0.722832 0.526393
971 0.149598 0.998467
972 0.104629 0.983915
973 0.679519 0.823526
974 0.189823 0.441176
975 0.674126 0.173547
976 0.602305 0.947899
977 0.865268 0.297421
978 0.932897 0.709313
979 0.337810 0.050370
980 0.990983 0.457701
981 0.998131 0.114920
982 0.205252 0.361626
983 0.630628 0.834545
984 0.417820 0.403917
985 0.025290 0.206319
986 0.722233 0.900135
987 0.102554 0.420418
988 0.422454 0.259814
989 0.970657 0.682042
990 0.027854 0.625925
991 0.182559 0.280905
992 0.104587 0.097384
993 0.778502 0.092508
994 0.325015 0.541104
995 0.736292 0.211383
996 0.995430 0.391138
997 0.201508 0.574894
998 0.587678 0.895081
999 0.001137 0.302918
3000
0 130
0 297
0 475
0 842
1 106
1 534
1 539
1 597
1 728
1 760
2 27
2 300
2 467
2 470
2 532
3 213
3 238
3 326
3 390
3 570
3 791
3 803
3 969
4 24
4 323
4 510
4 764
4 821
4 946
5 24
5 278
5 324
5 450
5 491
5 954
6 368
6 395
6 414
6 666
6 710
6 799
7 66
7 279
7 455
7 644
7 824
7 851
8 30
8 158
8 424
8 833
8 837
8 928
8 963
9 116
9 492
9 678
9 725
9 808
9 858
10 61
10 135
10 286
10 460
11 262
11 320
11 504
11 659
11 890
11 956
12 20
12 41
12 56
12 106
12 360
13 201
13 269
13 503
13 576
13 762
13 916
13 970
14 40
14 123
14 220
14 715
14 774
14 816
14 953
15 523
15 542
15 600
15 817
15 848
15 929
16 82
16 149
16 154
16 206
16 316
16 443
16 913
17 202
17 377
17 426
17 536
17 739
17 767
17 965
18 255
18 433
18 626
18 832
18 882
18 985
19 306
19 430
19 683
19 707
19 949
20 106
20 110
20 360
20 421
20 868
20 975
21 37
21 256
21 274
21 722
21 735
21 743
21 867
22 77
22 311
22 649
22 661
22 766
22 828
22 997
23 102
23 128
23 217
23 468
23 774
23 953
24 73
24 449
24 450
24 510
24 821
25 112
25 333
25 419
25 768
25 772
26 76
26 215
26 261
26 606
26 935
26 972
27 36
27 142
27 470
27 776
28 280
28 492
28 501
28 920
29 362
29 394
29 441
29 651
29 700
30 49
30 109
30 349
30 578
30 833
31 188
31 253
31 535
31 804
31 814
31 835
32 209
32 392
32 460
32 612
32 727
32 825
33 579
33 599
33 666
33 710
33 749
34 381
34 745
34 794
34 831
34 928
34 944
34 963
35 158
35 162
35 177
35 656
35 701
35 837
35 919
36 142
36 470
36 477
36 845
37 256
37 308
37 641
37 735
37 743
37 896
38 84
38 109
38 183
38 416
38 609
38 652
38 831
39 64
39 78
39 218
39 245
39 712
39 714
39 734
40 299
40 346
40 774
40 816
41 119
41 332
41 534
41 552
42 65
42 92
42 114
42 366
42 575
42 719
42 962
43 436
43 456
43 757
43 810
43 869
44 199
44 250
44 257
44 594
44 863
44 895
44 921
45 159
45 292
45 326
45 791
45 818
46 104
46 362
46 394
46 496
47 384
47 571
47 869
47 926
48 77
48 311
48 444
48 580
48 640
48 721
49 330
49 349
49 543
49 736
50 282
50 361
50 555
50 562
50 610
50 663
50 685
51 83
51 132
51 140
51 146
51 251
51 335
51 509
52 149
52 862
52 877
52 913
53 240
53 323
53 354
53 827
53 884
53 898
54 59
54 309
54 435
54 504
54 530
54 531
55 98
55 245
55 546
55 714
55 758
55 849
55 851
56 119
56 360
56 675
56 995
57 262
57 347
57 435
57 472
57 890
58 75
58 498
58 686
58 887
59 336
59 435
59 531
59 581
60 120
60 239
60 662
60 757
60 806
61 163
61 286
61 460
61 840
61 983
61 998
62 285
62 407
62 603
62 650
62 841
62 959
63 222
63 234
63 591
63 653
63 693
63 844
64 245
64 294
64 712
64 714
64 734
64 758
64 930
65 92
65 143
65 259
65 575
65 761
65 836
66 574
66 744
66 824
66 849
66 851
67 265
67 317
67 502
67 573
67 747
67 901
68 126
68 327
68 553
68 781
68 948
68 964
69 84
69 183
69 479
69 745
69 752
69 831
69 944
69 984
70 164
70 310
70 665
70 759
70 899
71 377
71 413
71 500
71 611
71 655
71 695
71 888
72 404
72 431
73 233
73 401
73 450
73 821
73 893
74 204
74 260
74 309
74 678
74 805
75 498
75 505
75 545
75 783
75 887
76 170
76 244
76 792
76 935
77 311
77 580
77 649
77 721
77 997
78 218
78 493
78 702
78 703
78 734
79 250
79 257
79 262
79 895
79 956
80 108
80 124
80 446
80 487
80 508
80 590
81 125
81 170
81 261
81 634
81 847
81 872
82 154
82 181
82 206
82 443
82 913
83 140
83 237
83 632
84 183
84 479
84 609
84 652
84 752
84 831
84 984
85 500
85 803
85 888
85 902
86 89
86 200
86 313
86 410
86 558
86 646
86 699
87 113
87 120
87 236
87 239
87 775
87 813
87 925
88 373
88 379
88 451
88 466
88 820
88 864
89 313
89 519
89 655
89 695
90 281
90 402
90 622
90 656
90 751
90 830
90 966
90 991
91 105
91 300
91 651
91 669
91 680
91 793
91 993
92 259
92 432
92 575
92 761
93 171
93 376
93 486
93 614
93 785
93 856
94 117
94 256
94 629
94 735
94 800
94 847
94 878
95 282
95 310
95 353
95 685
95 720
95 754
95 899
96 129
96 352
96 595
96 684
96 748
96 894
96 931
97 476
97 588
97 647
97 690
97 799
97 846
97 912
98 341
98 546
98 724
98 851
98 852
99 161
99 247
99 473
99 495
99 593
99 861
99 912
100 178
101 225
101 274
101 412
101 671
101 722
101 867
102 468
102 589
102 621
102 774
102 953
103 233
103 624
103 689
103 706
103 821
103 893
103 946
104 198
104 340
104 362
104 585
104 763
105 266
105 651
105 669
105 680
105 793
105 802
105 993
106 421
106 539
107 320
107 392
107 612
107 692
107 956
108 124
108 403
108 487
108 616
108 618
109 349
109 416
109 652
109 833
109 988
110 295
110 421
110 452
110 664
110 868
110 883
110 900
110 975
111 198
111 264
111 364
111 547
111 585
111 865
111 886
111 977
112 151
112 333
112 627
112 768
113 236
113 440
113 458
113 550
113 632
113 813
113 925
114 432
114 634
114 719
114 872
115 187
115 437
115 461
115 619
115 729
116 312
116 369
116 603
116 650
116 808
116 858
117 270
117 800
117 847
117 872
117 923
118 204
118 497
118 604
118 637
118 678
119 552
119 675
119 704
120 875
120 925
120 978
121 175
121 182
121 248
121 303
121 677
121 770
121 938
121 987
122 127
122 160
122 214
122 359
122 615
123 220
123 224
123 715
123 773
124 446
124 487
124 508
124 618
124 917
124 945
125 170
125 261
125 276
125 629
125 847
126 232
126 553
126 657
126 781
126 801
127 214
127 359
127 467
127 680
127 793
127 993
128 217
128 385
128 602
128 774
128 816
128 953
129 339
129 595
129 596
129 748
129 798
130 197
130 264
130 297
130 364
131 360
131 441
131 551
131 700
131 868
131 995
132 146
132 251
132 408
133 422
133 673
133 689
134 365
134 417
134 546
134 582
134 643
134 758
135 199
135 209
135 229
135 321
135 460
135 904
136 199
136 229
136 321
136 422
136 863
136 891
137 148
137 156
137 196
137 388
137 595
137 684
137 782
137 918
138 523
138 542
138 742
138 932
139 318
139 400
139 568
139 857
139 952
140 184
140 251
140 509
141 143
141 149
141 316
141 366
141 575
141 862
142 776
143 575
143 761
143 836
143 862
144 187
144 293
144 418
144 968
145 214
145 232
145 657
145 802
145 876
146 335
146 357
146 408
147 298
147 445
147 543
147 746
147 768
147 940
148 156
148 196
148 344
148 595
148 596
148 764
148 782
149 316
149 862
149 913
150 336
150 338
150 374
150 581
150 691
151 333
151 402
151 627
151 966
152 176
152 371
152 482
152 501
152 616
153 391
153 434
153 583
153 601
153 620
153 812
153 903
154 212
154 316
154 443
154 630
154 679
154 962
155 255
155 626
155 690
155 749
155 912
156 196
156 388
156 764
156 918
157 448
157 464
157 517
157 673
157 826
158 177
158 577
158 794
158 837
158 928
159 326
159 327
159 964
160 214
160 553
160 909
160 948
161 495
161 626
161 832
161 912
162 622
162 656
162 982
163 286
163 379
163 587
163 840
163 915
163 998
164 183
164 479
164 528
164 665
164 759
165 363
165 511
165 567
165 696
165 711
165 713
165 881
166 315
166 436
166 662
166 757
166 806
166 939
167 318
167 568
167 672
167 730
167 823
167 859
167 958
168 332
168 455
168 540
168 552
169 208
169 211
169 564
169 672
169 733
169 907
169 960
170 261
170 634
170 792
171 376
171 473
171 486
171 670
171 694
172 383
172 415
172 439
172 499
172 514
172 559
172 628
173 387
173 459
173 572
173 641
173 705
173 740
173 896
174 203
174 243
174 317
174 397
174 507
174 573
175 248
175 677
175 938
175 987
176 371
176 501
176 806
176 920
176 939
177 577
177 701
177 794
177 928
178 244
178 606
178 674
178 935
179 328
179 353
179 429
179 584
179 635
179 754
179 771
179 790
179 897
180 244
180 259
180 792
180 879
181 206
181 277
181 299
181 346
181 453
181 613
181 990
182 247
182 303
182 538
182 670
182 938
183 479
183 528
183 609
184 230
184 345
184 509
184 795
185 289
185 820
185 864
185 976
186 470
186 515
186 521
186 532
186 537
186 845
187 418
187 437
187 968
188 307
188 658
188 705
188 814
188 835
188 914
189 231
189 392
189 603
189 692
189 727
189 778
189 825
189 841
190 367
190 478
190 767
190 769
190 892
191 270
191 598
191 719
191 811
191 924
192 210
192 246
192 298
192 519
192 543
193 266
193 441
193 551
193 697
193 802
193 876
194 300
194 394
194 405
194 651
195 458
195 503
195 527
195 548
195 667
195 796
195 916
196 344
196 668
196 764
196 898
197 252
197 364
197 834
197 842
198 496
198 585
198 865
198 905
199 229
199 250
199 863
199 895
199 904
200 288
200 646
200 681
200 911
200 922
201 503
201 548
201 576
201 702
201 703
201 916
202 426
202 485
202 522
202 698
202 737
202 739
202 746
202 965
203 243
203 522
203 698
203 979
204 309
204 637
204 678
205 223
205 287
205 347
205 425
205 605
205 765
206 524
206 913
206 990
207 219
207 483
207 686
207 887
207 941
208 211
208 286
208 564
208 907
208 998
209 460
209 612
209 904
210 246
210 298
210 445
210 485
210 543
210 746
211 286
211 717
211 859
211 907
212 352
212 561
212 630
212 679
212 853
212 931
213 238
213 326
213 327
213 570
213 781
213 791
214 232
214 680
214 802
214 909
215 337
215 606
215 972
216 267
216 393
216 554
216 713
216 745
216 752
216 984
217 268
217 580
217 721
218 714
218 734
218 744
218 849
219 451
219 870
219 941
219 986
220 224
220 248
220 602
220 709
220 816
221 284
221 593
221 647
221 751
221 846
221 861
221 991
222 305
222 406
222 511
222 518
222 653
222 693
222 753
222 844
223 287
223 391
223 434
223 583
223 605
223 691
224 676
224 709
224 731
224 773
224 855
224 906
225 240
225 586
225 722
225 867
225 961
225 967
226 387
226 572
226 648
226 658
226 705
227 294
227 703
227 712
227 850
228 328
228 540
228 732
228 777
228 809
228 929
229 321
229 891
229 904
230 345
230 795
230 843
230 989
231 369
231 392
231 438
231 603
231 692
231 841
232 657
232 801
232 909
233 401
233 450
233 516
233 608
233 706
233 893
234 444
234 506
234 844
235 237
235 294
235 335
235 550
235 947
236 632
236 925
237 335
237 550
237 632
238 302
238 489
238 570
238 969
239 662
239 775
239 806
240 464
240 586
240 884
241 280
241 492
241 637
241 667
241 725
241 796
242 404
242 431
242 815
242 819
243 397
243 478
243 480
243 698
243 979
244 674
244 792
244 935
245 714
245 734
245 758
245 849
245 930
246 485
246 519
246 611
246 655
247 284
247 473
247 538
247 670
247 861
248 602
248 677
248 709
248 987
249 431
249 439
249 462
249 469
249 499
249 873
250 257
250 594
250 895
250 904
250 921
251 509
252 842
252 854
253 642
253 730
253 952
254 372
254 493
254 809
254 817
254 929
254 942
255 749
255 985
256 308
256 735
256 878
257 472
257 594
257 895
257 921
258 445
258 541
258 638
258 772
259 432
259 761
259 879
260 309
260 320
260 504
260 659
260 805
261 447
261 972
262 890
262 956
263 285
263 304
263 420
263 787
263 788
263 840
263 915
263 973
264 341
264 364
264 852
264 886
264 977
265 317
265 383
265 494
265 514
265 784
266 441
266 651
266 802
267 556
267 620
267 660
267 713
267 752
267 984
268 385
268 506
268 580
268 750
269 523
269 576
269 600
269 762
269 970
270 923
270 924
271 275
271 427
271 505
271 636
271 783
271 797
271 945
272 375
272 405
272 471
272 496
272 865
272 905
272 934
273 440
273 458
273 527
273 548
273 550
273 850
274 512
274 671
274 722
274 735
274 743
274 867
275 505
275 756
275 783
275 797
276 447
276 617
276 629
276 847
276 878
277 299
277 430
277 453
277 589
277 613
277 621
278 287
278 324
278 450
278 605
278 866
279 340
279 350
279 585
279 644
279 852
279 977
280 775
280 796
280 813
281 291
281 402
281 830
281 846
281 991
282 361
282 635
282 685
282 754
282 790
282 899
283 399
283 462
283 579
283 599
283 815
283 819
283 873
283 992
284 593
284 751
284 861
284 991
285 382
285 407
285 778
285 787
285 973
286 907
286 998
287 425
287 605
287 866
288 322
288 411
288 681
288 922
288 955
289 564
289 733
289 822
289 960
289 976
290 386
290 419
290 541
290 592
290 747
290 772
290 901
291 419
291 476
291 588
291 846
291 951
292 355
292 791
292 818
292 902
293 418
293 456
293 723
293 968
294 357
294 398
294 712
294 930
294 947
295 302
295 452
295 883
295 900
295 908
296 302
296 390
296 413
296 558
296 607
296 695
296 803
296 888
296 957
297 341
297 475
297 623
297 724
298 445
298 543
298 746
299 346
299 453
299 621
300 532
300 669
300 793
301 451
301 466
301 838
302 390
302 549
302 607
303 490
303 520
303 538
303 770
303 938
303 982
304 727
304 778
304 825
304 840
304 973
304 983
305 511
305 518
305 653
305 693
305 753
305 844
306 683
306 707
306 894
306 931
307 572
307 658
307 705
307 814
307 914
307 967
308 617
308 740
308 860
308 878
308 896
309 530
309 604
310 353
310 720
310 754
310 759
310 899
310 950
311 329
311 331
311 640
311 661
312 482
312 492
312 501
312 650
312 858
313 519
313 655
313 699
314 317
314 397
314 494
315 371
315 403
315 436
315 618
315 939
316 366
316 962
317 397
317 494
317 573
318 400
318 568
318 672
318 741
318 857
319 384
319 843
319 875
319 926
319 978
319 989
320 438
320 659
320 692
320 805
321 389
321 517
321 717
321 891
322 528
322 625
322 681
322 759
322 922
322 950
322 955
323 354
323 624
323 668
323 764
323 898
323 946
324 434
324 711
324 954
325 399
325 579
325 786
326 327
326 791
326 964
327 570
327 781
327 964
328 429
328 771
328 848
328 929
329 331
329 661
329 688
329 829
330 543
330 736
330 940
331 640
331 696
331 716
331 829
331 994
332 534
332 540
332 552
332 732
333 402
333 419
334 339
334 412
334 512
334 671
334 798
334 923
335 357
335 947
336 347
336 581
336 691
336 765
337 606
337 972
338 544
338 555
338 562
338 583
338 639
338 691
339 344
339 412
339 596
339 798
340 350
340 585
340 763
341 724
341 852
342 343
342 619
342 943
343 619
343 729
343 943
344 596
344 668
344 827
344 898
345 795
345 843
345 989
346 453
346 465
346 525
347 472
347 765
348 353
348 411
348 584
348 625
348 720
348 728
348 760
348 885
348 897
349 988
350 455
350 704
350 763
351 421
351 526
351 533
351 539
351 664
351 900
352 561
352 598
352 679
352 853
352 931
353 584
353 635
353 720
353 754
353 760
353 897
354 624
354 668
354 689
354 884
354 898
355 396
355 726
355 818
355 880
356 477
356 654
356 845
356 874
357 398
357 947
358 537
358 557
358 645
358 981
359 463
359 467
359 615
359 793
360 868
360 995
361 380
361 663
361 685
361 790
362 675
362 700
362 763
363 511
363 554
363 567
363 713
363 881
363 903
364 547
364 834
364 886
365 417
365 563
365 582
365 623
365 643
365 996
366 575
366 962
367 426
367 478
367 767
367 892
367 979
368 559
368 666
368 779
368 992
369 438
369 603
369 808
370 382
370 420
370 446
370 590
370 787
370 870
370 986
371 403
371 501
371 939
372 540
372 574
372 744
372 777
372 809
372 942
373 379
373 451
373 788
373 870
374 531
374 544
374 581
375 471
375 633
375 865
375 905
375 934
376 454
376 486
376 676
376 694
376 718
376 785
376 856
377 485
377 500
377 536
377 611
377 739
378 565
378 789
378 810
378 871
379 587
379 788
379 864
379 915
379 976
380 542
380 663
380 771
380 790
380 910
381 393
381 518
381 745
381 794
381 944
382 407
382 590
382 787
383 502
383 514
383 559
383 628
383 779
384 757
384 926
384 978
385 602
385 677
385 750
385 974
386 395
386 414
386 419
386 682
386 951
387 459
387 572
387 658
387 705
388 449
388 510
388 764
388 918
388 927
388 936
389 448
389 517
389 717
389 823
389 859
390 803
390 888
390 969
391 434
391 583
391 601
391 605
391 691
391 812
392 612
392 692
392 727
392 825
393 518
393 554
393 713
393 745
393 984
394 405
394 496
394 651
395 414
395 682
395 779
396 536
396 880
396 902
398 643
398 930
398 947
399 579
399 815
399 819
400 741
401 425
401 450
401 516
401 608
401 866
402 656
402 830
402 966
403 487
403 616
403 618
404 431
404 815
404 819
405 471
405 496
405 521
405 839
406 444
406 716
406 844
406 994
407 616
408 980
409 495
409 614
409 626
409 832
409 999
410 416
410 646
410 699
410 922
410 988
411 526
411 625
411 681
411 807
411 885
411 950
411 955
412 671
412 798
412 827
413 558
413 607
413 695
413 803
413 888
413 957
414 476
414 682
414 799
414 951
415 514
415 628
415 784
416 609
416 699
416 988
417 546
417 623
417 724
418 474
419 772
419 951
420 787
420 788
420 870
420 986
421 539
421 900
422 673
422 863
422 891
423 569
423 715
423 731
423 773
424 578
424 627
424 837
424 919
425 516
425 866
426 478
426 698
426 739
426 767
426 965
426 979
427 505
427 508
427 545
427 887
427 917
428 456
428 571
428 723
428 869
429 584
429 597
429 732
429 897
430 589
430 613
430 621
430 683
430 949
431 462
431 469
431 815
432 634
432 792
432 879
433 442
433 882
433 985
434 605
434 812
435 504
435 531
435 890
436 757
436 810
437 729
438 692
438 805
438 808
439 469
439 499
439 628
440 458
440 527
440 775
440 813
441 651
442 786
442 985
443 613
443 630
443 949
444 640
444 716
444 844
445 737
445 746
446 508
446 590
446 941
447 971
447 972
448 517
448 804
448 823
448 826
448 958
449 491
449 510
449 688
449 829
449 927
450 821
450 866
451 870
452 489
452 551
452 697
452 876
452 883
452 908
452 975
453 525
453 990
454 676
454 718
454 785
454 906
455 574
455 824
456 723
456 789
456 869
457 484
457 488
457 490
457 591
457 701
457 974
458 527
458 550
458 796
458 813
459 572
460 825
460 983
461 474
461 619
461 797
461 943
462 469
462 815
462 819
462 873
463 467
463 615
463 776
464 535
464 586
464 826
464 884
465 481
465 525
465 569
465 715
466 820
466 864
467 669
467 776
467 793
468 589
468 621
468 649
468 774
468 997
470 532
470 845
471 496
471 521
471 633
471 839
471 905
472 516
472 921
473 486
473 495
473 670
473 861
474 797
475 623
475 996
476 588
476 799
476 951
477 654
477 845
477 874
478 480
478 698
478 892
478 979
479 528
479 665
479 752
480 892
480 979
481 525
481 569
481 937
482 501
482 650
482 959
483 686
483 838
484 488
484 490
484 701
484 982
485 611
485 739
486 495
486 614
486 856
487 565
487 618
487 871
487 945
488 490
488 591
488 750
488 770
488 974
489 570
489 657
489 801
489 908
490 520
490 770
490 982
491 829
491 954
492 725
492 858
493 576
493 600
493 702
493 817
494 784
495 626
495 832
496 865
497 503
497 604
497 637
497 667
497 708
497 762
497 970
498 783
498 933
499 628
499 873
499 992
500 536
500 902
501 920
502 559
502 682
502 747
502 779
502 901
503 667
503 762
503 916
504 659
504 890
505 545
505 783
505 887
506 580
506 591
506 750
507 541
507 573
507 592
507 638
507 747
508 590
508 917
510 927
511 554
511 567
511 753
512 671
512 735
512 923
513 684
513 707
513 766
513 782
513 828
513 918
514 628
514 784
515 521
515 537
515 687
515 839
516 608
516 921
517 673
517 891
518 554
518 653
518 693
518 753
518 794
519 988
520 538
520 622
520 770
520 982
521 532
521 839
522 638
522 698
522 737
522 746
523 600
523 708
523 970
524 877
524 913
524 937
524 990
525 937
525 990
526 539
526 728
526 807
526 885
527 548
527 916
528 609
529 560
529 834
529 854
529 889
529 934
530 531
530 738
531 581
531 738
533 549
533 607
533 664
533 807
533 911
534 552
534 597
534 732
535 586
535 804
535 826
535 835
535 961
536 739
536 767
536 880
536 902
537 654
537 845
538 670
538 770
538 938
539 728
540 777
540 809
541 573
541 592
541 638
541 747
542 771
542 848
542 910
542 932
543 940
544 555
544 562
544 631
545 887
545 917
545 941
546 724
546 758
547 834
547 865
547 905
547 934
548 703
548 850
548 916
549 607
549 664
550 632
550 850
551 697
551 868
551 876
551 975
552 704
553 781
553 909
553 948
554 713
554 753
555 562
555 631
555 663
556 601
556 620
556 639
556 660
557 755
557 874
558 607
558 695
558 911
558 957
559 779
559 992
560 645
560 854
560 889
560 981
561 598
561 630
561 679
561 811
561 962
562 610
562 639
563 582
563 980
563 996
564 587
564 864
564 907
564 960
564 976
564 998
565 636
565 871
565 945
566 617
566 860
566 971
567 696
567 711
567 994
568 730
568 857
568 952
568 958
569 715
570 781
570 801
571 723
571 869
572 641
572 658
572 705
572 896
572 914
573 592
573 747
574 744
574 809
574 824
575 761
575 836
576 600
576 702
577 653
577 701
577 794
578 627
578 736
579 599
579 873
580 721
582 643
582 980
582 996
583 601
583 639
583 691
584 597
584 760
584 897
585 886
585 977
586 835
586 961
587 864
587 915
587 976
587 998
588 647
588 799
588 846
588 951
589 621
590 941
590 986
591 750
591 974
592 747
592 901
593 647
593 751
593 861
593 912
594 608
594 706
594 863
594 921
595 596
595 684
595 782
597 732
597 760
598 748
598 811
598 924
599 666
599 873
599 992
600 817
601 620
601 639
601 812
601 903
602 677
602 816
603 650
603 841
603 959
604 708
606 674
606 935
607 911
607 957
608 706
608 921
610 639
610 685
611 655
612 895
612 904
612 956
613 949
614 856
614 999
617 860
617 878
618 871
619 729
619 943
620 713
620 812
620 881
620 903
622 751
622 830
622 982
622 991
623 724
624 689
624 706
624 946
625 720
625 759
625 885
625 950
625 955
626 832
626 882
627 736
627 768
629 800
629 847
629 878
630 679
630 853
630 949
631 663
631 738
631 742
631 910
631 932
633 687
633 839
633 889
633 934
634 872
635 754
635 771
635 790
635 897
636 917
636 945
637 667
637 725
638 737
640 716
641 705
641 743
641 896
641 914
642 648
642 780
642 952
643 930
644 824
644 851
644 852
644 977
645 687
645 889
645 981
646 681
646 699
646 922
647 846
647 912
648 658
649 997
650 959
651 669
652 831
652 833
652 963
653 693
653 753
653 794
654 845
654 874
655 695
656 830
656 919
656 966
657 801
657 876
658 705
658 914
659 890
660 665
660 752
661 688
661 766
661 828
661 936
662 757
662 806
663 790
663 910
664 900
665 899
666 710
666 992
667 725
667 796
668 764
668 898
668 946
669 793
669 993
670 694
670 861
670 938
671 867
672 733
672 741
673 689
673 884
674 935
675 700
675 704
675 763
676 694
676 709
676 718
676 906
676 987
677 974
678 805
678 808
679 811
679 962
680 793
680 802
680 993
681 807
681 911
681 922
681 955
682 779
682 901
683 853
683 894
683 931
683 949
684 782
684 894
685 899
686 887
687 839
687 889
688 829
688 927
688 936
689 706
689 884
690 710
690 749
690 799
693 753
693 844
694 718
694 938
694 987
695 888
695 957
696 711
696 954
696 994
697 868
697 876
697 883
697 908
697 975
698 737
698 979
699 988
700 995
702 703
703 712
703 850
704 763
705 914
706 893
707 766
707 828
707 894
708 762
708 970
709 987
710 749
710 799
711 881
711 954
712 850
713 881
713 903
714 734
714 744
714 758
714 849
715 773
716 994
717 823
717 859
718 785
718 906
719 811
719 962
720 759
720 950
721 997
722 743
722 814
722 867
722 961
722 967
723 968
725 858
726 769
726 880
727 778
727 825
727 841
727 973
727 983
728 760
728 885
730 804
730 952
730 958
731 773
731 855
733 741
733 822
733 907
733 960
734 744
734 849
736 768
736 940
737 746
737 965
738 742
739 965
740 860
741 822
742 910
742 932
743 867
743 896
743 914
743 967
744 824
744 849
745 944
745 984
747 901
748 798
748 924
749 786
749 985
750 974
751 861
751 991
752 984
754 790
754 897
755 874
756 783
756 797
756 933
756 943
757 978
758 930
759 950
760 885
760 897
761 836
762 916
762 970
764 946
766 828
766 918
766 936
767 769
767 880
767 965
768 940
769 880
770 974
770 982
771 790
771 848
773 855
774 816
774 953
775 796
775 813
777 809
777 929
777 942
778 841
778 973
779 901
780 857
780 952
781 801
781 964
782 918
783 933
785 856
787 973
788 840
788 870
788 915
789 810
791 818
792 879
793 993
794 928
795 875
795 925
795 989
798 923
798 924
800 847
800 872
802 876
803 888
803 969
804 823
804 826
804 958
805 808
806 939
807 885
807 911
807 955
809 817
809 929
809 942
810 871
811 962
812 881
812 903
814 835
814 914
814 961
814 967
815 819
816 953
817 929
817 942
820 864
821 893
821 946
823 859
823 958
824 851
825 983
826 958
827 898
830 966
831 944
831 963
832 882
832 999
833 963
834 934
835 961
835 967
837 919
837 928
840 915
840 983
841 959
843 926
843 989
846 991
847 872
848 929
849 851
852 886
852 977
853 931
853 949
854 889
855 906
856 999
857 952
860 878
864 976
865 905
867 967
868 975
870 986
873 992
875 925
875 978
875 989
877 913
881 903
882 985
883 900
883 908
883 975
885 955
886 977
888 957
893 946
894 931
895 904
895 956
905 934
907 960
907 976
907 998
909 948
910 932
914 967
917 945
918 927
918 936
919 966
920 939
923 924
926 989
927 936
928 963
929 942
937 990
938 987
941 986
944 963
944 984
950 955
960 976
961 967
971 972
978 989
