1000
0 0.994097 0.435072
1 0.864463 0.700641
2 0.577462 0.301188
3 0.929363 0.295101
4 0.336426 0.218597
5 0.217131 0.940350
6 0.017784 0.714770
7 0.136664 0.749220
8 0.475807 0.698282
9 0.687184 0.417444
10 0.303131 0.494403
11 0.715027 0.934080
12 0.056918 0.967878
13 0.365856 0.295245
14 0.597792 0.854777
15 0.061595 0.843018
16 0.692763 0.008384
17 0.749522 0.554754
18 0.982011 0.306933
19 0.933268 0.084279
20 0.689795 0.668136
21 0.348897 0.955495
22 0.527158 0.190705
23 0.207716 0.174467
24 0.925647 0.013038
25 0.877716 0.658387
26 0.529492 0.999376
27 0.547668 0.159765
28 0.919695 0.764866
29 0.095953 0.153898
30 0.687797 0.943192
31 0.253781 0.929626
32 0.097629 0.441071
33 0.555661 0.316116
34 0.816069 0.041778
35 0.396829 0.848348
36 0.648152 0.664529
37 0.767471 0.501335
38 0.171564 0.393670
39 0.848522 0.919814
40 0.338991 0.714290
41 0.847304 0.603911
42 0.303143 0.867096
43 0.676805 0.821706
44 0.016515 0.639870
45 0.123149 0.326031
46 0.432957 0.986331
47 0.047308 0.376163
48 0.263105 0.703994
49 0.829489 0.462522
50 0.225009 0.774710
51 0.831977 0.207665
52 0.126753 0.999857
53 0.129838 0.148312
54 0.919670 0.246755
55 0.138812 0.490861
56 0.055810 0.476758
57 0.200927 0.617898
58 0.219839 0.694301
59 0.013093 0.364588
60 0.599815 0.529916
61 0.847132 0.563825
62 0.620592 0.964608
63 0.173898 0.728952
64 0.449662 0.090259
65 0.466051 0.111472
66 0.684405 0.045631
67 0.585768 0.406044
68 0.103342 0.553383
69 0.864976 0.993701
70 0.774772 0.877094
71 0.513733 0.732225
72 0.352291 0.811242
73 0.829069 0.267287
74 0.168033 0.000578
75 0.371399 0.125426
76 0.552074 0.503130
77 0.106922 0.284323
78 0.399703 0.193061
79 0.440106 0.200027
80 0.246489 0.260485
81 0.302714 0.682199
82 0.280462 0.393594
83 0.806087 0.138549
84 0.991957 0.554216
85 0.898447 0.359360
86 0.257669 0.579803
87 0.205512 0.464259
88 0.328288 0.896626
89 0.627557 0.620962
90 0.027080 0.940492
91 0.230120 0.099308
92 0.123608 0.710757
93 0.899484 0.165256
94 0.295120 0.985990
95 0.224497 0.556130
96 0.798526 0.866602
97 0.591740 0.894834
98 0.147374 0.027388
99 0.227488 0.395156
100 0.777936 0.384469
101 0.955683 0.933370
102 0.114637 0.617332
103 0.567257 0.781481
104 0.618918 0.839170
105 0.385651 0.955691
106 0.714487 0.626726
107 0.986417 0.655989
108 0.558051 0.893059
109 0.547750 0.345212
110 0.639163 0.599981
111 0.014046 0.254467
112 0.474317 0.636235
113 0.858009 0.399621
114 0.609888 0.486523
115 0.249197 0.129360
116 0.610297 0.284048
117 0.867857 0.907741
118 0.335365 0.576646
119 0.395840 0.117169
120 0.549587 0.556344
121 0.671742 0.562152
122 0.862326 0.852029
123 0.127178 0.459875
124 0.480224 0.050033
125 0.580525 0.835356
126 0.840515 0.891603
127 0.093047 0.191874
128 0.531144 0.898258
129 0.329813 0.294539
130 0.428841 0.225574
131 0.790072 0.992042
132 0.953299 0.502731
133 0.167301 0.513186
134 0.524054 0.162432
135 0.712498 0.193255
136 0.672954 0.539139
137 0.350419 0.014298
138 0.084911 0.387365
139 0.686273 0.610665
140 0.656533 0.884737
141 0.519574 0.386373
142 0.450818 0.242186
143 0.521314 0.506082
144 0.311939 0.311533
145 0.162806 0.863687
146 0.058536 0.136810
147 0.970001 0.684566
148 0.608720 0.634327
149 0.836810 0.699449
150 0.676945 0.693280
151 0.663380 0.938089
152 0.859082 0.331272
153 0.755958 0.813506
154 0.073621 0.935340
155 0.103963 0.949648
156 0.218771 0.880150
157 0.798814 0.796569
158 0.566376 0.733951
159 0.848327 0.449301
160 0.980909 0.338098
161 0.036023 0.114893
162 0.525498 0.277375
163 0.276394 0.356690
164 0.396748 0.646066
165 0.125245 0.585721
166 0.416335 0.558649
167 0.718446 0.266153
168 0.499656 0.554196
169 0.432940 0.955075
170 0.620507 0.899995
171 0.990641 0.606456
172 0.558813 0.534936
173 0.524020 0.783672
174 0.639829 0.057181
175 0.933550 0.522317
176 0.188686 0.106849
177 0.610569 0.508836
178 0.448423 0.053797
179 0.718652 0.790277
180 0.451581 0.548966
181 0.548319 0.443900
182 0.000137 0.463446
183 0.082170 0.083960
184 0.508423 0.893962
185 0.357351 0.763474
186 0.203578 0.852808
187 0.150887 0.304743
188 0.171413 0.454977
189 0.384898 0.159027
190 0.632990 0.491750
191 0.619996 0.942181
192 0.785377 0.825772
193 0.494275 0.961588
194 0.840019 0.634596
195 0.435864 0.813653
196 0.495444 0.093774
197 0.147772 0.916262
198 0.290264 0.794365
199 0.028355 0.766637
200 0.214531 0.432987
201 0.180775 0.242463
202 0.505346 0.479416
203 0.460477 0.856737
204 0.351640 0.187584
205 0.796060 0.117582
206 0.153802 0.569992
207 0.833399 0.345596
208 0.341716 0.432629
209 0.005319 0.958322
210 0.066033 0.257487
211 0.102828 0.672261
212 0.332570 0.985027
213 0.806370 0.962637
214 0.664679 0.415612
215 0.448065 0.653904
216 0.006391 0.750576
217 0.337013 0.678759
218 0.967693 0.252225
219 0.614601 0.137005
220 0.868250 0.771179
221 0.381240 0.567928
222 0.423955 0.382094
223 0.674740 0.516244
224 0.600338 0.246621
225 0.016418 0.092221
226 0.291770 0.627874
227 0.653053 0.805988
228 0.419062 0.515185
229 0.665208 0.119541
230 0.868700 0.954439
231 0.207039 0.754817
232 0.304803 0.772748
233 0.829343 0.424853
234 0.473890 0.508954
235 0.377906 0.010305
236 0.101469 0.800683
237 0.501787 0.761616
238 0.576181 0.001951
239 0.263112 0.627543
240 0.943178 0.451671
241 0.278542 0.742118
242 0.847811 0.311906
243 0.682051 0.077651
244 0.944535 0.899215
245 0.207964 0.149151
246 0.855845 0.127474
247 0.978347 0.756525
248 0.970113 0.905528
249 0.621307 0.710341
250 0.119646 0.078985
251 0.213809 0.662304
252 0.635527 0.008292
253 0.562149 0.612854
254 0.650360 0.358814
255 0.539123 0.067191
256 0.441556 0.428560
257 0.854794 0.165309
258 0.013944 0.674038
259 0.966934 0.954275
260 0.295896 0.372340
261 0.177076 0.343965
262 0.085521 0.897226
263 0.133612 0.541643
264 0.047136 0.621579
265 0.717863 0.725396
266 0.403745 0.901148
267 0.408881 0.962852
268 0.060114 0.311730
269 0.794303 0.174888
270 0.956274 0.770733
271 0.029672 0.603902
272 0.283118 0.557374
273 0.592223 0.073211
274 0.701945 0.837061
275 0.709819 0.548928
276 0.692861 0.570989
277 0.427433 0.595268
278 0.237796 0.213494
279 0.174828 0.974088
280 0.837371 0.862482
281 0.670727 0.639739
282 0.311714 0.396410
283 0.571199 0.345092
284 0.931265 0.743845
285 0.752927 0.187631
286 0.119318 0.415045
287 0.317957 0.622749
288 0.237047 0.474076
289 0.848920 0.817003
290 0.567165 0.464778
291 0.517512 0.618877
292 0.816716 0.826458
293 0.094124 0.215319
294 0.253305 0.292048
295 0.649282 0.472583
296 0.065995 0.219526
297 0.344963 0.457732
298 0.124819 0.215331
299 0.783112 0.581399
300 0.753175 0.448027
301 0.254170 0.757423
302 0.667650 0.724088
303 0.503691 0.268533
304 0.681731 0.156247
305 0.885329 0.491426
306 0.391603 0.736326
307 0.860931 0.077901
308 0.080986 0.571754
309 0.664374 0.450432
310 0.158351 0.192259
311 0.304138 0.197788
312 0.806574 0.252019
313 0.605782 0.415827
314 0.220425 0.017063
315 0.251123 0.069601
316 0.264850 0.177409
317 0.519062 0.928165
318 0.879710 0.212519
319 0.020776 0.798717
320 0.469348 0.295050
321 0.887710 0.538270
322 0.833038 0.123473
323 0.992319 0.527436
324 0.024227 0.863302
325 0.559872 0.183545
326 0.395943 0.327238
327 0.633624 0.210760
328 0.097032 0.699956
329 0.995672 0.471754
330 0.648402 0.140051
331 0.814881 0.704049
332 0.114349 0.041338
333 0.662817 0.618418
334 0.573326 0.999429
335 0.332516 0.105015
336 0.304208 0.902770
337 0.754056 0.317749
338 0.244568 0.965780
339 0.584523 0.804243
340 0.023206 0.476005
341 0.781439 0.524801
342 0.293403 0.595036
343 0.582634 0.044901
344 0.049368 0.727405
345 0.120337 0.508696
346 0.241005 0.625698
347 0.458212 0.592926
348 0.893086 0.030958
349 0.795262 0.457421
350 0.491329 0.821623
351 0.179720 0.078987
352 0.300441 0.095537
353 0.875761 0.435610
354 0.795739 0.482960
355 0.558323 0.969296
356 0.662372 0.490683
357 0.900797 0.663295
358 0.140701 0.780380
359 0.614554 0.869643
360 0.843195 0.038622
361 0.438649 0.122295
362 0.760949 0.972820
363 0.744581 0.286123
364 0.732580 0.808417
365 0.390960 0.054795
366 0.439433 0.324163
367 0.352923 0.496807
368 0.370585 0.825584
369 0.988989 0.116332
370 0.675061 0.312459
371 0.807805 0.206748
372 0.353080 0.869900
373 0.415244 0.823803
374 0.078278 0.616108
375 0.000490 0.920535
376 0.556764 0.922003
377 0.302566 0.117671
378 0.516833 0.454917
379 0.567840 0.432989
380 0.896650 0.880938
381 0.862610 0.273225
382 0.599098 0.715725
383 0.542761 0.741196
384 0.774277 0.360822
385 0.149405 0.327125
386 0.271206 0.492931
387 0.933672 0.986992
388 0.039005 0.303557
389 0.466087 0.384326
390 0.545688 0.246103
391 0.528127 0.670449
392 0.400350 0.388922
393 0.910545 0.411571
394 0.976946 0.379253
395 0.021683 0.341157
396 0.535697 0.224899
397 0.204762 0.221462
398 0.740479 0.584258
399 0.749798 0.707385
400 0.268190 0.008325
401 0.720577 0.305757
402 0.189103 0.412934
403 0.484423 0.330549
404 0.862948 0.620452
405 0.988692 0.832283
406 0.092303 0.721780
407 0.818255 0.527484
408 0.503884 0.045843
409 0.408363 0.033211
410 0.334177 0.605687
411 0.823631 0.937344
412 0.363842 0.049194
413 0.751380 0.116554
414 0.369826 0.337997
415 0.771377 0.776159
416 0.756489 0.665964
417 0.013385 0.224527
418 0.681425 0.860801
419 0.961476 0.540541
420 0.516813 0.321434
421 0.557635 0.660291
422 0.859640 0.191970
423 0.044512 0.185827
424 0.149715 0.366920
425 0.689776 0.487982
426 0.727702 0.899470
427 0.490350 0.171075
428 0.018242 0.167035
429 0.980777 0.936424
430 0.706635 0.770449
431 0.537985 0.814845
432 0.860854 0.238010
433 0.650204 0.530256
434 0.429336 0.904165
435 0.346717 0.308915
436 0.862913 0.013385
437 0.778640 0.030592
438 0.183806 0.679643
439 0.477853 0.770958
440 0.891241 0.685257
441 0.600527 0.788730
442 0.065000 0.888246
443 0.317478 0.814898
444 0.689423 0.447727
445 0.074060 0.339698
446 0.906153 0.832860
447 0.932495 0.690470
448 0.075556 0.422470
449 0.017852 0.064639
450 0.397962 0.418186
451 0.326404 0.008472
452 0.801136 0.004616
453 0.247689 0.161531
454 0.452500 0.402796
455 0.478020 0.239590
456 0.359599 0.223959
457 0.962499 0.024795
458 0.331366 0.385155
459 0.481555 0.072651
460 0.727068 0.243909
461 0.973627 0.070519
462 0.920260 0.957562
463 0.628498 0.387806
464 0.272883 0.832884
465 0.950375 0.379915
466 0.576626 0.562305
467 0.429310 0.165843
468 0.520652 0.001334
469 0.696319 0.114849
470 0.738771 0.950967
471 0.289127 0.423737
472 0.982640 0.987292
473 0.538051 0.114764
474 0.319896 0.921746
475 0.005409 0.514267
476 0.920987 0.460346
477 0.632452 0.516244
478 0.712516 0.586925
479 0.566415 0.257525
480 0.606700 0.024871
481 0.355850 0.164159
482 0.937166 0.639396
483 0.086580 0.482296
484 0.053305 0.580909
485 0.736161 0.372234
486 0.034420 0.211242
487 0.482693 0.003386
488 0.457176 0.674833
489 0.933026 0.182399
490 0.992040 0.871872
491 0.575724 0.091420
492 0.656658 0.093484
493 0.143568 0.105246
494 0.550639 0.796182
495 0.601871 0.338190
496 0.320003 0.445828
497 0.154336 0.274520
498 0.180144 0.837362
499 0.887482 0.609654
500 0.055290 0.533156
501 0.941839 0.226197
502 0.882315 0.183030
503 0.272354 0.241095
504 0.442001 0.268236
505 0.367509 0.674305
506 0.645185 0.918012
507 0.738853 0.640816
508 0.619014 0.261511
509 0.547052 0.202060
510 0.966123 0.275038
511 0.679845 0.984590
512 0.351864 0.361487
513 0.126492 0.862265
514 0.479326 0.881730
515 0.092604 0.002731
516 0.659793 0.220106
517 0.664382 0.756380
518 0.261114 0.518609
519 0.114387 0.899511
520 0.011134 0.193554
521 0.275960 0.329425
522 0.578802 0.760422
523 0.923035 0.492671
524 0.790860 0.738591
525 0.324385 0.753717
526 0.401025 0.673275
527 0.489284 0.428595
528 0.208160 0.083145
529 0.147316 0.400491
530 0.859320 0.488490
531 0.049239 0.814595
532 0.076515 0.866859
533 0.197447 0.547417
534 0.759967 0.728831
535 0.588562 0.652004
536 0.737468 0.009331
537 0.008397 0.558436
538 0.700928 0.872259
539 0.840859 0.969627
540 0.109260 0.744992
541 0.018580 0.832077
542 0.433851 0.865480
543 0.626381 0.650766
544 0.126392 0.372838
545 0.896518 0.712675
546 0.766252 0.095546
547 0.066581 0.062359
548 0.917879 0.912526
549 0.892884 0.584556
550 0.694866 0.899270
551 0.050563 0.015296
552 0.298534 0.348341
553 0.280316 0.857265
554 0.199150 0.729929
555 0.949773 0.345594
556 0.036350 0.036490
557 0.213020 0.256025
558 0.179612 0.947324
559 0.283500 0.958820
560 0.047795 0.158944
561 0.562458 0.109591
562 0.930045 0.794264
563 0.384870 0.922989
564 0.365828 0.539891
565 0.180777 0.766843
566 0.901404 0.978631
567 0.959362 0.624526
568 0.993844 0.803976
569 0.875603 0.381320
570 0.393625 0.275267
571 0.250606 0.550405
572 0.188510 0.584546
573 0.282852 0.057695
574 0.251545 0.399131
575 0.265448 0.439074
576 0.360879 0.090045
577 0.001512 0.879685
578 0.963695 0.822455
579 0.696478 0.643061
580 0.514205 0.245121
581 0.894409 0.942688
582 0.111937 0.353050
583 0.372088 0.891726
584 0.732573 0.517694
585 0.452343 0.906153
586 0.998399 0.706161
587 0.137983 0.613940
588 0.315529 0.958028
589 0.674543 0.353201
590 0.489789 0.925071
591 0.508167 0.853124
592 0.050838 0.992174
593 0.412421 0.758747
594 0.727788 0.031221
595 0.137590 0.812840
596 0.527990 0.476529
597 0.368729 0.437437
598 0.337989 0.776529
599 0.881646 0.096205
600 0.775809 0.211520
601 0.799188 0.766411
602 0.937956 0.863402
603 0.176821 0.535087
604 0.937681 0.591168
605 0.462165 0.466909
606 0.638955 0.997975
607 0.794767 0.665692
608 0.940847 0.320988
609 0.697593 0.340039
610 0.224036 0.585816
611 0.378095 0.775864
612 0.465548 0.437494
613 0.359917 0.408252
614 0.967129 0.144863
615 0.054823 0.651124
616 0.350723 0.844657
617 0.805048 0.428178
618 0.767909 0.298468
619 0.680614 0.375137
620 0.599404 0.106323
621 0.938261 0.143343
622 0.577192 0.510432
623 0.942726 0.259352
624 0.500047 0.369454
625 0.425616 0.347781
626 0.230521 0.287902
627 0.734539 0.215779
628 0.419265 0.788415
629 0.726489 0.158484
630 0.963160 0.740256
631 0.799216 0.308844
632 0.855311 0.671388
633 0.739062 0.835770
634 0.579954 0.700479
635 0.899048 0.754256
636 0.103569 0.315102
637 0.503126 0.343530
638 0.801241 0.505602
639 0.254348 0.787534
640 0.587624 0.141288
641 0.012270 0.431194
642 0.053690 0.694006
643 0.242126 0.342958
644 0.159196 0.829491
645 0.228999 0.916073
646 0.108797 0.647144
647 0.977218 0.494744
648 0.649731 0.306270
649 0.062419 0.402298
650 0.783990 0.687596
651 0.172533 0.156915
652 0.156019 0.068616
653 0.745465 0.140326
654 0.601219 0.309959
655 0.418039 0.309142
656 0.480569 0.670515
657 0.942418 0.840051
658 0.000951 0.310440
659 0.280064 0.656456
660 0.875484 0.356510
661 0.052994 0.507728
662 0.695304 0.272978
663 0.689421 0.747594
664 0.238599 0.817405
665 0.425717 0.010188
666 0.271495 0.889641
667 0.147562 0.239610
668 0.878063 0.807341
669 0.102121 0.999580
670 0.418422 0.687781
671 0.771119 0.544433
672 0.037838 0.414378
673 0.464201 0.798199
674 0.194868 0.193394
675 0.511070 0.133485
676 0.715066 0.391216
677 0.794856 0.890817
678 0.723064 0.678793
679 0.218652 0.053579
680 0.002276 0.777781
681 0.907943 0.566356
682 0.675452 0.910034
683 0.249024 0.238355
684 0.384303 0.869771
685 0.362191 0.715394
686 0.333687 0.535398
687 0.960550 0.409665
688 0.551520 0.840159
689 0.371566 0.632479
690 0.961693 0.874656
691 0.712483 0.441501
692 0.911031 0.543520
693 0.917871 0.060699
694 0.965985 0.096884
695 0.128111 0.665501
696 0.449308 0.026826
697 0.712517 0.466105
698 0.015391 0.903950
699 0.828162 0.797694
700 0.590082 0.976451
701 0.670035 0.241387
702 0.146573 0.697217
703 0.611144 0.682312
704 0.538834 0.412462
705 0.774681 0.639841
706 0.441557 0.724995
707 0.286843 0.285489
708 0.644581 0.178990
709 0.626065 0.452848
710 0.759700 0.895588
711 0.571246 0.230445
712 0.329914 0.338410
713 0.606518 0.195697
714 0.014458 0.288025
715 0.409825 0.721450
716 0.331151 0.162816
717 0.896933 0.790969
718 0.162520 0.489352
719 0.189536 0.884223
720 0.061068 0.759248
721 0.847164 0.537560
722 0.119633 0.241726
723 0.539584 0.951046
724 0.727787 0.087875
725 0.771915 0.412331
726 0.774844 0.942501
727 0.483348 0.849791
728 0.921407 0.117290
729 0.496089 0.304541
730 0.000249 0.140326
731 0.899182 0.325581
732 0.204440 0.285735
733 0.238673 0.439145
734 0.630970 0.340110
735 0.277240 0.087613
736 0.318585 0.663225
737 0.898100 0.140028
738 0.049169 0.783548
739 0.408272 0.363144
740 0.230209 0.726065
741 0.198708 0.319729
742 0.096142 0.602889
743 0.474431 0.721716
744 0.448586 0.152609
745 0.844374 0.735322
746 0.649953 0.688841
747 0.951784 0.569414
748 0.802239 0.610085
749 0.190106 0.807675
750 0.929159 0.818093
751 0.387255 0.502163
752 0.346443 0.254725
753 0.234222 0.515396
754 0.816418 0.065458
755 0.561269 0.684100
756 0.356260 0.566022
757 0.830067 0.503826
758 0.765169 0.847920
759 0.517623 0.963449
760 0.367031 0.385198
761 0.228716 0.183230
762 0.746509 0.994110
763 0.546220 0.590662
764 0.383135 0.605448
765 0.965436 0.443229
766 0.202872 0.916356
767 0.884275 0.300381
768 0.738890 0.400024
769 0.148082 0.593303
770 0.697862 0.802688
771 0.235225 0.416337
772 0.205481 0.513624
773 0.463706 0.177046
774 0.381575 0.477711
775 0.723488 0.126444
776 0.918528 0.606882
777 0.904317 0.287077
778 0.341969 0.916208
779 0.292687 0.261863
780 0.629715 0.570911
781 0.390618 0.241211
782 0.466980 0.992508
783 0.114396 0.108068
784 0.820936 0.761396
785 0.047468 0.094884
786 0.401363 0.939993
787 0.451130 0.488691
788 0.679078 0.786272
789 0.100389 0.262844
790 0.047383 0.554213
791 0.814952 0.678764
792 0.494534 0.794104
793 0.426565 0.099791
794 0.722677 0.055301
795 0.955664 0.979572
796 0.423358 0.052454
797 0.830153 0.240306
798 0.500330 0.701614
799 0.804584 0.913423
800 0.252195 0.857135
801 0.148671 0.642687
802 0.174162 0.319784
803 0.807011 0.392744
804 0.498869 0.530360
805 0.809122 0.556853
806 0.944773 0.116531
807 0.745361 0.474310
808 0.620824 0.093590
809 0.205154 0.344479
810 0.471430 0.272386
811 0.547185 0.006429
812 0.251330 0.042916
813 0.716219 0.989550
814 0.598859 0.219371
815 0.825274 0.374078
816 0.802638 0.088691
817 0.597020 0.463085
818 0.967071 0.717827
819 0.427713 0.631247
820 0.612828 0.599520
821 0.818124 0.848773
822 0.312083 0.581945
823 0.403692 0.461480
824 0.099183 0.833939
825 0.821647 0.303492
826 0.538433 0.765780
827 0.987494 0.268809
828 0.474854 0.136784
829 0.610644 0.056937
830 0.485005 0.597545
831 0.378121 0.363434
832 0.312341 0.251191
833 0.536201 0.303714
834 0.725102 0.857500
835 0.220700 0.837833
836 0.163409 0.787456
837 0.162443 0.425645
838 0.127200 0.925485
839 0.001404 0.034438
840 0.656099 0.970342
841 0.496502 0.991804
842 0.434888 0.471895
843 0.625716 0.161654
844 0.977390 0.182695
845 0.991569 0.056283
846 0.831761 0.149699
847 0.745401 0.748683
848 0.034729 0.969132
849 0.167706 0.629145
850 0.637550 0.775795
851 0.079747 0.984793
852 0.895423 0.458737
853 0.117808 0.185570
854 0.141665 0.949284
855 0.201198 0.706758
856 0.309376 0.153698
857 0.325451 0.031747
858 0.960003 0.469705
859 0.638610 0.120195
860 0.217834 0.127124
861 0.994513 0.233173
862 0.722505 0.415403
863 0.049329 0.282574
864 0.048334 0.918785
865 0.282277 0.934811
866 0.872571 0.931984
867 0.116223 0.479142
868 0.226021 0.362572
869 0.493166 0.214575
870 0.992339 0.362276
871 0.664397 0.024439
872 0.867540 0.743107
873 0.286856 0.513984
874 0.377943 0.208058
875 0.429868 0.077826
876 0.596076 0.940770
877 0.407129 0.159401
878 0.374506 0.848438
879 0.316479 0.724262
880 0.172948 0.998586
881 0.798568 0.286589
882 0.834234 0.583631
883 0.255259 0.677914
884 0.955391 0.168303
885 0.887820 0.249761
886 0.749404 0.052336
887 0.971944 0.221349
888 0.232111 0.750159
889 0.921944 0.357172
890 0.106725 0.129676
891 0.243535 0.877851
892 0.452460 0.348870
893 0.528668 0.868875
894 0.997801 0.154114
895 0.865571 0.874092
896 0.786257 0.242011
897 0.389886 0.990894
898 0.287076 0.027344
899 0.288500 0.220959
900 0.600902 0.167218
901 0.481762 0.405448
902 0.778009 0.003748
903 0.319492 0.081413
904 0.429284 0.534925
905 0.434113 0.290948
906 0.524983 0.036712
907 0.667099 0.193862
908 0.077666 0.118663
909 0.388681 0.712290
910 0.331413 0.644360
911 0.409077 0.485221
912 0.140859 0.001200
913 0.127206 0.271263
914 0.864253 0.584482
915 0.707679 0.510575
916 0.076012 0.810641
917 0.192490 0.369961
918 0.646781 0.839214
919 0.576537 0.165048
920 0.823567 0.007609
921 0.557194 0.033543
922 0.241936 0.009688
923 0.704795 0.697510
924 0.414253 0.440895
925 0.753076 0.531436
926 0.442205 0.571798
927 0.717549 0.490756
928 0.596596 0.368532
929 0.582692 0.323490
930 0.603456 0.994607
931 0.119067 0.969176
932 0.153244 0.985613
933 0.974254 0.590891
934 0.898846 0.114757
935 0.094977 0.027068
936 0.046414 0.335088
937 0.308651 0.536032
938 0.450491 0.928624
939 0.086983 0.511199
940 0.039274 0.073534
941 0.947090 0.052128
942 0.962526 0.795436
943 0.922413 0.269596
944 0.188626 0.643448
945 0.620900 0.812084
946 0.257455 0.995817
947 0.028460 0.539225
948 0.483228 0.454214
949 0.610431 0.768118
950 0.405297 0.607546
951 0.299030 0.453807
952 0.353866 0.595369
953 0.703302 0.069532
954 0.815977 0.185156
955 0.661494 0.047497
956 0.668122 0.272435
957 0.066879 0.176062
958 0.456039 0.966317
959 0.026512 0.002889
960 0.683345 0.211391
961 0.440630 0.769417
962 0.757951 0.238227
963 0.905455 0.633829
964 0.596205 0.738398
965 0.889580 0.902377
966 0.457743 0.753037
967 0.086155 0.760575
968 0.535210 0.091691
969 0.748305 0.924946
970 0.540611 0.366814
971 0.158041 0.672114
972 0.476118 0.355335
973 0.895868 0.002668
974 0.256483 0.368225
975 0.177310 0.912741
976 0.509234 0.593594
977 0.909355 0.220663
978 0.894949 0.857370
979 0.750749 0.614596
980 0.957230 0.304302
981 0.186839 0.036427
982 0.362128 0.931953
983 0.999339 0.628721
984 0.942066 0.717647
985 0.287554 0.707468
986 0.561299 0.283740
987 0.023276 0.138319
988 0.280638 0.766906
989 0.772526 0.074263
990 0.202437 0.985877
991 0.063618 0.454373
992 0.989492 0.002608
993 0.350929 0.135119
994 0.458843 0.824203
995 0.911834 0.513552
996 0.950051 0.671040
997 0.031047 0.693163
998 0.079610 0.539657
999 0.199283 0.007822
6000
0 240
0 329
0 394
0 647
0 687
0 765
0 858
1 25
1 149
1 331
1 357
1 440
1 545
1 632
1 635
1 745
1 791
1 872
2 33
2 109
2 116
2 162
2 224
2 283
2 390
2 420
2 479
2 495
2 508
2 654
2 734
2 833
2 929
2 986
3 18
3 54
3 218
3 510
3 555
3 608
3 623
3 731
3 767
3 777
3 827
3 885
3 889
3 943
3 980
4 204
4 311
4 456
4 481
4 716
4 752
4 779
4 781
4 832
4 874
4 899
5 31
5 156
5 279
5 338
5 558
5 645
5 719
5 766
5 865
5 975
5 990
6 199
6 216
6 258
6 344
6 642
6 680
6 720
6 997
7 63
7 92
7 236
7 328
7 358
7 406
7 540
7 554
7 565
7 595
7 702
7 836
7 967
8 71
8 112
8 215
8 391
8 488
8 656
8 670
8 706
8 743
8 798
8 966
9 214
9 309
9 444
9 463
9 589
9 619
9 676
9 691
9 697
9 768
9 862
10 272
10 297
10 367
10 386
10 496
10 518
10 686
10 873
10 937
10 951
11 30
11 151
11 362
11 426
11 470
11 511
11 538
11 550
11 682
11 710
11 726
11 813
11 969
12 90
12 154
12 155
12 209
12 592
12 669
12 848
12 851
12 864
12 931
13 129
13 144
13 326
13 414
13 435
13 570
13 655
13 712
13 752
13 781
14 97
14 104
14 108
14 125
14 140
14 170
14 339
14 359
14 441
14 688
14 918
14 945
15 236
15 262
15 319
15 324
15 442
15 531
15 532
15 541
15 738
15 824
15 916
16 66
16 252
16 536
16 594
16 794
16 871
16 953
16 955
17 37
17 275
17 276
17 299
17 341
17 398
17 478
17 584
17 671
17 805
17 915
17 925
17 979
18 160
18 218
18 510
18 555
18 608
18 623
18 827
18 870
18 980
19 369
19 457
19 461
19 599
19 621
19 693
19 694
19 728
19 737
19 806
19 845
19 934
19 941
20 36
20 106
20 139
20 150
20 265
20 281
20 302
20 333
20 507
20 543
20 579
20 678
20 746
20 923
21 88
21 94
21 105
21 212
21 267
21 474
21 559
21 563
21 588
21 778
21 786
21 897
21 982
22 27
22 134
22 325
22 390
22 396
22 427
22 509
22 580
22 675
22 711
22 773
22 869
22 919
23 115
23 245
23 278
23 310
23 316
23 397
23 453
23 651
23 674
23 761
23 860
24 348
24 436
24 457
24 693
24 941
24 973
24 992
25 41
25 149
25 194
25 357
25 404
25 440
25 447
25 482
25 499
25 545
25 632
25 776
25 791
25 963
26 193
26 334
26 355
26 700
26 723
26 759
26 782
26 841
27 134
27 325
27 396
27 427
27 473
27 509
27 561
27 640
27 675
27 900
27 919
28 220
28 247
28 270
28 284
28 545
28 562
28 630
28 635
28 668
28 717
28 750
28 872
28 942
28 984
29 53
29 127
29 146
29 293
29 423
29 560
29 783
29 853
29 890
29 908
29 957
30 140
30 151
30 426
30 470
30 506
30 511
30 550
30 682
30 813
30 840
30 969
31 156
31 336
31 338
31 559
31 645
31 666
31 766
31 865
31 891
31 946
32 55
32 56
32 123
32 138
32 286
32 448
32 483
32 529
32 649
32 672
32 867
32 991
33 109
33 116
33 162
33 283
33 420
33 479
33 495
33 637
33 654
33 729
33 833
33 929
33 970
33 986
34 307
34 360
34 436
34 437
34 452
34 754
34 816
34 902
34 920
34 989
35 72
35 195
35 203
35 266
35 368
35 372
35 373
35 434
35 542
35 583
35 616
35 628
35 684
35 878
36 89
36 110
36 139
36 148
36 150
36 249
36 281
36 302
36 333
36 535
36 543
36 579
36 703
36 746
36 923
37 300
37 341
37 349
37 354
37 407
37 584
37 638
37 671
37 697
37 757
37 807
37 915
37 925
37 927
38 99
38 188
38 200
38 261
38 286
38 402
38 424
38 529
38 544
38 809
38 837
38 868
38 917
39 117
39 126
39 213
39 230
39 280
39 380
39 411
39 539
39 581
39 677
39 799
39 866
39 895
39 965
40 81
40 185
40 217
40 306
40 505
40 525
40 598
40 685
40 736
40 879
40 909
40 985
41 61
41 194
41 404
41 499
41 549
41 748
41 805
41 882
41 914
41 963
42 88
42 336
42 372
42 443
42 464
42 474
42 553
42 616
42 666
42 778
42 800
42 891
43 104
43 140
43 179
43 227
43 274
43 364
43 418
43 430
43 538
43 633
43 770
43 788
43 834
43 850
43 918
43 945
44 258
44 264
44 271
44 374
44 615
44 642
44 997
45 77
45 187
45 261
45 268
45 385
45 424
45 445
45 497
45 544
45 582
45 636
45 802
45 913
46 105
46 169
46 193
46 267
46 782
46 786
46 841
46 897
46 938
46 958
47 59
47 138
47 268
47 395
47 445
47 448
47 641
47 649
47 672
47 936
48 58
48 81
48 241
48 251
48 301
48 659
48 740
48 855
48 879
48 883
48 888
48 985
48 988
49 159
49 233
49 305
49 349
49 353
49 354
49 407
49 530
49 617
49 638
49 757
49 852
50 231
50 241
50 301
50 554
50 565
50 639
50 664
50 740
50 749
50 835
50 836
50 888
50 988
51 73
51 257
51 269
51 312
51 318
51 371
51 422
51 432
51 502
51 600
51 797
51 846
51 896
51 954
52 155
52 279
52 669
52 851
52 854
52 880
52 931
52 932
53 127
53 310
53 493
53 651
53 783
53 853
53 890
53 908
54 218
54 318
54 381
54 432
54 489
54 501
54 510
54 623
54 767
54 777
54 885
54 887
54 943
54 977
55 123
55 133
55 188
55 263
55 345
55 483
55 603
55 718
55 867
55 939
56 182
56 340
56 448
56 475
56 483
56 500
56 641
56 661
56 672
56 867
56 939
56 991
57 95
57 239
57 251
57 346
57 438
57 572
57 587
57 610
57 769
57 801
57 849
57 944
58 63
58 231
58 251
58 438
58 554
58 740
58 855
58 883
58 888
58 944
58 971
59 388
59 395
59 445
59 649
59 658
59 672
59 936
60 76
60 114
60 120
60 172
60 177
60 190
60 433
60 466
60 477
60 622
60 780
61 321
61 404
61 407
61 499
61 549
61 681
61 721
61 748
61 757
61 805
61 882
61 914
62 151
62 170
62 191
62 334
62 355
62 506
62 511
62 606
62 700
62 840
62 876
62 930
63 92
63 231
63 358
63 438
63 554
63 565
63 702
63 740
63 836
63 855
63 888
63 971
64 65
64 119
64 124
64 178
64 196
64 361
64 459
64 696
64 744
64 793
64 796
64 828
64 875
65 124
65 178
65 196
65 361
65 427
65 459
65 467
65 675
65 744
65 773
65 793
65 828
65 875
66 174
66 243
66 252
66 492
66 536
66 594
66 724
66 794
66 871
66 886
66 953
66 955
67 181
67 283
67 290
67 313
67 379
67 463
67 704
67 709
67 817
67 928
67 970
68 102
68 165
68 206
68 263
68 308
68 345
68 484
68 500
68 742
68 769
68 790
68 939
68 998
69 230
69 462
69 539
69 566
69 581
69 866
70 96
70 153
70 192
70 280
70 292
70 426
70 633
70 677
70 710
70 726
70 758
70 799
70 821
70 834
70 969
71 158
71 173
71 237
71 383
71 391
71 439
71 743
71 792
71 798
71 826
71 966
72 185
72 198
72 232
72 368
72 372
72 373
72 443
72 525
72 598
72 611
72 616
72 878
73 242
73 312
73 371
73 381
73 432
73 631
73 767
73 797
73 825
73 881
73 885
73 896
74 98
74 314
74 912
74 981
74 999
75 119
75 189
75 204
75 335
75 481
75 576
75 716
75 793
75 877
75 993
76 114
76 120
76 143
76 172
76 177
76 181
76 202
76 290
76 378
76 466
76 596
76 622
76 804
76 817
77 187
77 210
77 268
77 385
77 445
77 497
77 636
77 667
77 722
77 789
77 863
77 913
78 79
78 130
78 189
78 204
78 456
78 467
78 481
78 744
78 773
78 781
78 874
78 877
79 130
79 142
79 427
79 455
79 467
79 744
79 773
79 781
79 869
79 874
79 877
80 278
80 294
80 397
80 503
80 557
80 626
80 683
80 707
80 732
80 779
80 899
81 217
81 226
81 241
81 287
81 505
81 659
81 736
81 879
81 883
81 910
81 985
82 99
82 163
82 260
82 282
82 458
82 471
82 496
82 521
82 552
82 574
82 575
82 643
82 733
82 771
82 868
82 951
82 974
83 205
83 246
83 257
83 269
83 322
83 413
83 546
83 653
83 816
83 846
83 954
84 132
84 171
84 323
84 419
84 604
84 647
84 747
84 933
85 113
85 152
85 393
85 465
85 555
85 569
85 608
85 660
85 731
85 767
85 889
86 95
86 226
86 239
86 272
86 342
86 346
86 518
86 571
86 610
86 822
87 133
87 188
87 200
87 288
87 402
87 575
87 718
87 733
87 753
87 771
87 772
87 837
88 336
88 372
88 474
88 553
88 563
88 583
88 588
88 616
88 666
88 684
88 778
88 865
88 982
89 110
89 139
89 148
89 253
89 281
89 333
89 535
89 543
89 703
89 780
89 820
90 154
90 209
90 375
90 442
90 577
90 592
90 698
90 848
90 864
91 115
91 176
91 245
91 315
91 351
91 453
91 528
91 679
91 735
91 812
91 860
92 211
92 328
92 406
92 540
92 646
92 695
92 702
92 967
92 971
93 246
93 257
93 318
93 422
93 489
93 502
93 621
93 728
93 737
93 884
93 934
93 977
94 212
94 338
94 559
94 588
94 865
94 946
95 272
95 518
95 533
95 571
95 572
95 603
95 610
95 753
95 772
96 122
96 126
96 192
96 280
96 292
96 677
96 710
96 758
96 799
96 821
97 104
97 108
97 125
97 128
97 140
97 170
97 191
97 359
97 376
97 506
97 876
98 250
98 332
98 351
98 515
98 652
98 912
98 935
98 981
98 999
99 163
99 200
99 402
99 574
99 575
99 643
99 733
99 771
99 809
99 868
99 917
99 974
100 233
100 384
100 485
100 617
100 676
100 725
100 768
100 803
100 815
100 862
101 244
101 248
101 259
101 387
101 429
101 462
101 472
101 548
101 581
101 690
101 795
102 165
102 206
102 211
102 308
102 374
102 587
102 646
102 695
102 742
102 769
102 801
102 849
103 125
103 158
103 173
103 339
103 383
103 431
103 441
103 494
103 522
103 688
103 826
103 945
103 949
103 964
104 125
104 140
104 170
104 227
104 339
104 359
104 418
104 441
104 850
104 918
104 945
105 169
105 212
105 266
105 267
105 563
105 583
105 778
105 786
105 897
105 982
106 139
106 276
106 281
106 333
106 398
106 416
106 478
106 507
106 579
106 678
106 705
106 979
107 147
107 171
107 447
107 482
107 567
107 586
107 818
107 933
107 983
107 996
108 125
108 128
108 170
108 184
108 317
108 359
108 376
108 591
108 688
108 723
108 876
108 893
109 141
109 283
109 403
109 420
109 495
109 624
109 637
109 654
109 729
109 833
109 928
109 929
109 970
109 986
110 121
110 139
110 148
110 276
110 281
110 333
110 543
110 780
110 820
111 210
111 296
111 388
111 417
111 486
111 520
111 658
111 714
111 863
112 215
112 277
112 291
112 347
112 391
112 488
112 656
112 819
112 830
112 976
113 159
113 207
113 233
113 353
113 393
113 569
113 617
113 660
113 803
113 815
114 177
114 190
114 290
114 295
114 309
114 356
114 433
114 477
114 622
114 709
114 817
115 176
115 245
115 315
115 316
115 352
115 377
115 453
115 528
115 735
115 761
115 856
115 860
116 224
116 479
116 495
116 508
116 648
116 654
116 711
116 734
116 814
116 929
116 956
116 986
117 122
117 126
117 230
117 280
117 380
117 411
117 548
117 581
117 799
117 866
117 895
117 965
117 978
118 221
118 272
118 287
118 342
118 410
118 564
118 686
118 756
118 764
118 822
118 937
118 952
119 189
119 335
119 361
119 365
119 467
119 481
119 576
119 744
119 793
119 875
119 877
119 993
120 143
120 168
120 172
120 253
120 466
120 622
120 763
120 804
120 976
121 136
121 139
121 223
121 275
121 276
121 333
121 433
121 477
121 478
121 780
121 915
122 126
122 280
122 289
122 292
122 380
122 446
122 668
122 699
122 821
122 895
122 965
122 978
123 188
123 286
123 345
123 448
123 483
123 529
123 718
123 837
123 867
123 939
123 991
124 178
124 196
124 255
124 408
124 459
124 468
124 487
124 696
124 796
124 875
124 906
125 339
125 359
125 431
125 441
125 494
125 688
125 893
125 945
126 280
126 380
126 411
126 677
126 799
126 821
126 866
126 895
126 965
126 978
127 146
127 293
127 296
127 298
127 310
127 423
127 486
127 560
127 722
127 853
127 890
127 957
128 184
128 317
128 376
128 514
128 590
128 591
128 688
128 723
128 893
129 144
129 414
129 435
129 521
129 552
129 707
129 712
129 752
129 779
129 832
130 142
130 455
130 467
130 504
130 570
130 773
130 781
130 810
130 869
130 874
130 905
131 213
131 362
131 411
131 470
131 539
131 726
131 762
132 175
132 240
132 323
132 329
132 419
132 476
132 523
132 647
132 692
132 765
132 858
132 995
133 188
133 206
133 263
133 345
133 533
133 603
133 718
133 772
133 867
134 325
134 396
134 427
134 473
134 509
134 561
134 675
134 773
134 828
134 869
134 919
135 285
135 304
135 460
135 516
135 600
135 627
135 629
135 653
135 701
135 907
135 960
135 962
136 190
136 223
136 275
136 276
136 356
136 425
136 433
136 477
136 478
136 584
136 780
136 915
136 927
137 235
137 365
137 409
137 412
137 451
137 857
137 898
138 286
138 445
138 448
138 529
138 544
138 582
138 649
138 672
138 936
139 275
139 276
139 281
139 333
139 398
139 478
139 507
139 579
139 979
140 151
140 170
140 274
140 359
140 418
140 506
140 538
140 550
140 682
140 918
141 181
141 283
141 389
141 403
141 420
141 527
141 624
141 637
141 704
141 901
141 970
141 972
142 303
142 320
142 455
142 504
142 570
142 580
142 781
142 810
142 869
142 905
143 168
143 172
143 202
143 234
143 290
143 378
143 596
143 622
143 804
143 948
144 163
144 260
144 294
144 414
144 435
144 512
144 521
144 552
144 707
144 712
144 779
144 832
145 156
145 186
145 197
145 498
145 513
145 519
145 595
145 644
145 719
145 749
145 766
145 835
145 975
146 161
146 183
146 225
146 423
146 428
146 560
146 730
146 783
146 785
146 890
146 908
146 940
146 957
146 987
147 447
147 482
147 567
147 586
147 630
147 818
147 983
147 984
147 996
148 253
148 281
148 333
148 421
148 535
148 543
148 703
148 820
149 194
149 331
149 440
149 524
149 545
149 607
149 632
149 650
149 745
149 784
149 791
149 872
150 249
150 265
150 281
150 302
150 517
150 543
150 579
150 663
150 678
150 746
150 923
151 170
151 191
151 506
151 511
151 550
151 606
151 682
151 840
152 207
152 242
152 381
152 569
152 631
152 660
152 731
152 767
152 777
152 815
152 825
153 157
153 179
153 192
153 274
153 292
153 364
153 415
153 430
153 601
153 633
153 758
153 770
153 834
153 847
154 155
154 262
154 442
154 519
154 592
154 698
154 838
154 848
154 851
154 864
154 931
155 197
155 262
155 519
155 669
155 838
155 851
155 854
155 864
155 931
155 932
156 186
156 498
156 553
156 645
156 664
156 666
156 719
156 766
156 800
156 835
156 891
156 975
157 192
157 289
157 292
157 415
157 524
157 601
157 699
157 758
157 784
157 821
158 173
158 249
158 382
158 383
158 441
158 494
158 522
158 634
158 755
158 826
158 949
158 964
159 233
159 305
159 349
159 353
159 354
159 530
159 617
159 757
159 852
160 394
160 465
160 510
160 555
160 608
160 870
160 889
160 980
161 183
161 225
161 428
161 449
161 547
161 560
161 730
161 785
161 908
161 940
161 987
162 303
162 320
162 390
162 396
162 420
162 455
162 479
162 580
162 711
162 729
162 810
162 833
162 986
163 260
163 282
163 458
163 521
163 552
163 574
163 643
163 712
163 868
163 974
164 215
164 277
164 505
164 526
164 670
164 689
164 764
164 819
164 910
164 950
165 206
165 263
165 308
165 374
165 572
165 587
165 646
165 742
165 769
165 801
165 849
165 998
166 180
166 221
166 228
166 277
166 347
166 564
166 751
166 756
166 764
166 904
166 926
166 950
167 337
167 363
167 370
167 401
167 460
167 618
167 627
167 662
167 701
167 956
167 960
167 962
168 172
168 180
168 234
168 347
168 763
168 804
168 830
168 926
168 976
169 193
169 266
169 267
169 434
169 563
169 585
169 590
169 782
169 786
169 897
169 938
169 958
170 191
170 359
170 506
170 682
170 876
170 918
171 482
171 567
171 604
171 747
171 933
171 983
172 177
172 466
172 596
172 622
172 763
172 804
173 237
173 339
173 350
173 383
173 431
173 439
173 494
173 522
173 673
173 688
173 792
173 826
174 243
174 252
174 273
174 343
174 480
174 492
174 620
174 808
174 829
174 859
174 871
174 953
174 955
175 305
175 321
175 323
175 419
175 476
175 523
175 647
175 681
175 692
175 747
175 858
175 995
176 245
176 351
176 493
176 528
176 651
176 652
176 679
176 860
177 190
177 223
177 290
177 295
177 356
177 433
177 466
177 477
177 622
177 709
177 780
177 817
178 196
178 365
178 408
178 409
178 459
178 487
178 665
178 696
178 793
178 796
178 875
179 265
179 274
179 364
179 415
179 430
179 517
179 633
179 663
179 770
179 788
179 847
180 228
180 234
180 277
180 347
180 787
180 804
180 830
180 904
180 926
181 202
181 290
181 313
181 378
181 379
181 527
181 596
181 704
181 817
181 948
182 340
182 475
182 641
182 672
182 991
183 225
183 250
183 332
183 493
183 547
183 556
183 783
183 785
183 890
183 908
183 935
183 940
184 203
184 317
184 376
184 514
184 585
184 590
184 591
184 723
184 727
184 893
185 232
185 306
185 368
185 443
185 525
185 593
185 598
185 611
185 685
185 879
185 909
186 498
186 644
186 664
186 719
186 749
186 766
186 800
186 835
186 891
186 975
187 261
187 385
187 424
187 497
187 582
187 636
187 667
187 732
187 741
187 789
187 802
187 913
188 200
188 286
188 402
188 529
188 718
188 837
188 867
189 204
189 361
189 467
189 481
189 716
189 744
189 874
189 877
189 993
190 223
190 295
190 309
190 356
190 425
190 433
190 477
190 622
190 709
190 817
191 506
191 606
191 682
191 700
191 840
191 876
191 930
192 280
192 289
192 292
192 364
192 415
192 601
192 633
192 677
192 699
192 758
192 821
193 317
193 355
193 590
193 723
193 759
193 782
193 841
193 938
193 958
194 404
194 499
194 607
194 632
194 705
194 748
194 791
194 882
194 914
194 963
195 203
195 350
195 373
195 439
195 542
195 593
195 628
195 673
195 727
195 792
195 961
195 966
195 994
196 255
196 361
196 408
196 459
196 473
196 675
196 828
196 906
196 968
197 262
197 279
197 513
197 519
197 558
197 719
197 766
197 838
197 854
197 931
197 975
198 232
198 241
198 301
198 443
198 464
198 525
198 553
198 598
198 639
198 664
198 988
199 216
199 319
199 344
199 531
199 541
199 680
199 720
199 738
199 916
199 967
200 288
200 402
200 574
200 575
200 733
200 771
200 837
201 278
201 298
201 310
201 397
201 497
201 557
201 667
201 674
201 722
201 732
201 913
202 234
202 290
202 378
202 527
202 596
202 605
202 612
202 787
202 804
202 948
203 350
203 373
203 434
203 514
203 542
203 585
203 591
203 673
203 727
203 994
204 311
204 456
204 481
204 716
204 781
204 856
204 874
204 877
204 993
205 246
205 269
205 322
205 413
205 546
205 653
205 754
205 816
205 846
205 989
206 263
206 533
206 572
206 587
206 603
206 769
206 849
207 242
207 384
207 569
207 631
207 660
207 803
207 815
207 825
208 282
208 297
208 367
208 450
208 458
208 471
208 496
208 597
208 613
208 760
208 774
208 951
209 375
209 592
209 698
209 848
209 864
210 268
210 293
210 296
210 388
210 417
210 486
210 714
210 722
210 789
210 863
210 913
211 328
211 374
211 406
211 615
211 642
211 646
211 695
211 702
211 801
211 971
212 474
212 559
212 588
212 897
212 982
213 230
213 362
213 411
213 539
213 726
213 799
214 254
214 295
214 309
214 313
214 444
214 463
214 589
214 619
214 676
214 691
214 709
214 862
215 277
215 347
215 488
215 526
215 656
215 670
215 819
215 950
216 319
216 344
216 680
216 720
216 738
216 997
217 287
217 505
217 526
217 659
217 685
217 689
217 736
217 879
217 909
217 910
217 985
218 501
218 510
218 623
218 827
218 861
218 887
218 943
218 977
218 980
219 229
219 330
219 491
219 492
219 561
219 620
219 640
219 708
219 713
219 808
219 843
219 859
219 900
219 919
220 289
220 545
220 562
220 635
220 668
220 699
220 717
220 745
220 784
220 872
221 228
221 277
221 410
221 564
221 686
221 689
221 751
221 756
221 764
221 904
221 926
221 950
221 952
222 256
222 326
222 366
222 389
222 392
222 450
222 454
222 625
222 739
222 760
222 831
222 892
222 901
222 924
222 972
223 275
223 276
223 295
223 356
223 425
223 433
223 477
223 584
223 697
223 915
223 927
224 327
224 390
224 479
224 508
224 516
224 654
224 711
224 713
224 814
224 986
225 449
225 547
225 556
225 730
225 785
225 839
225 940
225 987
226 239
226 287
226 342
226 346
226 410
226 659
226 736
226 822
226 883
226 910
227 274
227 418
227 430
227 441
227 517
227 770
227 788
227 850
227 918
227 945
227 949
228 234
228 564
228 605
228 751
228 774
228 787
228 823
228 842
228 904
228 911
228 926
229 243
229 304
229 330
229 469
229 492
229 708
229 775
229 808
229 843
229 859
229 953
230 411
230 462
230 539
230 548
230 566
230 581
230 866
230 965
231 301
231 554
231 565
231 639
231 740
231 749
231 836
231 855
231 888
232 241
232 301
232 443
232 525
232 598
232 639
232 879
232 988
233 349
233 353
233 569
233 617
233 725
233 803
233 815
234 596
234 605
234 787
234 804
234 842
234 904
234 948
235 365
235 409
235 412
235 451
235 665
235 796
235 857
236 358
236 531
236 540
236 595
236 644
236 720
236 738
236 824
236 836
236 916
236 967
237 350
237 383
237 431
237 439
237 494
237 673
237 743
237 792
237 798
237 826
237 961
237 966
238 252
238 343
238 468
238 480
238 811
238 829
238 906
238 921
239 251
239 287
239 342
239 346
239 610
239 659
239 736
239 883
240 329
240 393
240 476
240 523
240 647
240 687
240 765
240 852
240 858
241 301
241 525
241 639
241 740
241 879
241 888
241 985
241 988
242 381
242 631
242 660
242 731
242 767
242 777
242 815
242 825
242 881
243 469
243 492
243 594
243 724
243 775
243 794
243 808
243 859
243 871
243 953
243 955
244 248
244 259
244 380
244 429
244 462
244 490
244 548
244 602
244 657
244 690
244 965
244 978
245 310
245 316
245 453
245 528
245 651
245 674
245 761
245 860
246 257
246 307
246 322
246 422
246 502
246 599
246 737
246 816
246 846
246 934
247 270
247 284
247 562
247 568
247 586
247 630
247 818
247 942
247 984
248 259
248 429
248 490
248 548
248 602
248 690
249 302
249 382
249 517
249 522
249 543
249 634
249 703
249 746
249 755
249 949
249 964
250 332
250 351
250 493
250 547
250 652
250 783
250 890
250 908
250 935
251 346
251 438
251 740
251 849
251 855
251 883
251 944
251 971
252 343
252 480
252 829
252 871
252 955
253 291
253 421
253 466
253 535
253 763
253 820
253 976
254 370
254 463
254 495
254 589
254 609
254 619
254 648
254 734
254 928
255 273
255 343
255 408
255 459
255 473
255 491
255 561
255 811
255 906
255 921
255 968
256 389
256 392
256 450
256 454
256 527
256 605
256 612
256 787
256 823
256 842
256 901
256 911
256 924
256 948
257 269
257 318
257 322
257 371
257 422
257 502
257 737
257 846
257 954
258 264
258 344
258 615
258 642
258 997
259 387
259 429
259 462
259 472
259 548
259 795
260 282
260 458
260 471
260 512
260 521
260 552
260 574
260 643
260 712
260 974
261 385
261 424
261 529
261 544
261 582
261 643
261 732
261 741
261 802
261 809
261 868
261 917
262 442
262 513
262 519
262 532
262 824
262 838
262 864
263 308
263 345
263 533
263 603
263 718
263 769
263 867
263 939
263 998
264 271
264 308
264 374
264 484
264 615
264 742
265 302
265 399
265 430
265 517
265 534
265 663
265 678
265 847
265 923
266 267
266 372
266 434
266 542
266 563
266 583
266 585
266 684
266 778
266 786
266 878
266 938
266 982
267 434
267 563
267 782
267 786
267 897
267 938
267 958
267 982
268 388
268 395
268 445
268 582
268 636
268 658
268 714
268 789
268 863
268 936
269 285
269 322
269 371
269 600
269 653
269 846
269 954
270 284
270 562
270 568
270 578
270 630
270 635
270 717
270 750
270 818
270 942
270 984
271 308
271 374
271 484
271 537
271 615
271 790
271 947
272 342
272 386
272 518
272 571
272 610
272 686
272 753
272 822
272 873
272 937
273 343
273 480
273 491
273 561
273 620
273 808
273 829
273 859
273 921
273 968
274 364
274 418
274 538
274 550
274 633
274 758
274 770
274 788
274 834
274 918
275 276
275 398
275 425
275 433
275 478
275 584
275 671
275 915
275 925
275 927
276 333
276 398
276 433
276 478
276 780
276 915
277 347
277 764
277 819
277 830
277 904
277 926
277 950
278 316
278 397
278 453
278 503
278 557
278 674
278 683
278 761
278 899
279 558
279 766
279 854
279 880
279 931
279 932
279 975
279 990
280 289
280 292
280 380
280 677
280 699
280 799
280 821
280 895
280 965
280 978
281 333
281 543
281 579
281 678
281 746
282 458
282 471
282 496
282 512
282 552
282 574
282 575
282 613
282 712
282 760
282 951
282 974
283 420
283 495
283 654
283 734
283 833
283 928
283 929
283 970
283 986
284 447
284 545
284 562
284 630
284 635
284 717
284 818
284 872
284 942
284 984
285 371
285 460
285 600
285 627
285 629
285 653
285 896
285 954
285 962
286 424
286 448
286 529
286 544
286 582
286 649
286 837
286 867
287 342
287 410
287 659
287 689
287 736
287 822
287 910
287 952
288 386
288 518
288 575
288 733
288 753
288 771
288 772
288 873
288 951
289 292
289 446
289 668
289 699
289 717
289 784
289 821
289 895
289 978
290 313
290 378
290 379
290 596
290 622
290 704
290 709
290 817
291 347
291 391
291 421
291 656
291 763
291 830
291 976
292 601
292 668
292 699
292 758
292 784
292 821
293 296
293 298
293 423
293 486
293 667
293 722
293 789
293 853
293 913
293 957
294 503
294 521
294 557
294 626
294 643
294 683
294 707
294 732
294 741
294 779
295 309
295 356
295 425
295 433
295 444
295 477
295 697
295 709
295 817
296 298
296 417
296 423
296 486
296 520
296 560
296 722
296 789
296 853
296 863
296 957
297 367
297 450
297 471
297 496
297 597
297 613
297 751
297 774
297 823
297 951
298 310
298 497
298 667
298 722
298 789
298 853
298 913
299 341
299 398
299 407
299 671
299 705
299 748
299 805
299 882
299 925
299 979
300 349
300 354
300 444
300 617
300 691
300 697
300 725
300 768
300 807
300 862
300 927
301 554
301 639
301 664
301 740
301 888
301 985
301 988
302 430
302 517
302 663
302 746
302 788
302 850
302 923
303 320
303 390
303 396
303 403
303 420
303 455
303 479
303 504
303 580
303 729
303 810
303 833
303 869
303 986
304 330
304 469
304 629
304 653
304 708
304 775
304 843
304 859
304 907
304 960
305 321
305 353
305 476
305 523
305 530
305 692
305 721
305 757
305 852
305 995
306 526
306 593
306 611
306 628
306 670
306 685
306 706
306 715
306 909
306 961
307 322
307 348
307 360
307 436
307 599
307 693
307 754
307 816
307 934
308 374
308 484
308 500
308 742
308 790
308 939
308 947
308 998
309 356
309 425
309 444
309 691
309 697
309 709
310 397
310 651
310 667
310 674
310 722
310 853
311 316
311 456
311 481
311 503
311 716
311 779
311 832
311 856
311 899
312 371
312 381
312 432
312 600
312 618
312 631
312 797
312 825
312 881
312 896
312 962
313 379
313 463
313 709
313 817
313 928
314 315
314 400
314 679
314 812
314 922
314 981
314 999
315 352
315 400
315 528
315 573
315 679
315 735
315 812
315 898
315 922
316 453
316 503
316 683
316 761
316 856
316 899
317 355
317 376
317 514
317 590
317 723
317 759
317 893
318 381
318 422
318 432
318 489
318 501
318 502
318 797
318 885
318 977
319 324
319 531
319 541
319 680
319 720
319 738
319 916
320 366
320 403
320 420
320 455
320 504
320 637
320 655
320 729
320 810
320 892
320 905
320 972
321 523
321 530
321 549
321 681
321 692
321 721
321 914
321 995
322 599
322 754
322 816
322 846
322 954
323 329
323 419
323 647
323 747
323 858
323 933
324 375
324 442
324 531
324 532
324 541
324 577
324 698
324 864
325 390
325 396
325 509
325 640
325 711
325 713
325 814
325 900
325 919
326 366
326 392
326 414
326 435
326 512
326 570
326 625
326 655
326 739
326 760
326 831
326 892
326 905
327 508
327 516
327 701
327 708
327 711
327 713
327 814
327 843
327 900
327 907
327 960
328 344
328 406
328 540
328 615
328 642
328 646
328 695
328 702
328 967
329 647
329 765
329 858
330 469
330 492
330 620
330 640
330 708
330 808
330 843
330 859
330 900
330 907
331 399
331 524
331 534
331 601
331 607
331 632
331 650
331 745
331 784
331 791
331 872
332 515
332 547
332 652
332 912
332 935
333 478
333 543
333 579
333 780
333 820
334 355
334 606
334 700
334 723
334 759
334 876
334 930
335 352
335 377
335 412
335 481
335 576
335 716
335 735
335 856
335 903
335 993
336 372
336 474
336 553
336 559
336 588
336 666
336 778
336 865
336 891
336 982
337 363
337 384
337 401
337 485
337 609
337 618
337 631
337 881
338 559
338 645
338 766
338 865
338 946
338 990
339 431
339 441
339 494
339 522
339 688
339 826
339 850
339 945
339 949
340 475
340 483
340 500
340 641
340 661
340 672
340 947
340 991
341 354
341 407
341 584
341 638
341 671
341 757
341 805
341 807
341 925
342 346
342 410
342 571
342 659
342 822
342 910
342 937
342 952
343 480
343 491
343 620
343 808
343 811
343 829
343 906
343 921
344 406
344 540
344 642
344 720
344 738
344 967
344 997
345 483
345 603
345 718
345 867
345 939
345 998
346 610
346 659
346 883
346 944
347 819
347 830
347 904
347 926
347 950
347 976
348 360
348 436
348 599
348 693
348 941
348 973
349 354
349 617
349 638
349 725
349 757
349 803
349 807
350 431
350 439
350 494
350 514
350 591
350 673
350 688
350 727
350 792
350 893
350 994
351 493
351 528
351 652
351 679
351 860
351 981
352 377
352 573
352 576
352 735
352 856
352 903
352 993
353 393
353 476
353 530
353 569
353 852
354 407
354 530
354 617
354 638
354 671
354 757
354 807
354 925
355 376
355 700
355 723
355 759
355 841
355 876
355 930
356 425
356 433
356 444
356 477
356 697
356 709
356 915
356 927
357 404
357 440
357 447
357 482
357 499
357 545
357 632
357 776
357 963
357 996
358 540
358 565
358 595
358 644
358 749
358 836
358 967
359 506
359 918
359 945
360 436
360 437
360 452
360 754
360 816
360 920
360 973
361 459
361 467
361 744
361 773
361 793
361 828
361 875
361 877
362 470
362 726
362 762
362 813
362 969
363 401
363 460
363 618
363 631
363 662
363 881
363 896
363 962
364 415
364 430
364 633
364 758
364 770
364 788
364 834
364 847
365 409
365 412
365 576
365 665
365 696
365 793
365 796
365 875
366 389
366 403
366 504
366 625
366 655
366 729
366 739
366 810
366 892
366 905
366 972
367 496
367 564
367 597
367 686
367 751
367 774
367 823
367 911
367 937
368 372
368 373
368 443
368 583
368 598
368 611
368 616
368 628
368 684
368 878
369 461
369 614
369 621
369 694
369 806
369 845
369 884
369 894
370 401
370 589
370 609
370 619
370 648
370 662
370 734
370 956
371 422
371 432
371 600
371 797
371 846
371 896
371 954
371 962
372 443
372 474
372 563
372 583
372 616
372 684
372 778
372 878
372 982
373 542
373 593
373 611
373 628
373 673
373 684
373 878
373 961
373 994
374 484
374 587
374 615
374 646
374 742
375 577
375 698
375 848
375 864
376 700
376 723
376 759
376 876
376 893
377 573
377 576
377 716
377 735
377 856
377 903
377 993
378 379
378 527
378 596
378 605
378 612
378 704
378 901
378 948
379 596
379 704
379 709
379 817
380 446
380 548
380 581
380 602
380 657
380 690
380 866
380 895
380 965
380 978
381 432
381 731
381 767
381 777
381 797
381 825
381 881
381 885
381 943
382 383
382 522
382 535
382 634
382 703
382 746
382 755
382 949
382 964
383 494
383 522
383 634
383 755
383 798
383 826
383 964
384 485
384 618
384 631
384 725
384 768
384 803
384 815
385 424
385 497
385 544
385 582
385 636
385 741
385 802
385 809
385 913
385 917
386 518
386 571
386 575
386 733
386 753
386 873
386 937
386 951
387 462
387 472
387 566
387 581
387 795
388 395
388 445
388 636
388 658
388 714
388 863
388 936
389 392
389 403
389 454
389 527
389 612
389 624
389 625
389 637
389 739
389 892
389 901
389 972
390 396
390 479
390 509
390 580
390 711
390 814
390 833
390 869
390 986
391 421
391 535
391 634
391 656
391 755
391 798
392 414
392 450
392 454
392 512
392 597
392 613
392 625
392 739
392 760
392 831
392 892
392 924
393 465
393 476
393 569
393 660
393 687
393 765
393 852
393 889
394 465
394 555
394 687
394 765
394 870
394 889
395 445
395 658
395 714
395 863
395 936
396 455
396 479
396 509
396 580
396 711
396 814
396 869
396 986
397 557
397 667
397 674
397 683
397 732
397 761
398 478
398 507
398 671
398 705
398 925
398 979
399 416
399 524
399 534
399 607
399 650
399 678
399 847
399 923
400 451
400 573
400 812
400 857
400 898
400 922
401 460
401 589
401 609
401 618
401 662
401 956
402 424
402 529
402 574
402 733
402 771
402 837
402 868
402 917
403 420
403 624
403 625
403 637
403 729
403 810
403 833
403 892
403 905
403 972
404 499
404 549
404 632
404 748
404 776
404 882
404 914
404 963
405 490
405 568
405 578
405 602
405 657
405 690
405 750
405 942
406 540
406 642
406 702
406 720
406 967
407 530
407 638
407 671
407 721
407 757
407 805
407 882
407 925
408 459
408 468
408 487
408 696
408 811
408 906
408 921
408 968
409 412
409 665
409 696
409 796
409 875
410 689
410 736
410 756
410 764
410 822
410 910
410 952
411 539
411 677
411 726
411 799
411 866
412 451
412 576
412 796
412 857
412 903
413 469
413 546
413 629
413 653
413 724
413 775
413 816
413 886
413 989
414 435
414 458
414 512
414 625
414 655
414 712
414 739
414 760
414 831
415 430
415 524
415 534
415 601
415 699
415 784
415 847
416 507
416 534
416 579
416 607
416 650
416 678
416 705
416 791
416 923
416 979
417 423
417 428
417 486
417 520
417 714
418 426
418 538
418 550
418 633
418 682
418 770
418 834
418 918
419 523
419 604
419 647
419 681
419 692
419 747
419 933
419 995
420 624
420 637
420 729
420 833
420 929
420 970
420 972
420 986
421 535
421 634
421 703
421 755
422 432
422 502
422 737
422 797
422 846
422 885
422 954
422 977
423 428
423 486
423 520
423 560
423 730
423 957
423 987
424 529
424 544
424 582
424 802
424 809
424 837
424 917
425 433
425 444
425 477
425 584
425 691
425 697
425 807
425 915
425 927
426 470
426 538
426 550
426 633
426 682
426 710
426 726
426 758
426 834
426 969
427 467
427 509
427 675
427 744
427 773
427 828
427 869
428 486
428 520
428 560
428 730
428 957
428 987
429 462
429 472
429 490
429 690
429 795
430 517
430 663
430 770
430 788
430 847
431 494
431 591
431 688
431 727
431 792
431 826
431 893
432 502
432 777
432 797
432 885
432 977
433 477
433 780
433 915
434 514
434 542
434 563
434 583
434 585
434 590
434 684
434 786
434 938
435 512
435 552
435 570
435 707
435 712
435 752
435 831
436 452
436 920
436 973
437 452
437 536
437 546
437 594
437 754
437 794
437 816
437 886
437 902
437 920
437 989
438 554
438 695
438 702
438 740
438 801
438 849
438 855
438 944
438 971
439 628
439 673
439 706
439 743
439 792
439 826
439 961
439 966
439 994
440 447
440 482
440 545
440 632
440 872
440 963
440 984
440 996
441 494
441 522
441 826
441 850
441 945
441 949
441 964
442 519
442 532
442 577
442 698
442 824
442 864
443 464
443 525
443 553
443 598
443 616
443 878
443 988
444 676
444 691
444 697
444 709
444 807
444 862
444 915
444 927
445 544
445 582
445 636
445 649
445 863
445 936
446 562
446 578
446 602
446 657
446 668
446 717
446 750
446 895
446 978
447 482
447 545
447 630
447 818
447 963
447 984
447 996
448 483
448 641
448 649
448 672
448 991
449 547
449 551
449 556
449 785
449 839
449 940
449 959
450 454
450 597
450 613
450 739
450 760
450 774
450 823
450 831
450 842
450 924
451 573
451 857
451 898
452 536
452 754
452 902
452 920
453 674
453 761
453 856
453 860
454 527
454 605
454 612
454 624
454 625
454 739
454 892
454 901
454 924
454 948
454 972
455 504
455 580
455 773
455 810
455 869
456 481
456 570
456 752
456 781
456 832
456 874
457 461
457 693
457 845
457 941
457 992
458 471
458 496
458 512
458 552
458 597
458 613
458 712
458 760
458 831
459 696
459 793
459 796
459 828
459 875
459 906
459 968
460 600
460 627
460 662
460 701
460 896
460 956
460 960
460 962
461 693
461 694
461 806
461 845
461 941
462 548
462 566
462 581
462 795
462 866
462 965
463 495
463 589
463 619
463 709
463 734
463 928
464 553
464 639
464 664
464 666
464 800
464 835
464 891
465 555
465 608
465 687
465 765
465 870
465 889
466 622
466 763
466 780
466 820
467 744
467 773
467 793
467 828
467 877
468 487
468 811
468 906
468 921
469 492
469 629
469 653
469 724
469 775
469 794
469 859
469 953
470 710
470 726
470 762
470 813
470 969
471 496
471 574
471 575
471 733
471 771
471 951
471 974
472 795
473 491
473 561
473 620
473 640
473 675
473 919
473 968
474 559
474 563
474 583
474 588
474 666
474 778
474 865
474 982
475 500
475 537
475 661
475 790
475 947
476 523
476 647
476 687
476 765
476 852
476 858
476 995
477 622
477 709
477 780
477 817
478 507
478 579
478 979
479 508
479 509
479 580
479 654
479 711
479 814
479 833
479 986
480 811
480 829
480 871
480 921
480 955
481 716
481 856
481 874
481 877
481 993
482 499
482 567
482 604
482 776
482 933
482 963
482 983
482 996
483 500
483 661
483 867
483 939
483 991
483 998
484 500
484 537
484 742
484 790
484 947
484 998
485 589
485 609
485 619
485 676
485 725
485 768
485 862
486 520
486 560
486 957
487 665
487 696
487 811
487 906
488 526
488 656
488 670
488 706
488 743
488 798
488 819
489 501
489 502
489 614
489 621
489 728
489 737
489 844
489 884
489 887
489 977
490 578
490 602
490 657
490 690
491 561
491 620
491 640
491 808
491 829
491 921
491 968
492 620
492 808
492 829
492 859
492 953
492 955
493 651
493 652
493 783
493 890
494 522
494 688
494 792
494 826
494 949
495 648
495 654
495 734
495 928
495 929
496 575
496 597
496 613
496 951
497 557
497 636
497 667
497 722
497 732
497 741
497 789
497 802
497 913
498 513
498 595
498 644
498 664
498 719
498 749
498 835
498 836
499 549
499 604
499 681
499 776
499 882
499 914
499 963
500 537
500 661
500 790
500 939
500 947
500 998
501 510
501 623
501 827
501 844
501 861
501 884
501 885
501 887
501 943
501 977
502 737
502 846
502 977
503 557
503 626
503 683
503 707
503 779
503 832
503 899
504 570
504 655
504 729
504 781
504 810
504 905
505 526
505 670
505 685
505 689
505 715
505 736
505 909
505 910
506 550
506 682
506 840
506 876
507 579
507 607
507 650
507 678
507 705
507 923
507 979
508 516
508 648
508 654
508 701
508 711
508 814
508 956
508 986
509 580
509 711
509 713
509 814
509 869
509 900
509 919
510 608
510 623
510 777
510 827
510 861
510 887
510 943
510 980
511 606
511 813
511 840
512 552
512 613
512 712
512 739
512 760
512 831
513 519
513 532
513 595
513 644
513 824
513 838
514 542
514 585
514 590
514 591
514 727
514 893
514 938
514 994
515 547
515 551
515 556
515 912
515 935
515 959
516 662
516 701
516 708
516 713
516 814
516 907
516 956
516 960
517 663
517 770
517 788
517 850
517 949
518 571
518 753
518 772
518 873
518 937
519 532
519 838
519 854
519 975
520 560
520 730
520 957
520 987
521 552
521 626
521 643
521 707
521 712
521 868
521 974
522 634
522 826
522 850
522 949
522 964
523 530
523 647
523 692
523 765
523 852
523 858
523 995
524 534
524 601
524 650
524 745
524 784
524 791
524 847
525 598
525 611
525 685
525 879
525 985
525 988
526 670
526 685
526 689
526 706
526 715
526 819
526 909
526 950
527 596
527 605
527 612
527 624
527 704
527 901
527 948
528 652
528 679
528 812
528 860
528 981
529 544
529 582
529 837
529 917
530 638
530 721
530 757
530 852
530 995
531 532
531 541
531 680
531 720
531 738
531 824
531 916
531 967
532 824
532 864
532 916
533 571
533 572
533 603
533 610
533 753
533 772
534 601
534 650
534 678
534 847
534 923
535 543
535 634
535 703
535 755
535 820
536 594
536 794
536 886
536 902
537 790
537 947
538 550
538 633
538 682
538 710
538 834
538 918
539 566
539 581
539 866
540 702
540 720
540 967
541 577
541 680
541 738
541 916
542 585
542 684
542 727
542 878
542 938
542 994
543 703
543 746
543 820
544 582
544 636
544 837
544 917
545 632
545 635
545 745
545 872
545 984
546 653
546 724
546 754
546 775
546 794
546 816
546 886
546 989
547 551
547 556
547 783
547 785
547 908
547 935
547 940
548 581
548 602
548 690
548 866
548 895
548 965
548 978
549 604
549 681
549 692
549 721
549 747
549 776
549 882
549 914
549 963
550 682
550 710
550 834
550 969
551 556
551 839
551 935
551 940
551 959
552 643
552 707
552 712
552 974
553 664
553 666
553 800
553 835
553 891
554 565
554 702
554 740
554 855
554 888
555 608
555 687
555 731
555 870
555 889
555 980
556 785
556 839
556 935
556 940
556 959
557 626
557 674
557 683
557 732
557 741
558 645
558 719
558 766
558 838
558 854
558 880
558 931
558 932
558 975
558 990
559 588
559 865
559 946
560 730
560 785
560 890
560 908
560 957
560 987
561 620
561 640
561 675
561 808
561 919
561 968
562 568
562 578
562 630
562 635
562 657
562 668
562 717
562 750
562 942
563 583
563 684
563 778
563 786
563 938
563 982
564 686
564 751
564 756
564 774
564 904
564 937
564 952
565 595
565 644
565 740
565 749
565 836
565 855
565 888
566 581
566 795
566 866
567 604
567 747
567 776
567 933
567 963
567 983
567 996
568 578
568 657
568 750
568 942
569 660
569 731
569 815
569 889
570 655
570 752
570 781
570 905
571 610
571 753
571 772
571 873
571 937
572 587
572 603
572 610
572 769
572 849
572 944
573 679
573 735
573 812
573 857
573 898
573 903
573 922
574 575
574 643
574 733
574 771
574 868
574 917
574 974
575 733
575 771
575 951
576 903
576 993
577 698
577 864
578 602
578 657
578 690
578 750
578 942
579 678
579 746
579 923
579 979
580 711
580 729
580 810
580 833
580 869
580 986
581 866
581 965
582 636
583 616
583 684
583 778
583 786
583 878
583 982
584 671
584 697
584 807
584 915
584 925
584 927
585 590
585 727
585 786
585 938
585 958
586 630
586 818
586 984
586 996
587 646
587 695
587 742
587 769
587 801
587 849
587 944
587 971
588 778
588 865
588 982
589 609
589 619
589 648
589 676
589 734
590 723
590 759
590 938
590 958
591 688
591 727
591 792
591 893
591 994
592 669
592 848
592 851
593 611
593 628
593 673
593 706
593 715
593 909
593 961
593 966
594 724
594 794
594 871
594 886
594 902
594 953
594 989
595 644
595 749
595 824
595 836
595 916
596 622
596 704
596 804
596 948
597 613
597 760
597 774
597 823
597 911
597 924
598 611
598 685
598 879
598 988
599 693
599 728
599 737
599 806
599 934
600 627
600 797
600 896
600 954
600 962
601 699
601 745
601 784
601 847
602 657
602 690
602 750
602 965
602 978
603 718
603 753
603 769
603 772
604 681
604 692
604 747
604 776
604 933
604 963
605 612
605 787
605 823
605 842
605 901
605 911
605 924
605 948
606 700
606 840
606 930
607 632
607 650
607 705
607 748
607 791
608 623
608 731
608 767
608 777
608 870
608 889
608 943
608 980
609 619
609 648
609 676
611 628
611 685
611 715
611 909
611 961
612 787
612 842
612 901
612 924
612 948
613 739
613 760
613 831
613 924
614 621
614 694
614 728
614 806
614 844
614 884
614 894
615 642
615 646
615 742
615 997
616 684
616 878
617 725
617 803
617 815
618 631
618 825
618 881
618 896
618 962
619 676
619 734
619 768
619 862
620 640
620 808
620 829
620 843
620 859
620 900
620 919
620 968
621 694
621 728
621 737
621 806
621 844
621 884
621 894
621 934
622 817
623 777
623 827
623 861
623 885
623 887
623 943
623 977
623 980
624 637
624 704
624 729
624 892
624 901
624 970
624 972
625 655
625 739
625 831
625 892
625 905
625 972
626 643
626 683
626 707
626 732
626 741
626 802
626 809
627 629
627 896
627 960
627 962
628 673
628 961
628 966
628 994
629 653
629 775
630 635
630 818
630 942
630 984
631 825
631 881
632 745
632 791
632 963
633 710
633 758
633 770
633 834
634 703
634 755
634 964
635 668
635 717
635 745
635 872
635 984
636 789
636 863
636 913
636 936
637 729
637 833
637 892
637 901
637 970
637 972
638 671
638 721
638 757
638 805
638 807
638 925
639 664
639 740
639 835
639 888
639 988
640 713
640 808
640 843
640 859
640 900
640 919
641 649
641 672
641 991
642 720
642 997
643 741
643 809
643 868
643 917
643 974
644 719
644 749
644 824
644 835
644 836
645 666
645 719
645 766
645 800
645 865
645 891
645 975
646 695
646 702
646 742
646 801
646 849
646 971
647 765
647 858
648 654
648 662
648 734
648 956
649 672
649 991
650 678
650 705
650 791
651 674
651 761
651 853
651 860
652 679
652 783
652 981
653 724
653 775
654 734
654 833
654 928
654 929
654 986
655 739
655 810
655 892
655 905
656 670
656 743
656 798
656 819
657 690
657 750
657 942
657 978
658 714
658 863
658 936
659 736
659 883
659 910
659 985
660 731
660 767
660 815
660 889
661 790
661 939
661 947
661 991
661 998
662 701
662 956
662 960
663 770
663 788
663 847
663 850
663 923
664 749
664 800
664 835
664 891
664 988
665 696
665 796
666 800
666 865
666 891
667 674
667 722
667 789
667 853
667 913
668 699
668 717
668 750
668 872
668 978
669 851
669 854
669 931
669 932
670 685
670 706
670 715
670 743
670 819
670 909
671 805
671 925
672 991
673 727
673 792
673 961
673 966
673 994
674 761
675 744
675 773
675 828
675 968
676 691
676 725
676 768
676 862
677 710
677 726
677 758
677 799
677 821
677 969
678 705
678 923
679 812
679 922
679 981
679 999
680 720
680 738
681 692
681 747
681 776
681 914
681 995
682 840
683 707
683 732
683 761
683 779
683 832
683 899
684 778
684 878
684 982
685 715
685 879
685 909
686 751
686 756
686 822
686 873
686 937
686 952
687 765
687 858
687 870
687 889
688 893
689 736
689 764
689 819
689 910
689 950
689 952
690 750
691 697
691 725
691 768
691 807
691 862
691 927
692 721
692 747
692 776
692 914
692 995
693 694
693 728
693 806
693 934
693 941
693 973
694 728
694 806
694 845
694 894
694 941
695 702
695 801
695 849
695 944
695 971
696 796
696 875
697 807
697 862
697 915
697 927
698 864
699 745
699 784
699 821
700 723
700 840
700 876
700 930
701 907
701 956
701 960
702 801
702 855
702 971
703 746
703 755
703 964
704 901
704 970
705 748
705 791
705 979
706 715
706 743
706 798
706 909
706 961
706 966
707 779
707 832
707 899
708 713
708 814
708 843
708 859
708 900
708 907
708 960
709 817
710 726
710 758
710 799
710 834
710 969
711 713
711 814
711 919
711 986
712 760
712 831
713 814
713 843
713 900
713 907
713 919
714 863
714 936
715 743
715 909
715 961
715 966
716 856
716 874
716 993
717 750
717 872
717 942
718 772
718 837
718 867
719 766
719 835
719 891
719 975
720 738
720 916
720 967
721 757
721 805
721 882
721 914
722 789
722 853
722 913
723 759
723 841
723 876
724 775
724 794
724 886
724 953
724 989
725 768
725 803
725 815
725 862
726 762
726 799
726 969
727 792
727 893
727 994
728 737
728 806
728 884
728 934
729 810
729 833
729 892
729 905
729 972
730 785
730 987
731 767
731 777
731 889
731 943
731 980
732 741
732 802
732 809
733 771
733 951
734 928
734 929
735 812
735 898
735 903
736 879
736 883
736 910
736 985
737 806
737 884
737 934
738 916
738 967
739 760
739 831
739 892
740 855
740 883
740 888
740 985
740 988
741 802
741 809
741 868
741 917
742 769
742 801
742 998
743 798
743 961
743 966
744 773
744 793
744 828
744 877
745 784
745 791
745 872
746 923
747 776
747 933
748 805
748 882
748 979
749 835
749 836
750 942
750 978
751 774
751 787
751 823
751 842
751 904
751 911
752 779
752 781
752 832
752 874
753 772
753 873
754 816
754 920
754 989
755 798
755 964
756 764
756 822
756 937
756 950
756 952
757 805
758 821
758 834
759 782
759 841
759 958
760 831
761 860
762 813
763 830
763 976
764 819
764 910
764 950
764 952
765 858
766 891
766 975
767 777
767 825
767 885
767 943
768 862
769 801
769 849
769 944
770 788
770 834
770 850
770 918
771 868
771 917
771 974
773 828
773 869
773 877
774 823
774 842
774 911
774 924
775 953
776 914
776 933
776 963
777 885
777 943
777 980
778 786
778 865
778 982
779 832
779 899
780 820
781 874
781 905
782 841
782 938
782 958
783 890
783 908
784 872
785 908
785 940
785 987
786 897
786 938
786 958
786 982
787 804
787 823
787 842
787 904
787 911
787 924
787 948
788 850
788 918
788 945
789 863
789 913
790 939
790 947
790 998
792 826
792 961
792 966
792 994
793 796
793 828
793 875
793 877
794 871
794 886
794 953
794 955
794 989
796 875
797 825
797 881
797 885
797 896
797 954
799 821
799 969
800 835
800 891
801 849
801 944
801 971
802 809
802 917
803 815
804 976
805 882
805 914
805 925
806 884
806 894
806 934
806 941
807 862
807 915
807 925
807 927
808 829
808 859
808 955
809 868
809 917
809 974
810 869
810 905
811 906
811 921
812 898
812 922
812 981
812 999
813 840
814 843
814 900
814 919
816 886
816 989
818 984
818 996
819 926
819 950
821 895
822 910
822 937
822 952
823 842
823 911
823 924
824 916
825 881
826 964
827 861
827 887
827 943
827 980
829 871
829 921
829 955
830 926
830 976
832 899
833 929
833 970
833 986
835 891
837 917
838 854
838 931
838 932
838 975
839 940
839 959
840 930
841 958
842 904
842 911
842 924
842 948
843 859
843 900
843 907
843 919
844 861
844 884
844 887
844 894
845 941
845 992
846 954
847 923
848 851
848 864
849 944
849 971
850 918
850 945
850 949
850 964
851 931
852 858
852 995
853 890
853 957
854 880
854 931
854 932
854 975
855 883
855 888
855 944
855 971
856 993
857 898
857 903
858 995
859 900
861 887
863 936
865 946
866 895
866 965
867 939
867 991
868 917
868 974
871 953
871 955
873 937
873 951
874 877
876 930
877 993
879 985
879 988
880 931
880 932
880 990
881 896
881 962
882 914
883 985
884 887
884 894
885 943
885 977
886 902
886 953
886 989
887 977
888 988
889 980
890 908
890 957
892 901
892 905
892 972
895 965
895 978
896 954
896 962
897 982
898 903
898 922
900 919
901 948
901 972
902 920
903 993
904 911
904 926
906 921
906 968
907 960
908 940
908 957
908 987
910 952
911 924
912 935
912 981
912 999
914 963
915 925
915 927
916 967
917 974
918 945
921 968
922 981
922 999
925 927
926 950
928 929
928 970
929 970
929 986
931 932
932 990
933 983
938 958
939 947
939 991
939 998
941 992
943 977
943 980
944 971
945 949
946 990
947 998
949 964
950 952
953 955
956 960
957 987
961 966
961 994
963 996
965 978
970 972
981 999
983 996
984 996
985 988
