1000
0 0.996985 0.005926
1 0.748116 0.472937
2 0.156517 0.060359
3 0.268938 0.532574
4 0.703116 0.146749
5 0.732016 0.581264
6 0.255801 0.145285
7 0.282875 0.627998
8 0.793911 0.278467
9 0.964307 0.959354
10 0.425847 0.252376
11 0.140518 0.926318
12 0.199558 0.628536
13 0.438183 0.300269
14 0.738355 0.719964
15 0.674055 0.775423
16 0.209305 0.786486
17 0.290503 0.129631
18 0.761304 0.942044
19 0.106084 0.980706
20 0.430994 0.646453
21 0.357792 0.278267
22 0.042979 0.886312
23 0.595388 0.032774
24 0.845602 0.129204
25 0.867023 0.370004
26 0.051836 0.424122
27 0.516677 0.258881
28 0.874741 0.489160
29 0.780705 0.756998
30 0.777738 0.129473
31 0.575603 0.837858
32 0.017248 0.803067
33 0.278161 0.939156
34 0.746154 0.788689
35 0.085319 0.415353
36 0.060813 0.907134
37 0.233419 0.277997
38 0.894841 0.900615
39 0.589664 0.384408
40 0.557575 0.382290
41 0.304825 0.750814
42 0.415059 0.166914
43 0.170298 0.527543
44 0.989693 0.872419
45 0.228572 0.470931
46 0.213690 0.850611
47 0.766025 0.109012
48 0.699544 0.668000
49 0.591106 0.540246
50 0.279115 0.225961
51 0.181119 0.040778
52 0.315450 0.193286
53 0.389886 0.436474
54 0.079717 0.967614
55 0.585354 0.255462
56 0.669192 0.392817
57 0.174001 0.394894
58 0.419698 0.391039
59 0.370546 0.716322
60 0.994830 0.468310
61 0.687445 0.275863
62 0.233960 0.111101
63 0.576890 0.424008
64 0.704693 0.023784
65 0.567558 0.929073
66 0.662504 0.863450
67 0.815371 0.305509
68 0.751396 0.363794
69 0.989819 0.499684
70 0.285939 0.340201
71 0.450042 0.522425
72 0.887617 0.008307
73 0.282539 0.396563
74 0.707003 0.345787
75 0.630956 0.419462
76 0.877060 0.608493
77 0.761558 0.233416
78 0.625588 0.637156
79 0.653263 0.485687
80 0.052122 0.972477
81 0.973603 0.248389
82 0.814701 0.145397
83 0.691844 0.326611
84 0.601935 0.716571
85 0.173555 0.168958
86 0.411509 0.367759
87 0.258331 0.401741
88 0.782543 0.579454
89 0.078957 0.344120
90 0.540873 0.454082
91 0.710315 0.438542
92 0.354878 0.448098
93 0.975274 0.043249
94 0.906178 0.972838
95 0.838686 0.824457
96 0.776798 0.845353
97 0.554484 0.658947
98 0.918656 0.612800
99 0.618176 0.162519
100 0.997128 0.598014
101 0.167581 0.081951
102 0.906545 0.126669
103 0.285545 0.469812
104 0.579101 0.708128
105 0.918413 0.854188
106 0.244802 0.236074
107 0.488297 0.362461
108 0.242457 0.725178
109 0.047669 0.161601
110 0.330361 0.706513
111 0.001594 0.636993
112 0.200178 0.167126
113 0.005899 0.447650
114 0.638840 0.967731
115 0.709408 0.710797
116 0.839352 0.652601
117 0.906703 0.552244
118 0.199824 0.296152
119 0.064388 0.535650
120 0.042553 0.220332
121 0.456264 0.786891
122 0.404109 0.123656
123 0.624814 0.304485
124 0.674208 0.096434
125 0.428069 0.886181
126 0.394998 0.698470
127 0.635481 0.880300
128 0.925589 0.915918
129 0.776014 0.201045
130 0.240694 0.569101
131 0.143960 0.261916
132 0.036404 0.693164
133 0.342075 0.563307
134 0.581334 0.569382
135 0.451203 0.757506
136 0.149296 0.182826
137 0.837031 0.931108
138 0.646467 0.183668
139 0.444506 0.137528
140 0.527125 0.814764
141 0.809384 0.249414
142 0.611105 0.092493
143 0.533729 0.524912
144 0.829467 0.177818
145 0.868541 0.417630
146 0.536762 0.061271
147 0.173404 0.109360
148 0.545470 0.022653
149 0.977539 0.571944
150 0.337148 0.127828
151 0.000785 0.198389
152 0.024215 0.082824
153 0.369217 0.571521
154 0.729959 0.317342
155 0.559695 0.502961
156 0.514944 0.162297
157 0.085252 0.892676
158 0.951005 0.815860
159 0.212167 0.879710
160 0.733829 0.810826
161 0.238487 0.431330
162 0.572327 0.737425
163 0.950394 0.005623
164 0.619954 0.914743
165 0.878063 0.755514
166 0.350465 0.960826
167 0.021375 0.391353
168 0.933222 0.793435
169 0.234522 0.948969
170 0.633659 0.127756
171 0.216895 0.818342
172 0.549025 0.964631
173 0.087075 0.589187
174 0.384706 0.810310
175 0.713346 0.380751
176 0.996361 0.814270
177 0.725410 0.497267
178 0.453898 0.731827
179 0.867925 0.654608
180 0.365507 0.065208
181 0.042629 0.936802
182 0.004564 0.587684
183 0.190639 0.060785
184 0.364097 0.240152
185 0.997489 0.538272
186 0.916418 0.059908
187 0.042758 0.855192
188 0.767725 0.167551
189 0.594585 0.937540
190 0.761177 0.974532
191 0.676491 0.452824
192 0.639375 0.379862
193 0.591183 0.311267
194 0.804222 0.082014
195 0.541556 0.366655
196 0.768209 0.341356
197 0.725192 0.635594
198 0.286962 0.370741
199 0.343471 0.062558
200 0.202566 0.714614
201 0.292809 0.515084
202 0.662287 0.324009
203 0.017559 0.285391
204 0.079414 0.193268
205 0.485785 0.019323
206 0.934009 0.736122
207 0.350486 0.157650
208 0.977021 0.446478
209 0.136278 0.486273
210 0.557321 0.761027
211 0.845035 0.798062
212 0.909644 0.756040
213 0.271012 0.849485
214 0.316606 0.589089
215 0.416580 0.320087
216 0.783746 0.719506
217 0.027611 0.654648
218 0.901488 0.353403
219 0.134406 0.335758
220 0.101106 0.699109
221 0.403769 0.932904
222 0.367327 0.502303
223 0.587359 0.495229
224 0.469549 0.589094
225 0.482359 0.886681
226 0.032863 0.448268
227 0.940235 0.331766
228 0.305990 0.287293
229 0.696878 0.053375
230 0.946698 0.876840
231 0.328107 0.529348
232 0.793898 0.449920
233 0.839717 0.873496
234 0.933465 0.083984
235 0.425370 0.081628
236 0.259021 0.014360
237 0.681360 0.644071
238 0.683749 0.696253
239 0.740232 0.199967
240 0.504628 0.582207
241 0.176878 0.295840
242 0.557929 0.864098
243 0.464369 0.632948
244 0.330183 0.654394
245 0.972591 0.851070
246 0.182418 0.754184
247 0.339965 0.318009
248 0.733426 0.910235
249 0.744655 0.446231
250 0.139295 0.901340
251 0.114263 0.628770
252 0.207429 0.393412
253 0.448508 0.163179
254 0.072719 0.785629
255 0.814695 0.363325
256 0.708682 0.870748
257 0.630817 0.074028
258 0.267534 0.961770
259 0.195772 0.528706
260 0.590824 0.225816
261 0.450419 0.027279
262 0.091666 0.103535
263 0.457729 0.890064
264 0.256647 0.781323
265 0.497202 0.678462
266 0.449711 0.917241
267 0.763057 0.622048
268 0.318840 0.170984
269 0.468517 0.832884
270 0.946872 0.571949
271 0.516135 0.220790
272 0.302898 0.908374
273 0.933671 0.368802
274 0.067500 0.090457
275 0.598939 0.967646
276 0.640130 0.332267
277 0.997882 0.934273
278 0.524182 0.903924
279 0.717806 0.227589
280 0.185116 0.904711
281 0.036891 0.192847
282 0.002253 0.940234
283 0.183793 0.824742
284 0.499088 0.407673
285 0.150842 0.732556
286 0.501341 0.491870
287 0.509764 0.872116
288 0.760237 0.389114
289 0.625645 0.038888
290 0.393916 0.467611
291 0.377276 0.991199
292 0.005892 0.052232
293 0.366559 0.840305
294 0.749800 0.698536
295 0.733699 0.256007
296 0.160342 0.697328
297 0.846657 0.035066
298 0.581125 0.878608
299 0.554675 0.581983
300 0.277280 0.028339
301 0.643262 0.262654
302 0.490185 0.146969
303 0.203430 0.741445
304 0.158550 0.842274
305 0.363842 0.660074
306 0.779702 0.797726
307 0.064055 0.666140
308 0.837189 0.622750
309 0.479063 0.127681
310 0.900777 0.462306
311 0.403396 0.538608
312 0.355847 0.692284
313 0.259548 0.208529
314 0.195806 0.145002
315 0.523962 0.720364
316 0.069518 0.759764
317 0.970775 0.402736
318 0.224410 0.352533
319 0.397937 0.961083
320 0.709544 0.825940
321 0.205928 0.579583
322 0.440161 0.422800
323 0.971689 0.917554
324 0.540962 0.302670
325 0.456528 0.256239
326 0.501036 0.105956
327 0.013772 0.752498
328 0.983398 0.330467
329 0.710553 0.983817
330 0.869361 0.901754
331 0.887518 0.103241
332 0.318219 0.106488
333 0.907252 0.030990
334 0.222795 0.232591
335 0.458243 0.689640
336 0.917606 0.488229
337 0.341646 0.212494
338 0.967692 0.359600
339 0.131197 0.370158
340 0.888660 0.872935
341 0.834686 0.984107
342 0.347477 0.722245
343 0.591564 0.683420
344 0.021311 0.521051
345 0.302858 0.644316
346 0.627022 0.530836
347 0.466142 0.555519
348 0.684311 0.158493
349 0.500347 0.731069
350 0.110154 0.771826
351 0.107060 0.671014
352 0.036910 0.259074
353 0.978449 0.709924
354 0.939033 0.602798
355 0.115855 0.172596
356 0.183194 0.475832
357 0.504044 0.927554
358 0.229843 0.667047
359 0.027002 0.600779
360 0.417092 0.056702
361 0.658973 0.546202
362 0.753630 0.272231
363 0.509218 0.607654
364 0.438561 0.493445
365 0.126699 0.683776
366 0.968372 0.530468
367 0.667974 0.929996
368 0.087470 0.238264
369 0.145832 0.313590
370 0.348404 0.189915
371 0.159140 0.755405
372 0.359393 0.524202
373 0.374486 0.341261
374 0.584942 0.354102
375 0.661724 0.351163
376 0.616634 0.572862
377 0.639806 0.770236
378 0.030045 0.990035
379 0.396650 0.500456
380 0.743840 0.169972
381 0.084858 0.549573
382 0.781056 0.528598
383 0.863019 0.984707
384 0.744256 0.874185
385 0.801152 0.419978
386 0.327675 0.375011
387 0.920410 0.161972
388 0.622133 0.746196
389 0.716291 0.954845
390 0.794136 0.864255
391 0.207744 0.213902
392 0.846585 0.005252
393 0.332791 0.626895
394 0.653938 0.630969
395 0.209189 0.957253
396 0.578876 0.784805
397 0.669471 0.302898
398 0.468634 0.492690
399 0.544188 0.426676
400 0.782465 0.605909
401 0.965850 0.606404
402 0.761266 0.310181
403 0.431246 0.219514
404 0.939009 0.662841
405 0.614188 0.615942
406 0.683361 0.579531
407 0.889306 0.732244
408 0.841268 0.559943
409 0.141830 0.638367
410 0.390931 0.403316
411 0.074774 0.615484
412 0.933227 0.990734
413 0.930972 0.274613
414 0.365560 0.138804
415 0.666476 0.508999
416 0.479648 0.978490
417 0.728798 0.540919
418 0.673850 0.123102
419 0.081463 0.502166
420 0.850184 0.510959
421 0.831395 0.276375
422 0.654347 0.040979
423 0.660032 0.697739
424 0.392609 0.654011
425 0.191727 0.671921
426 0.380357 0.308295
427 0.368683 0.781720
428 0.228036 0.613752
429 0.063040 0.231285
430 0.001116 0.022278
431 0.066619 0.930665
432 0.818301 0.903777
433 0.427509 0.825546
434 0.374390 0.021630
435 0.997386 0.760039
436 0.490769 0.045790
437 0.041453 0.113103
438 0.121853 0.741341
439 0.110983 0.941205
440 0.825672 0.740576
441 0.123432 0.547862
442 0.740304 0.748293
443 0.506630 0.286442
444 0.451357 0.473631
445 0.598438 0.070734
446 0.950794 0.140030
447 0.075830 0.441938
448 0.181710 0.209248
449 0.007363 0.890635
450 0.430480 0.698281
451 0.171833 0.638209
452 0.436197 0.364327
453 0.532000 0.137789
454 0.294697 0.792359
455 0.488180 0.911582
456 0.943129 0.239882
457 0.301162 0.685399
458 0.949851 0.769560
459 0.511227 0.062635
460 0.682727 0.010453
461 0.896522 0.176475
462 0.107884 0.911934
463 0.401847 0.903501
464 0.743652 0.414758
465 0.331981 0.473021
466 0.682948 0.212441
467 0.683799 0.968642
468 0.133894 0.050373
469 0.869288 0.950834
470 0.068093 0.125080
471 0.044421 0.749903
472 0.306641 0.010381
473 0.466068 0.660512
474 0.531943 0.864248
475 0.740062 0.223224
476 0.508449 0.084887
477 0.865654 0.706660
478 0.504909 0.957195
479 0.855661 0.263842
480 0.871196 0.177019
481 0.116168 0.094156
482 0.857652 0.449760
483 0.628886 0.789526
484 0.254460 0.807938
485 0.642130 0.929128
486 0.245353 0.361978
487 0.376568 0.949179
488 0.450427 0.956576
489 0.925656 0.298475
490 0.155573 0.994495
491 0.980573 0.203272
492 0.880913 0.054284
493 0.410041 0.768253
494 0.104306 0.526924
495 0.692219 0.752442
496 0.313594 0.248382
497 0.576729 0.978761
498 0.299212 0.265474
499 0.077364 0.277077
500 0.543162 0.342262
501 0.778068 0.373117
502 0.184398 0.416331
503 0.630321 0.989463
504 0.835496 0.586334
505 0.322655 0.842051
506 0.571280 0.190267
507 0.563161 0.047382
508 0.389973 0.581785
509 0.976067 0.675440
510 0.846952 0.214403
511 0.015404 0.354710
512 0.276301 0.055349
513 0.254700 0.639311
514 0.929544 0.441112
515 0.739399 0.670329
516 0.994114 0.169629
517 0.506030 0.547022
518 0.058536 0.704054
519 0.654560 0.655137
520 0.543986 0.170368
521 0.099874 0.869827
522 0.663327 0.833887
523 0.151165 0.947757
524 0.859427 0.779397
525 0.809258 0.567278
526 0.999544 0.091775
527 0.400908 0.290067
528 0.792301 0.887094
529 0.687916 0.379577
530 0.378514 0.631464
531 0.086973 0.994227
532 0.182154 0.445353
533 0.963388 0.497813
534 0.348345 0.013588
535 0.500053 0.628178
536 0.635555 0.222825
537 0.793537 0.472508
538 0.958584 0.026407
539 0.819719 0.016149
540 0.420030 0.959251
541 0.000430 0.371765
542 0.571123 0.024462
543 0.405381 0.225470
544 0.840780 0.082066
545 0.195507 0.990932
546 0.713501 0.900363
547 0.289160 0.170427
548 0.537492 0.783826
549 0.795421 0.685775
550 0.385189 0.077977
551 0.911977 0.245239
552 0.126525 0.876939
553 0.553865 0.076481
554 0.778284 0.491219
555 0.454189 0.348283
556 0.874992 0.822742
557 0.774530 0.073396
558 0.083359 0.853950
559 0.302416 0.227814
560 0.563495 0.130392
561 0.946799 0.841656
562 0.561934 0.686030
563 0.531923 0.495026
564 0.608809 0.403685
565 0.303339 0.085973
566 0.835812 0.480458
567 0.195316 0.602808
568 0.569160 0.104647
569 0.716715 0.164456
570 0.547305 0.734736
571 0.135240 0.801204
572 0.626707 0.592864
573 0.320537 0.438704
574 0.942637 0.709317
575 0.829820 0.388452
576 0.545423 0.219539
577 0.733394 0.344777
578 0.088475 0.143158
579 0.641706 0.288832
580 0.721253 0.459885
581 0.153163 0.587944
582 0.795128 0.507204
583 0.061551 0.398306
584 0.740143 0.082601
585 0.136829 0.422230
586 0.739797 0.843981
587 0.206812 0.437600
588 0.519781 0.185103
589 0.193349 0.003777
590 0.861886 0.569395
591 0.662787 0.240827
592 0.733625 0.985016
593 0.433906 0.572656
594 0.086479 0.304232
595 0.401999 0.985973
596 0.267466 0.182779
597 0.448564 0.981266
598 0.962331 0.219388
599 0.467318 0.421486
600 0.313332 0.128241
601 0.018934 0.141996
602 0.900208 0.287853
603 0.413637 0.020868
604 0.169874 0.228107
605 0.885991 0.563039
606 0.360416 0.362884
607 0.398389 0.248413
608 0.710666 0.570057
609 0.425884 0.613097
610 0.006264 0.721913
611 0.375120 0.600866
612 0.163043 0.567841
613 0.848300 0.336448
614 0.055092 0.574823
615 0.698602 0.093552
616 0.189988 0.551158
617 0.522121 0.975831
618 0.861225 0.154095
619 0.999492 0.262763
620 0.315643 0.057989
621 0.451796 0.199921
622 0.645309 0.811140
623 0.088778 0.634136
624 0.274496 0.082812
625 0.925689 0.207060
626 0.737324 0.939342
627 0.404553 0.840659
628 0.492573 0.246539
629 0.389085 0.043706
630 0.697099 0.788394
631 0.327344 0.961007
632 0.418863 0.474890
633 0.263447 0.445412
634 0.036498 0.299205
635 0.813981 0.609221
636 0.543635 0.639314
637 0.610048 0.365830
638 0.056403 0.477245
639 0.615351 0.812236
640 0.123063 0.244081
641 0.971338 0.997545
642 0.916011 0.102081
643 0.791416 0.944078
644 0.481077 0.953284
645 0.989747 0.146458
646 0.920738 0.590213
647 0.158278 0.144792
648 0.573510 0.811879
649 0.813653 0.538059
650 0.481223 0.516358
651 0.100412 0.469595
652 0.616811 0.835479
653 0.949130 0.548957
654 0.821204 0.502918
655 0.162762 0.506385
656 0.098445 0.059745
657 0.700630 0.296399
658 0.997655 0.222660
659 0.252481 0.301247
660 0.112053 0.832958
661 0.394490 0.731917
662 0.327818 0.079695
663 0.695990 0.937477
664 0.429853 0.739724
665 0.972435 0.066414
666 0.993543 0.121214
667 0.114732 0.588994
668 0.806827 0.815185
669 0.352552 0.890420
670 0.121860 0.140005
671 0.060416 0.297305
672 0.990250 0.290115
673 0.635224 0.552368
674 0.281097 0.890945
675 0.480041 0.473415
676 0.129090 0.656574
677 0.505316 0.434393
678 0.379551 0.272982
679 0.127331 0.516449
680 0.590546 0.277212
681 0.336749 0.771269
682 0.490865 0.327743
683 0.177861 0.796831
684 0.534647 0.609574
685 0.804779 0.055444
686 0.589870 0.130510
687 0.872669 0.522530
688 0.674566 0.420981
689 0.000988 0.686360
690 0.982063 0.795391
691 0.187869 0.499688
692 0.561718 0.528299
693 0.466565 0.375601
694 0.805660 0.838085
695 0.369240 0.926671
696 0.732369 0.033638
697 0.249830 0.597779
698 0.592421 0.597639
699 0.276848 0.757820
700 0.223616 0.929382
701 0.230887 0.013572
702 0.288640 0.572146
703 0.519350 0.008224
704 0.975574 0.092077
705 0.992518 0.408446
706 0.987683 0.375699
707 0.686401 0.822206
708 0.062195 0.178754
709 0.270284 0.261649
710 0.133694 0.609783
711 0.340737 0.596276
712 0.151893 0.454691
713 0.831855 0.055621
714 0.101541 0.807520
715 0.243498 0.882787
716 0.174468 0.970349
717 0.331054 0.932202
718 0.019182 0.175087
719 0.024673 0.829441
720 0.854296 0.746163
721 0.560623 0.888029
722 0.231676 0.072953
723 0.996184 0.621078
724 0.461862 0.308861
725 0.049135 0.323075
726 0.126998 0.019132
727 0.311448 0.493783
728 0.037261 0.913086
729 0.430255 0.187169
730 0.018984 0.866338
731 0.301434 0.861215
732 0.314032 0.412210
733 0.152591 0.674032
734 0.225986 0.636757
735 0.001770 0.402822
736 0.107454 0.292557
737 0.242051 0.751036
738 0.248400 0.046027
739 0.899835 0.417904
740 0.569108 0.612267
741 0.657651 0.732839
742 0.097089 0.724921
743 0.787449 0.632163
744 0.488770 0.176137
745 0.365174 0.862710
746 0.291308 0.304867
747 0.342853 0.910642
748 0.095473 0.370798
749 0.615106 0.949543
750 0.677283 0.071738
751 0.183972 0.694901
752 0.281979 0.595980
753 0.004811 0.098340
754 0.699677 0.618939
755 0.472750 0.445132
756 0.181349 0.272007
757 0.604441 0.874353
758 0.749556 0.053711
759 0.465888 0.091479
760 0.993914 0.737413
761 0.393469 0.002129
762 0.719243 0.771822
763 0.792918 0.013745
764 0.406169 0.189249
765 0.298780 0.445938
766 0.628565 0.201148
767 0.003173 0.471071
768 0.840310 0.715647
769 0.770830 0.411744
770 0.420223 0.449198
771 0.063032 0.822278
772 0.521598 0.336460
773 0.896269 0.080903
774 0.113996 0.407959
775 0.484708 0.804580
776 0.660349 0.587153
777 0.601103 0.463439
778 0.838095 0.235012
779 0.345992 0.793301
780 0.279952 0.422767
781 0.715687 0.111789
782 0.754708 0.027655
783 0.892199 0.839136
784 0.786485 0.994379
785 0.639898 0.612478
786 0.924830 0.826716
787 0.787120 0.301164
788 0.197166 0.255339
789 0.951549 0.452230
790 0.833377 0.425828
791 0.421312 0.860954
792 0.562905 0.323191
793 0.520644 0.681781
794 0.804092 0.745517
795 0.014776 0.219350
796 0.648005 0.100422
797 0.031414 0.060755
798 0.280223 0.731504
799 0.016898 0.004359
800 0.923657 0.417641
801 0.375066 0.114101
802 0.609034 0.328699
803 0.323197 0.986283
804 0.288128 0.827430
805 0.905572 0.685213
806 0.215243 0.192181
807 0.120950 0.206230
808 0.371182 0.471821
809 0.561709 0.473614
810 0.048456 0.001966
811 0.166821 0.368042
812 0.282160 0.987670
813 0.729351 0.004993
814 0.213870 0.501679
815 0.644945 0.437550
816 0.859762 0.068872
817 0.232892 0.697951
818 0.602086 0.514679
819 0.181644 0.327949
820 0.514430 0.473818
821 0.017747 0.321046
822 0.884547 0.140232
823 0.042208 0.507034
824 0.148521 0.289324
825 0.337058 0.347648
826 0.884430 0.304469
827 0.354810 0.301188
828 0.053975 0.037484
829 0.036859 0.778899
830 0.801072 0.324057
831 0.356479 0.035594
832 0.767335 0.002172
833 0.052819 0.072504
834 0.790855 0.184209
835 0.993451 0.978330
836 0.899049 0.796017
837 0.502116 0.821920
838 0.920012 0.709770
839 0.609582 0.438151
840 0.009767 0.558816
841 0.339251 0.264004
842 0.440291 0.114746
843 0.812329 0.972292
844 0.506821 0.757958
845 0.077145 0.468618
846 0.791202 0.036503
847 0.240503 0.983362
848 0.363101 0.407121
849 0.587841 0.659126
850 0.535731 0.555942
851 0.148320 0.217519
852 0.239080 0.837874
853 0.243613 0.179139
854 0.111155 0.315347
855 0.231109 0.522367
856 0.315870 0.332557
857 0.593559 0.750322
858 0.481222 0.766195
859 0.937549 0.035911
860 0.023693 0.029709
861 0.561289 0.292605
862 0.098906 0.000105
863 0.119882 0.068866
864 0.454150 0.002519
865 0.264156 0.560685
866 0.872824 0.344491
867 0.813961 0.207366
868 0.653301 0.895990
869 0.280444 0.493196
870 0.771958 0.558615
871 0.110563 0.119458
872 0.617085 0.695186
873 0.411501 0.568931
874 0.695796 0.535311
875 0.620220 0.671154
876 0.617483 0.280049
877 0.232406 0.776609
878 0.754905 0.514038
879 0.173428 0.597612
880 0.907921 0.642890
881 0.468543 0.930958
882 0.977740 0.633908
883 0.914814 0.778621
884 0.135571 0.762672
885 0.000705 0.853815
886 0.191808 0.083418
887 0.481525 0.705384
888 0.514215 0.645262
889 0.896626 0.227391
890 0.950384 0.068966
891 0.655314 0.145275
892 0.388177 0.144884
893 0.829244 0.677172
894 0.684442 0.888449
895 0.968771 0.880602
896 0.951038 0.416739
897 0.003139 0.782042
898 0.208113 0.108548
899 0.104131 0.439335
900 0.267739 0.692294
901 0.082289 0.683170
902 0.256230 0.507524
903 0.792625 0.655577
904 0.225246 0.327142
905 0.000198 0.302748
906 0.722699 0.610216
907 0.967000 0.278393
908 0.508386 0.995782
909 0.373571 0.212924
910 0.904707 0.329177
911 0.397187 0.612312
912 0.455164 0.864564
913 0.580202 0.150655
914 0.970581 0.747443
915 0.353825 0.754598
916 0.298427 0.715449
917 0.149417 0.876617
918 0.825662 0.851706
919 0.259355 0.920559
920 0.484258 0.073617
921 0.506137 0.780152
922 0.339349 0.424243
923 0.203075 0.371083
924 0.417611 0.344610
925 0.550780 0.403738
926 0.879298 0.267120
927 0.557506 0.240972
928 0.261731 0.322889
929 0.180216 0.939179
930 0.877166 0.465892
931 0.638362 0.716878
932 0.134830 0.836552
933 0.744893 0.138985
934 0.838610 0.316035
935 0.088715 0.214305
936 0.863420 0.876494
937 0.303379 0.958972
938 0.490677 0.857391
939 0.637668 0.468810
940 0.431575 0.791445
941 0.452620 0.812982
942 0.869172 0.846826
943 0.042254 0.629682
944 0.590654 0.637089
945 0.895266 0.509678
946 0.424865 0.987408
947 0.054611 0.345242
948 0.770772 0.896740
949 0.379280 0.175342
950 0.397083 0.099212
951 0.927769 0.688798
952 0.301725 0.611298
953 0.925895 0.952268
954 0.768401 0.254739
955 0.324536 0.681462
956 0.213496 0.683755
957 0.407857 0.800393
958 0.891401 0.388373
959 0.818169 0.463169
960 0.998640 0.895391
961 0.036688 0.537007
962 0.086462 0.656651
963 0.413873 0.421018
964 0.172816 0.882566
965 0.619702 0.245515
966 0.614588 0.017376
967 0.777389 0.922101
968 0.686674 0.847657
969 0.325039 0.867151
970 0.230758 0.155995
971 0.822132 0.949879
972 0.754620 0.995840
973 0.974961 0.821162
974 0.062912 0.253537
975 0.283925 0.660676
976 0.421412 0.141304
977 0.398301 0.333565
978 0.525114 0.109886
979 0.110428 0.351039
980 0.654257 0.014061
981 0.379935 0.894435
982 0.274714 0.289567
983 0.770871 0.663037
984 0.085887 0.025294
985 0.168194 0.253541
986 0.597038 0.905611
987 0.916354 0.396366
988 0.533371 0.387421
989 0.263483 0.108564
990 0.340719 0.822888
991 0.219806 0.998925
992 0.890176 0.585610
993 0.523682 0.033316
994 0.894743 0.622054
995 0.863857 0.114875
996 0.265979 0.353505
997 0.204886 0.470778
998 0.842722 0.900807
999 0.490906 0.218798
4000
0 93
0 163
0 538
1 91
1 177
1 232
1 249
1 537
1 554
1 580
1 878
2 51
2 101
2 147
2 183
2 468
2 481
2 726
2 863
2 886
3 130
3 201
3 702
3 855
3 865
3 869
3 902
4 348
4 380
4 418
4 569
4 615
4 781
4 891
4 933
5 88
5 197
5 267
5 406
5 417
5 608
5 754
5 870
5 906
6 17
6 62
6 547
6 596
6 853
6 970
6 989
7 214
7 244
7 345
7 393
7 513
7 697
7 752
7 952
7 975
8 67
8 141
8 362
8 402
8 421
8 787
8 830
8 954
9 277
9 323
9 412
9 641
9 835
9 953
10 13
10 325
10 403
10 527
10 543
10 607
10 678
11 250
11 280
11 439
11 462
11 523
11 552
11 917
11 929
11 964
12 321
12 358
12 425
12 428
12 451
12 567
12 734
12 879
13 215
13 325
13 527
13 555
13 724
13 924
13 977
14 115
14 216
14 294
14 442
14 515
15 377
15 483
15 495
15 622
15 630
15 707
15 741
15 762
16 171
16 246
16 264
16 283
16 303
16 484
16 683
16 737
16 877
17 150
17 268
17 332
17 547
17 565
17 600
17 624
17 989
18 190
18 248
18 389
18 592
18 626
18 643
18 948
18 967
18 972
19 54
19 80
19 439
19 490
19 531
20 243
20 335
20 424
20 450
20 473
20 530
20 609
20 911
21 184
21 228
21 247
21 426
21 496
21 527
21 607
21 678
21 827
21 841
22 36
22 157
22 181
22 187
22 431
22 449
22 558
22 728
22 730
22 885
23 148
23 257
23 289
23 445
23 507
23 542
23 966
24 82
24 144
24 331
24 480
24 544
24 618
24 822
24 995
25 145
25 218
25 255
25 575
25 613
25 866
25 958
26 35
26 113
26 167
26 226
26 447
26 583
26 638
26 735
26 845
26 899
27 271
27 324
27 443
27 576
27 628
27 927
27 999
28 310
28 336
28 420
28 482
28 566
28 687
28 930
28 945
29 34
29 216
29 306
29 440
29 442
29 794
30 47
30 82
30 188
30 194
30 380
30 933
31 140
31 242
31 298
31 396
31 474
31 639
31 648
31 652
31 721
31 757
32 327
32 719
32 771
32 829
32 885
32 897
33 169
33 258
33 272
33 631
33 674
33 717
33 812
33 919
33 937
34 160
34 306
34 320
34 442
34 630
34 762
35 447
35 583
35 585
35 748
35 774
35 845
35 899
36 157
36 181
36 431
36 462
36 521
36 728
37 106
37 118
37 334
37 659
37 709
37 756
37 788
37 904
37 928
37 982
38 105
38 128
38 330
38 340
38 936
38 998
39 40
39 63
39 75
39 192
39 195
39 374
39 564
39 637
39 925
40 63
40 195
40 374
40 399
40 500
40 925
40 988
41 110
41 342
41 454
41 681
41 699
41 798
41 915
41 916
42 122
42 139
42 253
42 621
42 729
42 764
42 892
42 949
42 976
43 209
43 259
43 356
43 441
43 612
43 616
43 655
43 679
43 691
43 814
44 230
44 245
44 323
44 561
44 895
44 960
44 973
45 161
45 356
45 532
45 587
45 633
45 691
45 814
45 855
45 902
45 997
46 159
46 171
46 283
46 715
46 852
46 964
47 194
47 557
47 584
47 781
47 933
48 115
48 197
48 237
48 238
48 423
48 515
48 519
48 754
49 134
49 155
49 223
49 346
49 376
49 673
49 692
49 818
50 52
50 106
50 313
50 496
50 498
50 559
50 596
50 709
51 101
51 183
51 468
51 589
51 886
52 207
52 268
52 337
52 370
52 547
52 559
52 596
53 58
53 92
53 290
53 322
53 410
53 632
53 770
53 808
53 848
53 922
53 963
54 80
54 181
54 378
54 431
54 439
54 531
55 260
55 576
55 680
55 861
55 876
55 927
55 965
56 75
56 175
56 192
56 375
56 529
56 688
56 815
57 252
57 339
57 502
57 532
57 585
57 587
57 811
57 923
58 86
58 322
58 410
58 452
58 693
58 924
58 963
59 110
59 126
59 312
59 342
59 661
59 915
60 69
60 208
60 533
60 789
61 83
61 202
61 295
61 301
61 397
61 579
61 591
61 657
62 314
62 624
62 722
62 886
62 898
62 970
62 989
63 75
63 90
63 399
63 564
63 777
63 809
63 839
63 925
64 229
64 422
64 460
64 696
64 758
64 782
64 813
64 980
65 164
65 172
65 189
65 275
65 278
65 298
65 497
65 721
65 749
65 986
66 127
66 256
66 522
66 652
66 707
66 868
66 894
66 968
67 402
67 421
67 613
67 787
67 830
67 934
68 74
68 154
68 175
68 196
68 288
68 402
68 464
68 501
68 577
68 769
69 185
69 208
69 366
69 533
70 198
70 386
70 486
70 659
70 746
70 825
70 856
70 928
70 982
70 996
71 311
71 347
71 364
71 398
71 444
71 593
71 650
72 297
72 333
72 392
72 492
73 87
73 198
73 386
73 486
73 633
73 732
73 765
73 780
73 996
74 83
74 154
74 175
74 202
74 375
74 529
74 577
74 657
75 192
75 564
75 688
75 777
75 815
75 839
75 939
76 98
76 179
76 308
76 504
76 590
76 605
76 646
76 880
76 992
76 994
77 129
77 141
77 239
77 279
77 295
77 362
77 475
77 954
78 394
78 405
78 519
78 572
78 698
78 785
78 849
78 875
78 944
79 191
79 346
79 415
79 815
79 939
80 181
80 378
80 431
80 531
81 413
81 456
81 491
81 598
81 619
81 658
81 672
81 907
82 144
82 188
82 618
82 834
83 154
83 202
83 276
83 375
83 397
83 529
83 577
83 657
84 104
84 162
84 343
84 388
84 562
84 857
84 872
84 875
84 931
85 112
85 136
85 314
85 448
85 647
85 806
85 851
86 215
86 373
86 410
86 452
86 555
86 606
86 924
86 963
86 977
87 161
87 198
87 252
87 486
87 633
87 780
87 996
88 267
88 382
88 400
88 504
88 525
88 635
88 649
88 743
88 870
89 594
89 671
89 725
89 748
89 854
89 947
89 979
90 155
90 286
90 399
90 563
90 677
90 809
90 820
90 925
91 191
91 249
91 464
91 580
91 688
92 290
92 465
92 573
92 732
92 808
92 848
92 922
93 163
93 526
93 538
93 665
93 704
93 859
93 890
94 383
94 412
94 469
94 953
95 211
95 233
95 524
95 556
95 668
95 694
95 918
95 942
96 306
96 384
96 390
96 528
96 586
96 668
96 694
96 918
96 948
97 343
97 562
97 636
97 684
97 740
97 793
97 849
97 888
97 944
98 270
98 354
98 401
98 404
98 646
98 880
98 992
98 994
99 138
99 170
99 506
99 686
99 766
99 891
99 913
100 149
100 401
100 723
100 882
101 147
101 183
101 468
101 481
101 863
101 886
101 898
102 234
102 331
102 387
102 446
102 461
102 618
102 642
102 773
102 822
102 995
103 201
103 465
103 573
103 633
103 727
103 765
103 780
103 869
103 902
104 162
104 343
104 562
104 570
104 849
104 857
104 872
105 158
105 230
105 245
105 340
105 556
105 561
105 783
105 786
105 942
106 313
106 334
106 391
106 709
106 788
106 806
107 195
107 284
107 452
107 555
107 682
107 693
107 772
107 988
108 200
108 303
108 699
108 737
108 798
108 817
108 877
108 900
108 956
109 204
109 281
109 437
109 470
109 578
109 601
109 708
109 718
110 244
110 312
110 342
110 457
110 915
110 916
110 955
111 182
111 217
111 359
111 689
111 943
112 136
112 314
112 391
112 448
112 647
112 806
112 853
112 970
113 226
113 735
113 767
114 189
114 275
114 367
114 467
114 485
114 503
114 749
115 238
115 294
115 423
115 442
115 495
115 515
116 179
116 308
116 635
116 893
116 903
117 270
117 590
117 605
117 646
117 653
117 687
117 945
117 992
118 241
118 659
118 756
118 788
118 819
118 824
118 904
118 985
119 344
119 381
119 419
119 494
119 614
119 823
119 961
120 151
120 204
120 281
120 352
120 368
120 429
120 708
120 718
120 795
120 935
120 974
121 135
121 269
121 433
121 493
121 664
121 775
121 858
121 921
121 940
121 941
121 957
122 139
122 235
122 414
122 550
122 801
122 842
122 892
122 950
122 976
123 193
123 202
123 276
123 301
123 397
123 579
123 680
123 802
123 876
124 170
124 229
124 257
124 418
124 615
124 750
124 781
124 796
124 891
125 221
125 225
125 263
125 266
125 463
125 627
125 791
125 912
125 981
126 305
126 312
126 342
126 424
126 450
126 661
126 664
127 164
127 298
127 485
127 522
127 652
127 757
127 868
127 894
127 986
128 230
128 323
128 953
129 188
129 239
129 380
129 475
129 834
129 867
129 954
130 321
130 428
130 616
130 697
130 702
130 752
130 855
130 865
131 241
131 369
131 604
131 640
131 736
131 756
131 788
131 824
131 851
131 985
132 217
132 307
132 518
132 610
132 689
132 901
133 153
133 214
133 231
133 372
133 508
133 611
133 702
133 711
134 299
134 376
134 572
134 692
134 698
134 740
134 850
135 178
135 493
135 664
135 858
135 940
136 355
136 448
136 604
136 647
136 670
136 807
136 851
137 330
137 341
137 432
137 469
137 643
137 843
137 971
137 998
138 348
138 466
138 536
138 766
138 891
139 253
139 302
139 309
139 729
139 759
139 842
139 976
140 474
140 548
140 648
140 775
140 837
140 921
141 421
141 479
141 510
141 778
141 867
141 954
142 170
142 257
142 445
142 568
142 686
142 796
143 155
143 286
143 517
143 563
143 650
143 692
143 820
143 850
144 480
144 510
144 618
144 834
144 867
145 482
145 575
145 739
145 790
145 930
145 958
145 987
146 148
146 436
146 459
146 476
146 507
146 542
146 553
146 568
146 920
146 978
146 993
147 183
147 314
147 647
147 886
147 898
148 459
148 507
148 542
148 553
148 703
148 993
149 185
149 270
149 354
149 366
149 401
149 653
149 723
150 207
150 268
150 332
150 414
150 565
150 600
150 662
150 801
150 892
151 281
151 718
151 795
152 274
152 292
152 437
152 753
152 797
152 828
152 833
152 860
153 311
153 372
153 508
153 611
153 711
153 873
153 911
154 196
154 362
154 402
154 577
154 657
155 223
155 563
155 692
155 809
155 818
155 820
156 302
156 309
156 453
156 520
156 588
156 744
156 978
157 250
157 431
157 462
157 521
157 552
157 558
157 728
158 168
158 176
158 245
158 458
158 561
158 690
158 786
158 883
158 973
159 280
159 700
159 715
159 852
159 964
160 306
160 320
160 586
160 630
160 707
160 762
161 252
161 587
161 633
161 780
161 997
162 210
162 315
162 388
162 396
162 562
162 570
162 857
163 333
163 538
163 859
164 189
164 298
164 367
164 485
164 749
164 757
164 868
164 986
165 211
165 212
165 407
165 440
165 477
165 524
165 720
165 836
165 883
166 291
166 319
166 487
166 631
166 695
166 717
166 747
166 803
166 937
167 511
167 541
167 583
167 735
168 212
168 458
168 561
168 690
168 786
168 836
168 883
168 973
169 258
169 395
169 700
169 847
169 919
169 991
170 257
170 418
170 686
170 796
170 891
171 264
171 283
171 484
171 683
171 852
171 877
172 189
172 275
172 478
172 497
172 617
172 908
173 251
173 381
173 411
173 614
173 623
173 667
173 710
174 293
174 427
174 433
174 493
174 627
174 779
174 940
174 957
174 990
175 288
175 464
175 529
175 577
176 245
176 435
176 690
176 973
177 249
177 417
177 554
177 580
177 874
177 878
178 335
178 349
178 450
178 664
178 858
178 887
179 308
179 477
179 805
179 880
179 893
179 994
180 199
180 360
180 434
180 534
180 550
180 620
180 629
180 662
180 801
180 831
180 950
181 282
181 378
181 431
181 728
182 359
182 614
182 840
183 722
183 886
183 898
184 337
184 370
184 496
184 543
184 607
184 678
184 841
184 909
185 366
185 533
185 653
186 234
186 331
186 333
186 492
186 538
186 642
186 773
186 859
186 890
187 449
187 558
187 719
187 730
187 771
187 885
188 239
188 380
188 569
188 834
188 933
189 275
189 485
189 497
189 749
189 986
190 329
190 389
190 592
190 626
190 643
190 784
190 843
190 972
191 580
191 688
191 815
191 939
192 276
192 375
192 529
192 564
192 637
192 688
193 276
193 324
193 374
193 680
193 792
193 802
193 861
193 876
194 544
194 557
194 685
194 713
194 846
195 374
195 500
195 772
195 792
195 925
195 988
196 255
196 288
196 402
196 501
196 577
196 787
196 830
197 237
197 267
197 515
197 754
197 906
197 983
198 386
198 486
198 732
198 780
198 856
198 928
198 996
199 332
199 434
199 534
199 550
199 565
199 620
199 629
199 662
199 831
200 246
200 285
200 296
200 303
200 358
200 425
200 737
200 751
200 817
200 956
201 231
201 727
201 865
201 869
201 902
202 276
202 375
202 397
202 579
202 657
202 802
203 352
203 634
203 671
203 725
203 821
203 905
204 281
204 355
204 368
204 429
204 578
204 708
204 807
204 935
205 261
205 436
205 459
205 703
205 864
205 920
205 993
206 212
206 353
206 407
206 458
206 574
206 838
206 883
206 914
206 951
207 268
207 370
207 414
207 600
207 801
207 892
207 949
208 317
208 514
208 533
208 705
208 789
208 896
209 356
209 494
209 651
209 655
209 679
209 691
209 712
210 315
210 396
210 548
210 570
210 648
210 844
210 857
210 921
211 524
211 556
211 668
211 720
211 836
211 942
212 407
212 458
212 836
212 838
212 883
213 484
213 505
213 674
213 715
213 731
213 804
213 852
214 393
214 702
214 711
214 752
214 952
215 373
215 426
215 452
215 527
215 555
215 724
215 924
215 977
216 294
216 440
216 442
216 549
216 794
217 307
217 359
217 689
217 943
218 227
218 273
218 826
218 866
218 910
218 958
218 987
219 339
219 369
219 736
219 748
219 811
219 819
219 824
219 854
219 979
220 307
220 351
220 365
220 438
220 518
220 676
220 742
220 901
220 962
221 266
221 319
221 463
221 487
221 488
221 540
221 595
221 695
221 981
222 231
222 290
222 311
222 372
222 379
222 465
222 808
223 346
223 692
223 777
223 809
223 818
224 240
224 243
224 347
224 363
224 535
224 593
224 609
225 263
225 266
225 278
225 287
225 357
225 455
225 474
225 881
225 912
225 938
226 447
226 638
226 767
226 845
227 273
227 328
227 338
227 489
227 910
228 247
228 496
228 498
228 709
228 746
228 827
228 841
228 856
228 982
229 422
229 460
229 584
229 615
229 696
229 750
229 758
230 245
230 323
230 561
230 786
230 895
231 372
231 727
232 249
232 385
232 537
232 554
232 566
232 769
232 790
232 959
233 330
233 340
233 390
233 432
233 528
233 694
233 918
233 936
233 942
233 998
234 331
234 642
234 665
234 704
234 773
234 859
234 890
235 360
235 550
235 629
235 759
235 842
235 950
236 300
236 472
236 512
236 701
236 738
237 238
237 394
237 519
237 754
237 785
237 906
238 423
238 519
238 741
238 931
239 279
239 380
239 475
239 569
239 834
240 299
240 347
240 363
240 517
240 535
240 684
240 850
241 369
241 756
241 788
241 819
241 824
241 985
242 278
242 287
242 298
242 474
242 648
242 721
242 757
243 363
243 473
243 535
243 609
243 888
244 305
244 312
244 345
244 393
244 457
244 530
244 952
244 955
244 975
245 561
245 786
245 895
245 960
245 973
246 285
246 303
246 371
246 683
246 877
246 884
247 373
247 426
247 606
247 746
247 825
247 827
247 841
247 856
248 256
248 384
248 389
248 546
248 626
248 663
248 894
248 948
248 967
249 464
249 580
249 769
250 280
250 439
250 462
250 521
250 523
250 552
250 917
250 964
251 351
251 409
251 411
251 623
251 667
251 676
251 710
251 962
252 318
252 486
252 502
252 587
252 811
252 923
253 302
253 309
253 621
253 729
253 744
253 764
253 842
253 976
254 316
254 350
254 471
254 714
254 771
254 829
255 501
255 575
255 613
255 830
255 934
256 320
256 384
256 546
256 586
256 707
256 894
256 968
257 289
257 422
257 445
257 750
257 796
258 700
258 812
258 847
258 919
258 937
259 321
259 356
259 612
259 616
259 655
259 691
259 814
259 855
260 506
260 536
260 576
260 680
260 766
260 927
260 965
261 360
261 436
261 603
261 864
262 274
262 437
262 470
262 481
262 578
262 656
262 670
262 833
262 863
262 871
263 266
263 455
263 791
263 881
263 912
263 938
264 454
264 484
264 699
264 737
264 877
265 315
265 335
265 349
265 473
265 535
265 793
265 887
265 888
266 455
266 463
266 488
266 540
266 644
266 881
266 912
267 400
267 515
267 635
267 743
267 903
267 906
267 983
268 337
268 370
268 547
268 596
268 600
269 433
269 775
269 837
269 912
269 938
269 941
270 354
270 366
270 401
270 646
270 653
271 576
271 588
271 628
271 744
271 927
271 999
272 669
272 674
272 717
272 731
272 747
272 919
272 937
272 969
273 317
273 338
273 706
273 800
273 896
273 910
273 958
273 987
274 437
274 470
274 481
274 656
274 797
274 828
274 833
274 871
275 497
275 503
275 749
276 375
276 397
276 579
276 637
276 802
277 323
277 835
277 960
278 287
278 357
278 455
278 474
278 721
279 295
279 466
279 475
280 523
280 700
280 917
280 929
280 964
281 429
281 601
281 708
281 718
281 795
282 449
282 728
283 304
283 571
283 683
283 932
284 399
284 599
284 677
284 693
284 755
284 925
284 988
285 296
285 303
285 365
285 371
285 438
285 742
285 751
285 884
286 398
286 444
286 563
286 650
286 675
286 755
286 820
287 455
287 474
287 721
287 837
287 938
288 385
288 464
288 501
288 577
288 769
289 422
289 445
289 966
289 980
290 364
290 379
290 632
290 770
290 808
290 963
291 319
291 487
291 540
291 595
291 803
291 946
292 430
292 753
292 797
292 799
292 828
292 833
292 860
293 505
293 627
293 669
293 745
293 779
293 969
293 990
294 442
294 515
294 549
294 983
295 362
295 475
295 657
295 954
296 365
296 425
296 676
296 733
296 751
297 392
297 492
297 539
297 544
297 685
297 713
297 816
298 474
298 721
298 757
298 986
299 363
299 684
299 692
299 698
299 740
299 850
300 472
300 512
300 620
300 624
300 701
300 738
301 397
301 536
301 579
301 591
301 680
301 876
301 965
302 309
302 326
302 453
302 588
302 744
302 978
303 371
303 737
303 751
303 817
303 877
304 552
304 571
304 660
304 683
304 917
304 932
304 964
305 312
305 393
305 424
305 530
305 955
306 668
306 694
307 351
307 411
307 518
307 623
307 901
307 943
307 962
308 504
308 635
308 743
309 326
309 453
309 476
309 744
309 759
309 842
309 920
309 978
310 336
310 482
310 514
310 739
310 789
310 800
310 930
310 945
311 372
311 379
311 508
311 593
311 873
312 342
312 424
312 955
313 334
313 391
313 547
313 559
313 596
313 709
313 806
313 853
314 647
314 806
314 898
314 970
315 349
315 562
315 570
315 793
315 844
315 887
316 350
316 471
316 742
316 829
317 338
317 705
317 706
317 789
317 800
317 896
317 987
318 486
318 819
318 904
318 923
318 928
318 996
319 487
319 488
319 540
319 595
319 597
319 695
319 946
320 522
320 586
320 630
320 707
320 968
321 428
321 567
321 581
321 612
321 616
321 697
321 879
322 410
322 444
322 599
322 693
322 755
322 770
322 963
323 895
323 960
324 443
324 500
324 772
324 792
324 861
325 403
325 628
325 724
325 999
326 453
326 459
326 476
326 759
326 920
326 978
327 471
327 610
327 829
327 897
328 338
328 672
328 706
328 907
329 389
329 467
329 592
329 626
329 663
329 972
330 340
330 432
330 469
330 936
330 998
331 492
331 544
331 642
331 773
331 816
331 822
331 995
332 565
332 600
332 620
332 624
332 662
332 989
333 492
333 538
333 773
333 859
334 391
334 448
334 604
334 788
334 806
335 450
335 473
335 887
336 514
336 533
336 789
336 930
336 945
337 370
337 496
337 559
337 841
337 909
337 949
338 705
338 706
339 585
339 748
339 774
339 811
339 979
340 556
340 783
340 936
340 942
340 998
341 383
341 469
341 784
341 843
341 971
342 661
342 681
342 915
342 916
342 955
343 562
343 849
343 872
343 875
343 944
344 767
344 823
344 840
344 961
345 393
345 457
345 513
345 752
345 952
345 955
345 975
346 361
346 376
346 415
346 673
346 818
347 517
347 593
347 650
348 418
348 466
348 569
348 891
349 570
349 793
349 844
349 858
349 887
349 921
350 371
350 438
350 571
350 714
350 742
350 884
351 365
351 409
351 623
351 676
351 733
351 742
351 901
351 962
352 368
352 429
352 499
352 634
352 671
352 795
352 974
353 435
353 509
353 574
353 760
353 914
354 401
354 646
354 653
354 880
354 882
354 992
354 994
355 578
355 647
355 670
355 708
355 807
355 871
355 935
356 532
356 587
356 655
356 691
356 712
356 814
356 997
357 455
357 478
357 617
357 644
357 881
358 425
358 428
358 513
358 734
358 751
358 817
358 900
358 956
358 975
359 411
359 614
359 840
359 943
360 550
360 603
360 629
360 950
361 376
361 406
361 415
361 673
361 776
361 874
362 402
362 475
362 787
362 954
363 535
363 636
363 684
363 888
364 379
364 398
364 444
364 632
364 650
364 675
364 770
365 409
365 676
365 733
365 742
365 901
365 962
366 533
366 653
367 389
367 467
367 485
367 546
367 663
367 868
367 894
368 429
368 499
368 640
368 807
368 935
368 974
369 736
369 756
369 819
369 824
369 854
369 979
370 414
370 909
370 949
371 438
371 571
371 683
371 884
372 379
372 808
373 426
373 606
373 825
373 827
373 924
373 977
374 500
374 637
374 792
374 802
375 397
375 529
375 637
376 405
376 572
376 673
376 698
376 776
376 785
377 388
377 483
377 622
377 639
377 741
377 857
377 931
379 632
379 808
380 475
380 569
380 834
380 933
381 419
381 441
381 494
381 614
381 667
381 679
381 961
382 417
382 525
382 554
382 582
382 649
382 654
382 870
382 878
383 469
383 843
383 971
384 390
384 528
384 546
384 586
384 948
385 501
385 537
385 575
385 769
385 790
385 959
386 606
386 732
386 825
386 848
386 856
386 922
387 446
387 461
387 480
387 625
387 822
388 483
388 741
388 857
388 872
388 931
389 467
389 546
389 592
389 626
389 663
390 432
390 528
390 668
390 694
390 918
390 948
391 448
391 604
391 788
391 806
391 853
392 539
392 713
392 763
393 530
393 611
393 711
393 952
394 405
394 519
394 572
394 754
394 776
394 785
394 875
395 545
395 700
395 716
395 847
395 929
395 991
396 483
396 548
396 639
396 648
396 857
397 579
397 657
398 444
398 632
398 650
398 675
398 755
398 820
399 677
399 809
399 925
399 988
400 525
400 635
400 743
400 870
400 903
401 646
401 723
401 882
402 577
402 787
402 830
403 543
403 607
403 621
403 729
403 764
404 509
404 574
404 805
404 838
404 880
404 882
404 951
405 572
405 698
405 740
405 776
405 785
405 849
405 944
406 608
406 754
406 776
406 785
406 874
406 906
407 477
407 720
407 768
407 805
407 838
407 883
408 420
408 504
408 525
408 590
408 605
408 649
408 687
409 451
409 581
409 623
409 676
409 710
409 733
409 879
410 606
410 770
410 848
410 963
411 614
411 623
411 667
411 943
411 962
412 641
412 953
413 456
413 489
413 551
413 602
413 907
413 926
414 600
414 801
414 892
414 949
414 950
415 673
415 874
415 939
416 478
416 488
416 597
416 617
416 644
416 881
416 908
417 608
417 870
417 874
417 878
418 615
418 750
418 781
418 796
418 891
419 494
419 638
419 651
419 679
419 823
419 845
420 566
420 649
420 654
420 687
420 930
420 945
421 479
421 778
421 787
421 926
421 934
422 460
422 750
422 966
422 980
423 519
423 741
423 872
423 875
423 931
424 530
424 609
424 911
425 451
425 733
425 734
425 751
425 817
425 956
426 527
426 678
426 827
426 924
426 977
427 493
427 681
427 779
427 915
427 957
427 990
428 513
428 567
428 697
428 734
429 499
429 708
429 795
429 935
429 974
430 797
430 799
430 810
430 860
431 439
431 462
431 728
432 528
432 643
432 918
432 936
432 948
432 967
432 971
432 998
433 627
433 791
433 912
433 940
433 941
433 957
434 534
434 603
434 629
434 761
434 831
435 458
435 690
435 760
435 914
436 459
436 476
436 703
436 759
436 920
436 993
437 470
437 601
437 753
437 797
437 833
438 742
438 884
439 462
439 523
440 477
440 524
440 720
440 768
440 794
441 494
441 581
441 612
441 667
441 679
442 495
442 762
443 628
443 682
443 724
443 772
444 599
444 632
444 650
444 675
444 755
444 770
445 507
445 542
445 553
445 568
446 516
446 642
446 645
446 666
446 704
447 583
447 638
447 651
447 774
447 845
447 899
448 604
448 788
448 806
448 851
448 985
449 728
449 730
449 885
450 473
450 661
450 664
450 887
451 567
451 581
451 676
451 710
451 733
451 734
451 879
452 555
452 693
452 924
452 977
453 520
453 560
453 568
453 588
453 913
453 978
454 484
454 681
454 699
454 779
454 804
455 478
455 644
455 881
455 938
456 491
456 551
456 598
456 625
456 889
456 907
457 798
457 900
457 916
457 955
457 975
458 690
458 760
458 883
458 914
459 476
459 507
459 553
459 759
459 920
459 978
459 993
460 696
460 813
460 980
461 480
461 618
461 625
461 822
461 889
462 521
462 552
462 917
463 487
463 669
463 695
463 791
463 981
464 501
464 580
464 769
465 573
465 727
465 765
465 808
465 922
466 536
466 591
467 592
467 663
468 481
468 656
468 726
468 863
468 984
469 971
470 578
470 601
470 708
470 833
470 871
471 518
471 610
471 829
471 897
472 512
472 534
472 620
473 535
473 887
473 888
474 721
474 837
474 938
475 954
476 553
476 759
476 920
476 978
476 993
477 720
477 768
477 805
477 838
477 893
478 488
478 617
478 644
478 881
478 908
479 510
479 602
479 778
479 826
479 926
480 510
480 618
480 822
481 656
481 670
481 863
481 871
482 566
482 739
482 790
482 930
482 959
483 622
483 639
483 652
483 857
484 804
484 852
484 877
485 663
485 749
485 868
485 986
486 904
486 923
486 928
486 996
487 540
487 595
487 631
487 695
487 717
487 747
488 540
488 597
488 644
488 881
488 946
489 602
489 826
489 907
489 910
490 523
490 545
490 716
491 516
491 598
491 658
492 544
492 713
492 773
492 816
493 661
493 664
493 940
493 957
494 679
495 630
495 741
495 762
496 498
496 559
496 709
496 841
497 503
497 617
497 749
498 559
498 709
498 746
498 841
498 982
499 594
499 634
499 671
499 725
499 736
499 854
499 974
500 682
500 772
500 792
500 861
500 988
501 575
501 577
501 769
501 830
502 532
502 585
502 587
502 712
502 811
502 923
503 749
504 525
504 590
504 635
504 649
504 992
505 731
505 745
505 779
505 804
505 969
505 990
506 520
506 576
506 588
506 913
506 927
507 542
507 553
507 993
508 530
508 593
508 609
508 611
508 711
508 873
508 911
509 574
509 882
509 951
510 778
510 867
510 889
511 541
511 725
511 735
511 821
511 905
511 947
512 565
512 620
512 624
512 722
512 738
512 989
513 697
513 734
513 752
513 900
513 952
513 975
514 739
514 789
514 800
514 896
514 987
515 983
516 645
516 658
516 666
517 650
517 850
518 742
518 901
519 785
519 875
520 560
520 576
520 588
520 913
521 552
521 558
521 660
521 917
521 932
522 622
522 639
522 652
522 707
522 968
523 716
523 929
524 556
524 720
524 836
525 590
525 635
525 649
525 870
526 665
526 666
526 704
526 890
527 607
527 678
527 827
527 977
528 694
528 918
528 948
528 967
528 998
529 688
530 609
530 611
530 711
530 911
532 585
532 587
532 691
532 712
532 997
533 653
533 789
534 629
534 761
534 831
535 636
535 684
535 888
536 591
536 766
536 965
537 554
537 566
537 582
537 654
537 959
538 665
538 859
538 890
539 685
539 713
539 763
539 832
539 846
540 595
540 597
540 946
541 735
541 821
542 553
542 703
542 966
542 993
543 607
543 621
543 678
543 729
543 764
543 909
544 685
544 713
544 816
544 995
545 716
545 847
545 929
545 991
546 626
546 663
546 894
547 596
547 600
547 853
548 570
548 648
548 837
548 844
548 921
549 743
549 768
549 893
549 903
549 983
550 629
550 801
550 831
550 950
551 602
551 625
551 889
551 926
552 558
552 660
552 917
552 932
552 964
553 560
553 568
553 978
553 993
554 582
554 654
554 878
554 959
555 682
555 693
555 724
555 924
556 783
556 786
556 836
556 942
557 584
557 685
557 758
557 782
557 846
558 660
558 714
558 771
558 932
559 709
559 841
560 568
560 686
560 913
560 978
561 783
561 786
561 895
561 973
562 570
562 636
562 793
562 849
563 692
563 809
563 820
564 637
564 815
564 839
565 600
565 620
565 624
565 662
565 989
566 582
566 654
566 790
566 930
566 959
567 581
567 612
567 616
567 697
567 734
567 879
568 686
568 913
568 978
569 781
569 933
570 844
570 857
571 660
571 683
571 714
571 884
571 932
572 673
572 698
572 776
572 785
573 732
573 765
573 780
573 848
573 922
574 805
574 838
574 914
574 951
575 790
576 588
576 927
576 999
578 670
578 708
578 871
579 591
579 680
579 802
579 876
579 965
581 612
581 616
581 667
581 710
581 879
582 649
582 654
582 878
582 959
583 748
583 774
583 947
584 615
584 696
584 758
584 781
585 712
585 774
585 899
586 968
587 997
588 744
588 999
589 701
590 605
590 687
590 992
591 766
591 965
592 626
592 784
592 972
593 609
593 873
593 911
594 634
594 671
594 725
594 736
594 854
594 947
594 979
595 597
595 946
596 806
596 853
596 970
597 644
597 881
597 946
598 625
598 658
599 675
599 677
599 693
599 755
599 770
599 963
600 662
600 989
601 718
601 753
602 826
602 910
602 926
603 629
603 761
603 864
604 640
604 756
604 788
604 807
604 851
604 985
605 646
605 687
605 945
605 992
606 825
606 848
606 856
606 977
607 678
607 909
608 754
608 776
608 874
608 906
609 611
609 873
609 911
610 689
611 711
611 873
611 911
612 616
612 667
612 710
612 879
613 826
613 830
613 866
613 934
614 840
614 961
615 750
615 781
615 796
616 655
616 691
616 855
616 879
617 644
617 908
618 822
618 995
619 658
619 672
619 907
620 624
620 662
620 831
621 729
621 744
621 764
621 999
622 639
622 652
622 707
623 667
623 676
623 710
623 901
623 943
623 962
624 662
624 722
624 738
624 989
625 889
626 643
626 663
626 948
626 967
627 745
627 791
627 957
628 999
629 761
629 831
630 707
630 762
631 695
631 717
631 747
631 803
631 812
631 937
632 770
632 808
632 963
633 765
633 780
633 869
634 671
634 725
634 821
634 905
634 947
634 974
635 743
635 903
636 684
636 740
636 793
636 849
636 888
636 944
637 802
638 651
638 767
638 823
638 845
639 648
639 652
640 736
640 807
640 824
640 851
640 935
640 985
641 835
642 773
642 822
642 890
642 995
643 784
643 843
643 948
643 967
643 971
644 881
644 908
645 666
646 653
646 880
646 992
646 994
647 670
647 871
648 652
649 654
649 870
650 675
650 820
651 679
651 712
651 845
651 899
652 757
654 959
655 679
655 691
655 712
655 814
656 726
656 828
656 833
656 863
656 984
659 709
659 746
659 904
659 928
659 982
659 996
660 714
660 771
660 932
661 664
661 915
662 831
663 894
664 940
665 704
665 859
665 890
666 704
667 710
668 694
668 918
669 695
669 717
669 745
669 747
669 969
669 981
670 871
671 725
671 736
671 821
671 854
671 947
671 974
672 907
673 776
673 818
674 715
674 731
674 919
674 969
675 677
675 755
675 820
676 710
676 733
676 901
676 962
677 755
677 820
677 925
677 988
678 827
678 841
680 792
680 802
680 861
680 876
680 927
680 965
681 779
681 915
681 990
682 693
682 724
682 772
683 884
684 740
684 850
684 888
685 713
685 763
685 846
686 913
687 945
688 815
690 914
690 973
691 814
691 855
691 997
692 809
692 818
692 850
694 918
695 717
695 747
695 981
696 758
696 782
696 813
696 832
697 702
697 734
697 752
697 865
697 952
698 740
698 785
698 944
699 737
699 798
699 877
699 916
700 715
700 919
700 929
701 738
702 752
702 865
702 952
703 993
704 890
705 706
705 896
707 968
708 718
708 935
709 746
709 982
710 879
711 952
712 899
713 816
713 846
714 771
714 932
715 852
715 919
716 929
716 991
717 747
717 803
717 937
718 795
719 730
719 771
719 829
719 885
719 897
720 768
720 794
721 757
721 986
722 738
722 886
722 898
722 989
723 882
725 821
725 905
725 947
726 862
726 863
726 984
727 765
727 869
728 730
729 764
729 949
729 976
730 885
731 804
731 969
732 765
732 780
732 848
732 922
733 751
734 956
736 824
736 854
737 798
737 817
737 877
739 800
739 896
739 930
739 958
739 987
740 849
740 944
741 931
742 884
742 901
743 903
743 983
744 999
745 747
745 969
745 981
745 990
746 856
746 928
746 982
747 969
747 981
748 774
748 947
748 979
749 986
750 796
751 817
751 956
752 865
752 952
753 797
753 833
754 776
754 906
755 770
755 820
756 788
756 824
756 985
757 868
757 986
758 782
758 813
758 832
758 846
759 842
759 920
760 914
761 831
763 782
763 832
763 846
764 892
764 909
764 949
764 976
765 780
765 869
765 922
766 965
767 823
768 794
768 893
770 808
770 963
771 829
772 792
772 988
773 816
773 995
774 899
775 837
775 844
775 858
775 921
775 938
775 940
775 941
776 785
777 809
777 815
777 818
777 839
777 939
778 867
778 926
779 915
779 990
781 933
782 813
782 832
782 846
783 786
783 836
783 936
783 942
784 843
784 972
786 836
786 883
786 973
787 830
787 934
787 954
788 985
789 800
789 896
790 959
791 912
791 981
792 802
792 861
793 887
793 888
796 891
797 828
797 833
797 860
798 900
798 916
799 810
799 828
799 860
800 896
800 958
800 987
801 892
801 950
801 976
802 876
803 812
803 937
804 852
804 969
804 990
805 838
805 880
805 951
806 853
806 970
807 851
807 935
809 820
810 828
810 860
810 862
810 984
811 819
811 923
812 847
812 937
813 832
814 855
814 902
814 997
815 839
815 939
816 995
817 900
817 956
819 824
819 904
819 923
821 905
821 947
822 995
823 845
823 961
824 854
824 985
825 827
825 856
826 866
826 910
826 926
826 934
827 841
827 856
827 977
828 833
828 860
828 984
829 897
830 934
832 846
833 860
834 867
836 883
837 921
837 938
837 941
838 951
839 939
840 961
842 950
842 976
843 971
844 858
844 921
845 899
847 991
848 922
848 963
849 872
849 875
849 944
851 985
853 970
854 979
855 865
855 902
856 996
858 921
859 890
861 927
862 984
863 871
865 902
866 910
866 934
866 958
868 894
869 902
870 878
872 875
872 931
873 911
875 931
875 944
876 965
880 951
880 994
886 898
889 926
892 949
892 950
892 976
893 903
894 968
895 960
896 987
898 970
900 916
900 975
901 962
903 983
904 923
904 928
904 996
909 949
912 938
912 941
916 955
917 932
917 964
918 936
918 942
918 998
920 978
924 977
925 988
928 982
928 996
930 945
935 974
936 942
936 998
940 941
940 957
941 957
943 962
948 967
949 976
950 976
952 975
955 975
958 987
966 980
967 971
969 990
971 998
992 994
