2000
0 0.405350 0.603868
1 0.113681 0.598870
2 0.607156 0.397427
3 0.493774 0.181539
4 0.250533 0.189280
5 0.739321 0.553719
6 0.447346 0.960314
7 0.683985 0.667999
8 0.211424 0.540577
9 0.094690 0.212301
10 0.354473 0.674075
11 0.298409 0.427365
12 0.026204 0.877441
13 0.462254 0.994912
14 0.605588 0.086756
15 0.318292 0.110405
16 0.545707 0.615149
17 0.098133 0.585776
18 0.076395 0.128348
19 0.322204 0.715180
20 0.376883 0.186198
21 0.874787 0.680784
22 0.944925 0.395210
23 0.488254 0.475799
24 0.409376 0.370544
25 0.959965 0.515378
26 0.119064 0.922860
27 0.901002 0.091473
28 0.810460 0.583258
29 0.575026 0.176759
30 0.802793 0.010122
31 0.047903 0.884144
32 0.848176 0.642058
33 0.498634 0.650275
34 0.573489 0.451927
35 0.215166 0.493827
36 0.758087 0.481146
37 0.461720 0.889959
38 0.253688 0.310878
39 0.695064 0.765461
40 0.252899 0.542061
41 0.855064 0.965496
42 0.579056 0.599469
43 0.258637 0.648288
44 0.322409 0.445170
45 0.112869 0.896838
46 0.938241 0.727120
47 0.183717 0.531380
48 0.505495 0.453400
49 0.579995 0.864501
50 0.039874 0.852048
51 0.134149 0.904975
52 0.666023 0.664670
53 0.831392 0.440662
54 0.473887 0.775375
55 0.837404 0.287235
56 0.311102 0.386097
57 0.679665 0.002203
58 0.596310 0.915228
59 0.048670 0.532651
60 0.477494 0.418550
61 0.502591 0.590296
62 0.304995 0.609746
63 0.082636 0.028929
64 0.440594 0.492384
65 0.476230 0.136979
66 0.882048 0.206048
67 0.901238 0.551901
68 0.046766 0.936389
69 0.328757 0.642176
70 0.995664 0.797981
71 0.719809 0.911989
72 0.465240 0.623393
73 0.868796 0.479051
74 0.550881 0.863713
75 0.442337 0.794713
76 0.615819 0.699476
77 0.545478 0.589477
78 0.630991 0.191925
79 0.305293 0.841548
80 0.088851 0.961211
81 0.373658 0.754029
82 0.129334 0.080232
83 0.822656 0.297073
84 0.478409 0.321144
85 0.099975 0.190407
86 0.514722 0.864718
87 0.877199 0.537624
88 0.151725 0.261569
89 0.232113 0.228861
90 0.530151 0.736848
91 0.863112 0.007937
92 0.223204 0.880127
93 0.375312 0.865264
94 0.133136 0.487996
95 0.794439 0.908942
96 0.941394 0.040518
97 0.895251 0.244731
98 0.106347 0.071257
99 0.285522 0.329141
100 0.886605 0.721819
101 0.543050 0.758827
102 0.101431 0.273900
103 0.391484 0.297042
104 0.565930 0.369711
105 0.050862 0.482634
106 0.014501 0.433299
107 0.012265 0.526342
108 0.651113 0.609349
109 0.865899 0.586809
110 0.673014 0.876822
111 0.728705 0.991898
112 0.964648 0.237572
113 0.291541 0.567983
114 0.648146 0.470296
115 0.357066 0.910123
116 0.908615 0.137126
117 0.705199 0.186984
118 0.351963 0.699699
119 0.207659 0.145635
120 0.254855 0.599061
121 0.609922 0.156933
122 0.841415 0.879822
123 0.684587 0.303251
124 0.861431 0.942950
125 0.923032 0.742899
126 0.920949 0.250496
127 0.463168 0.124798
128 0.630499 0.720666
129 0.889132 0.882922
130 0.909410 0.786281
131 0.094707 0.681533
132 0.470576 0.722013
133 0.294185 0.815858
134 0.556745 0.300788
135 0.284602 0.494622
136 0.843287 0.114480
137 0.036876 0.662325
138 0.724156 0.078587
139 0.573280 0.906799
140 0.905732 0.481365
141 0.874815 0.041576
142 0.347544 0.435033
143 0.254421 0.152758
144 0.109333 0.739906
145 0.230608 0.256541
146 0.590698 0.981953
147 0.440955 0.226238
148 0.982574 0.150042
149 0.546087 0.316588
150 0.392092 0.438335
151 0.023428 0.620848
152 0.922979 0.317516
153 0.634645 0.018387
154 0.464696 0.811563
155 0.877235 0.771661
156 0.703467 0.877965
157 0.302261 0.704201
158 0.225834 0.454947
159 0.572699 0.144251
160 0.875315 0.953127
161 0.124777 0.309460
162 0.063710 0.697924
163 0.640217 0.155727
164 0.447588 0.771120
165 0.232775 0.923998
166 0.286953 0.269982
167 0.957430 0.552580
168 0.193424 0.666864
169 0.770799 0.332921
170 0.740572 0.933225
171 0.265074 0.286614
172 0.589721 0.287538
173 0.361538 0.881054
174 0.693293 0.453752
175 0.392826 0.975206
176 0.458577 0.928194
177 0.783513 0.978728
178 0.409508 0.284447
179 0.112424 0.648553
180 0.829321 0.101227
181 0.814395 0.928602
182 0.563671 0.779917
183 0.287968 0.776097
184 0.403801 0.036901
185 0.950387 0.615260
186 0.708630 0.259375
187 0.042429 0.825025
188 0.768417 0.368952
189 0.084556 0.576446
190 0.346770 0.172687
191 0.266501 0.555816
192 0.264007 0.474082
193 0.976063 0.631076
194 0.334134 0.576684
195 0.830050 0.764667
196 0.607197 0.668551
197 0.062579 0.421484
198 0.175241 0.897381
199 0.617864 0.011950
200 0.102981 0.432198
201 0.847613 0.140768
202 0.153040 0.319771
203 0.635690 0.393744
204 0.327002 0.968066
205 0.933260 0.591792
206 0.288537 0.287319
207 0.713216 0.685481
208 0.036557 0.278221
209 0.001054 0.508827
210 0.305799 0.972326
211 0.768928 0.283835
212 0.890575 0.271525
213 0.077134 0.087566
214 0.067682 0.331358
215 0.178644 0.351450
216 0.344349 0.262517
217 0.618534 0.427875
218 0.262597 0.394627
219 0.891533 0.645130
220 0.376944 0.151964
221 0.668133 0.522992
222 0.928868 0.904561
223 0.494222 0.285745
224 0.433016 0.781896
225 0.624389 0.944516
226 0.675884 0.946160
227 0.555606 0.814327
228 0.790276 0.522404
229 0.154261 0.895636
230 0.789581 0.060368
231 0.855585 0.918170
232 0.469542 0.558224
233 0.337007 0.078851
234 0.220708 0.615297
235 0.657584 0.419663
236 0.925073 0.223807
237 0.637657 0.508555
238 0.418384 0.318940
239 0.789511 0.486973
240 0.246766 0.949279
241 0.987154 0.500120
242 0.878121 0.125330
243 0.085603 0.365698
244 0.804628 0.772777
245 0.570473 0.967280
246 0.214823 0.788356
247 0.931705 0.195925
248 0.306864 0.668316
249 0.198437 0.607554
250 0.185239 0.114317
251 0.234433 0.468370
252 0.697639 0.102041
253 0.616312 0.927394
254 0.893949 0.805875
255 0.876953 0.500648
256 0.967929 0.767656
257 0.467722 0.396065
258 0.381670 0.251881
259 0.640515 0.346894
260 0.245676 0.505041
261 0.812830 0.269928
262 0.194558 0.566388
263 0.341186 0.297839
264 0.415861 0.335868
265 0.025056 0.716652
266 0.457120 0.665170
267 0.991985 0.351181
268 0.109996 0.523459
269 0.615478 0.071586
270 0.585069 0.017068
271 0.728319 0.482752
272 0.502948 0.993849
273 0.771171 0.472056
274 0.712957 0.975754
275 0.769044 0.898163
276 0.187970 0.882590
277 0.800473 0.668073
278 0.012993 0.308008
279 0.027714 0.058466
280 0.511775 0.818297
281 0.967354 0.316788
282 0.089437 0.986927
283 0.459984 0.286376
284 0.114329 0.990653
285 0.254869 0.993255
286 0.683276 0.418255
287 0.208552 0.348102
288 0.275483 0.361845
289 0.367758 0.435957
290 0.844953 0.818136
291 0.057359 0.101001
292 0.618644 0.555415
293 0.131174 0.808102
294 0.705813 0.504771
295 0.000266 0.965934
296 0.606466 0.316278
297 0.726905 0.766722
298 0.549284 0.423589
299 0.549470 0.954817
300 0.518174 0.307916
301 0.883299 0.463140
302 0.960975 0.735798
303 0.578914 0.480559
304 0.299304 0.371413
305 0.341031 0.491482
306 0.403371 0.144916
307 0.511019 0.741323
308 0.199356 0.925114
309 0.030062 0.113774
310 0.774924 0.302027
311 0.226267 0.189494
312 0.054483 0.369351
313 0.231079 0.171845
314 0.771968 0.670670
315 0.922757 0.623001
316 0.269208 0.411897
317 0.394115 0.207257
318 0.654810 0.039776
319 0.381134 0.382436
320 0.926631 0.502617
321 0.303421 0.742983
322 0.416111 0.896358
323 0.538837 0.214415
324 0.345572 0.361872
325 0.846145 0.719058
326 0.306702 0.207327
327 0.675661 0.113088
328 0.716049 0.590785
329 0.423286 0.557760
330 0.111594 0.939543
331 0.630903 0.657905
332 0.404510 0.305960
333 0.455803 0.471701
334 0.233380 0.628414
335 0.360238 0.775337
336 0.801501 0.094576
337 0.726212 0.355790
338 0.481934 0.371350
339 0.102303 0.772990
340 0.554340 0.027746
341 0.314006 0.276781
342 0.455917 0.544333
343 0.155137 0.130045
344 0.906899 0.761672
345 0.052909 0.503157
346 0.843453 0.581269
347 0.475006 0.934711
348 0.120566 0.445235
349 0.273358 0.958575
350 0.397717 0.121161
351 0.123188 0.504967
352 0.140160 0.353075
353 0.871416 0.025502
354 0.319811 0.192950
355 0.846541 0.741635
356 0.974922 0.350309
357 0.342295 0.335952
358 0.093246 0.256681
359 0.138924 0.884217
360 0.515019 0.020114
361 0.919336 0.157161
362 0.319339 0.596089
363 0.894115 0.002074
364 0.500400 0.704959
365 0.798033 0.362983
366 0.233116 0.523316
367 0.620310 0.332149
368 0.460724 0.592152
369 0.751652 0.052349
370 0.388107 0.797353
371 0.078619 0.642265
372 0.582151 0.252159
373 0.680273 0.209881
374 0.618301 0.824962
375 0.180471 0.827241
376 0.573190 0.311010
377 0.683719 0.253209
378 0.062875 0.015966
379 0.329410 0.253596
380 0.515210 0.213004
381 0.237465 0.613166
382 0.551497 0.379416
383 0.705386 0.817917
384 0.719331 0.208900
385 0.860458 0.774636
386 0.177134 0.698582
387 0.004740 0.678398
388 0.455692 0.330717
389 0.274812 0.172571
390 0.540723 0.710730
391 0.598682 0.517610
392 0.306750 0.724974
393 0.116422 0.107838
394 0.439533 0.204980
395 0.292588 0.111665
396 0.908295 0.691675
397 0.761703 0.426326
398 0.143899 0.821766
399 0.547744 0.057554
400 0.839662 0.425120
401 0.163202 0.415025
402 0.269928 0.231413
403 0.993550 0.882468
404 0.939354 0.354740
405 0.437036 0.011613
406 0.507102 0.248798
407 0.520391 0.179510
408 0.924748 0.955719
409 0.402001 0.819047
410 0.336145 0.319507
411 0.767244 0.231638
412 0.697767 0.634803
413 0.299553 0.077223
414 0.027171 0.148411
415 0.616011 0.768621
416 0.260974 0.736305
417 0.732771 0.516291
418 0.693182 0.046155
419 0.884732 0.141568
420 0.736545 0.304507
421 0.361024 0.073105
422 0.497430 0.552274
423 0.495574 0.963888
424 0.869642 0.748381
425 0.455985 0.259552
426 0.455268 0.906067
427 0.849640 0.329407
428 0.655809 0.837368
429 0.612068 0.275036
430 0.079822 0.523381
431 0.147829 0.106601
432 0.092191 0.162966
433 0.603601 0.689201
434 0.122765 0.195575
435 0.980640 0.867445
436 0.090234 0.401132
437 0.390048 0.777001
438 0.161416 0.979738
439 0.419364 0.417063
440 0.556464 0.567951
441 0.992479 0.682072
442 0.052817 0.993391
443 0.358363 0.571096
444 0.346597 0.979751
445 0.002115 0.094560
446 0.809031 0.385861
447 0.231796 0.204174
448 0.431790 0.643333
449 0.187132 0.377146
450 0.201912 0.651622
451 0.146485 0.375895
452 0.893988 0.311697
453 0.208101 0.218887
454 0.011811 0.455815
455 0.870055 0.443331
456 0.538552 0.658441
457 0.828691 0.136119
458 0.080448 0.857578
459 0.215835 0.177087
460 0.927326 0.284688
461 0.119609 0.136767
462 0.004487 0.141969
463 0.659007 0.696866
464 0.654398 0.572669
465 0.769754 0.821424
466 0.530302 0.405495
467 0.958751 0.688943
468 0.026191 0.643091
469 0.980415 0.278039
470 0.293105 0.165113
471 0.674515 0.163118
472 0.384750 0.108656
473 0.079913 0.916806
474 0.401681 0.407078
475 0.017821 0.909685
476 0.722055 0.274394
477 0.213762 0.968807
478 0.496866 0.764642
479 0.518781 0.150559
480 0.261019 0.781548
481 0.629001 0.850079
482 0.416429 0.870885
483 0.349500 0.512975
484 0.651247 0.116964
485 0.163905 0.503365
486 0.009508 0.222900
487 0.907416 0.586030
488 0.361120 0.378599
489 0.672048 0.638359
490 0.122302 0.009119
491 0.445923 0.243221
492 0.791654 0.128079
493 0.622310 0.994410
494 0.208405 0.385999
495 0.172823 0.090764
496 0.019790 0.129052
497 0.443128 0.150539
498 0.324146 0.144980
499 0.361073 0.006146
500 0.040052 0.684007
501 0.277504 0.459294
502 0.953979 0.081590
503 0.424566 0.706579
504 0.654625 0.762641
505 0.951934 0.103291
506 0.922469 0.575076
507 0.111285 0.699635
508 0.477344 0.658540
509 0.152606 0.530182
510 0.975206 0.448355
511 0.464543 0.738045
512 0.804687 0.632480
513 0.554356 0.258833
514 0.514939 0.793124
515 0.187979 0.999757
516 0.572480 0.096736
517 0.121413 0.627438
518 0.065702 0.382205
519 0.867009 0.380914
520 0.555187 0.532242
521 0.920010 0.813547
522 0.353799 0.592331
523 0.532024 0.423222
524 0.345382 0.725050
525 0.180130 0.795784
526 0.594446 0.796546
527 0.497695 0.424295
528 0.748368 0.317213
529 0.363724 0.941539
530 0.893363 0.033055
531 0.212266 0.082832
532 0.701625 0.729632
533 0.643330 0.064251
534 0.103238 0.000307
535 0.083875 0.670124
536 0.304410 0.955826
537 0.387005 0.422327
538 0.977157 0.745264
539 0.242934 0.080854
540 0.245911 0.756133
541 0.030841 0.364091
542 0.994620 0.722518
543 0.002839 0.858052
544 0.902834 0.860806
545 0.154859 0.606557
546 0.479742 0.211278
547 0.751857 0.371183
548 0.808424 0.437344
549 0.054434 0.211494
550 0.213958 0.510648
551 0.387225 0.913259
552 0.744244 0.500684
553 0.407821 0.478028
554 0.495441 0.236846
555 0.999153 0.187308
556 0.874509 0.108452
557 0.824393 0.151388
558 0.121070 0.404233
559 0.277774 0.590494
560 0.667165 0.993709
561 0.836680 0.372883
562 0.358399 0.203526
563 0.374069 0.289232
564 0.280415 0.021182
565 0.064574 0.589151
566 0.829655 0.501051
567 0.069771 0.842523
568 0.853881 0.211453
569 0.703821 0.338993
570 0.415061 0.772041
571 0.940567 0.478102
572 0.927881 0.686896
573 0.390024 0.028069
574 0.962648 0.000369
575 0.662820 0.255123
576 0.726681 0.100614
577 0.693324 0.686742
578 0.009003 0.643549
579 0.325497 0.037850
580 0.231600 0.669264
581 0.528677 0.337469
582 0.446915 0.697530
583 0.794155 0.619007
584 0.624972 0.536644
585 0.570844 0.344112
586 0.940213 0.701980
587 0.074390 0.496609
588 0.288765 0.681321
589 0.156455 0.040114
590 0.646480 0.797244
591 0.829403 0.003495
592 0.693824 0.281504
593 0.518698 0.357470
594 0.225596 0.065542
595 0.102638 0.352848
596 0.487382 0.859799
597 0.742934 0.664908
598 0.602287 0.998614
599 0.851692 0.296930
600 0.600502 0.959772
601 0.109672 0.226168
602 0.212861 0.327881
603 0.358969 0.255813
604 0.718815 0.239923
605 0.621075 0.053773
606 0.546108 0.128612
607 0.477974 0.888225
608 0.480041 0.502913
609 0.350975 0.865915
610 0.566683 0.114347
611 0.061534 0.275143
612 0.770665 0.064245
613 0.594378 0.207306
614 0.881767 0.604751
615 0.656666 0.367025
616 0.757988 0.105050
617 0.899841 0.505521
618 0.089430 0.942411
619 0.381175 0.701905
620 0.746383 0.353409
621 0.812311 0.049733
622 0.516791 0.378921
623 0.297598 0.913255
624 0.148969 0.716458
625 0.232943 0.021501
626 0.909205 0.198609
627 0.016731 0.102324
628 0.269532 0.675213
629 0.421641 0.674820
630 0.584472 0.744819
631 0.854801 0.025094
632 0.721013 0.712951
633 0.324599 0.804332
634 0.049363 0.801947
635 0.565480 0.693360
636 0.033692 0.900318
637 0.683203 0.594361
638 0.101315 0.915036
639 0.897433 0.341850
640 0.522109 0.034301
641 0.477431 0.105817
642 0.004438 0.200409
643 0.913212 0.027152
644 0.500693 0.093282
645 0.054105 0.466707
646 0.382794 0.072729
647 0.778625 0.730499
648 0.889184 0.527363
649 0.500216 0.846014
650 0.920366 0.704424
651 0.497975 0.325372
652 0.519365 0.838548
653 0.809526 0.404480
654 0.285932 0.057042
655 0.956730 0.853510
656 0.929182 0.525579
657 0.071734 0.055651
658 0.015335 0.981093
659 0.324349 0.902155
660 0.450818 0.638817
661 0.971809 0.991487
662 0.202375 0.765210
663 0.148702 0.671478
664 0.281249 0.983819
665 0.020725 0.247432
666 0.776643 0.568161
667 0.900146 0.992771
668 0.157410 0.298437
669 0.412288 0.222903
670 0.405732 0.253253
671 0.781222 0.036938
672 0.789451 0.783208
673 0.919041 0.426281
674 0.956786 0.983603
675 0.295985 0.935865
676 0.984444 0.843254
677 0.649165 0.267267
678 0.401790 0.935945
679 0.513503 0.901457
680 0.697860 0.163486
681 0.171457 0.229147
682 0.686189 0.927182
683 0.570109 0.046015
684 0.896253 0.415467
685 0.733443 0.619946
686 0.747488 0.639462
687 0.260928 0.882781
688 0.638457 0.974416
689 0.091949 0.124364
690 0.642583 0.220342
691 0.147332 0.226649
692 0.470967 0.070932
693 0.135754 0.437126
694 0.201143 0.058612
695 0.735056 0.198431
696 0.585673 0.621940
697 0.055825 0.675868
698 0.611071 0.903602
699 0.881127 0.356899
700 0.614952 0.237750
701 0.786684 0.706053
702 0.326622 0.365636
703 0.430589 0.542946
704 0.992186 0.994212
705 0.642813 0.828385
706 0.681430 0.142651
707 0.046762 0.001603
708 0.881521 0.170771
709 0.438233 0.061746
710 0.697818 0.538709
711 0.014263 0.349379
712 0.709397 0.658335
713 0.805503 0.720224
714 0.929589 0.072997
715 0.329616 0.167998
716 0.276650 0.940920
717 0.720232 0.387638
718 0.918824 0.887717
719 0.794094 0.945631
720 0.028792 0.815286
721 0.617245 0.747249
722 0.077352 0.304382
723 0.182043 0.506311
724 0.404366 0.719803
725 0.073966 0.156740
726 0.198064 0.316083
727 0.724330 0.444669
728 0.472231 0.639233
729 0.457558 0.452750
730 0.745169 0.397599
731 0.833336 0.829256
732 0.184160 0.951315
733 0.721120 0.927657
734 0.224126 0.745401
735 0.130575 0.761321
736 0.302749 0.543608
737 0.777961 0.262186
738 0.614993 0.509082
739 0.452271 0.081490
740 0.122343 0.468270
741 0.353055 0.826070
742 0.877717 0.314798
743 0.629641 0.262080
744 0.513826 0.882207
745 0.226772 0.772325
746 0.356026 0.033339
747 0.887102 0.584969
748 0.784050 0.437672
749 0.571154 0.532036
750 0.192648 0.709545
751 0.764943 0.969177
752 0.121825 0.870344
753 0.589293 0.695645
754 0.557905 0.492127
755 0.762848 0.604627
756 0.938950 0.626963
757 0.731811 0.793961
758 0.059717 0.312478
759 0.982744 0.032926
760 0.856123 0.190224
761 0.952559 0.883610
762 0.264202 0.859770
763 0.328662 0.521524
764 0.746761 0.080661
765 0.651558 0.488154
766 0.168799 0.430466
767 0.966743 0.372068
768 0.521800 0.587824
769 0.837768 0.247688
770 0.606781 0.883796
771 0.825441 0.023321
772 0.361388 0.356965
773 0.202754 0.732158
774 0.299515 0.031729
775 0.082181 0.419271
776 0.965026 0.806933
777 0.140317 0.624841
778 0.385479 0.828719
779 0.644050 0.089216
780 0.978615 0.524705
781 0.610969 0.580864
782 0.932257 0.665694
783 0.776480 0.141816
784 0.161151 0.946432
785 0.156559 0.855910
786 0.500733 0.623205
787 0.421501 0.045990
788 0.910629 0.458355
789 0.099470 0.793636
790 0.552778 0.339407
791 0.306319 0.791427
792 0.303258 0.306687
793 0.674585 0.019751
794 0.983039 0.225608
795 0.214758 0.919468
796 0.856317 0.415976
797 0.600960 0.652853
798 0.738848 0.749361
799 0.264245 0.430366
800 0.268132 0.500230
801 0.126275 0.785384
802 0.041152 0.186494
803 0.161591 0.799577
804 0.056087 0.567769
805 0.715404 0.621406
806 0.412527 0.794314
807 0.500637 0.054869
808 0.270439 0.817778
809 0.183698 0.682417
810 0.669928 0.927995
811 0.908298 0.928126
812 0.005458 0.015246
813 0.065524 0.930124
814 0.967969 0.933564
815 0.170939 0.272006
816 0.719900 0.545483
817 0.052415 0.967365
818 0.558284 0.009593
819 0.542324 0.794728
820 0.165045 0.773347
821 0.221599 0.651479
822 0.588393 0.431258
823 0.961850 0.715645
824 0.239506 0.371986
825 0.474133 0.975360
826 0.670132 0.060598
827 0.992708 0.288558
828 0.866643 0.727210
829 0.589699 0.833388
830 0.097125 0.814608
831 0.179199 0.013938
832 0.665564 0.338117
833 0.549624 0.464778
834 0.761103 0.183704
835 0.869341 0.246098
836 0.414100 0.751189
837 0.031395 0.330730
838 0.491609 0.725465
839 0.996285 0.020322
840 0.434751 0.302528
841 0.005760 0.267839
842 0.234327 0.711767
843 0.381461 0.952731
844 0.181685 0.980567
845 0.318145 0.692048
846 0.277651 0.211693
847 0.161422 0.362007
848 0.633634 0.370700
849 0.986359 0.062639
850 0.488796 0.982976
851 0.692013 0.996198
852 0.673983 0.900833
853 0.935319 0.016383
854 0.014924 0.570980
855 0.526682 0.473836
856 0.536681 0.677684
857 0.997031 0.575746
858 0.825636 0.883940
859 0.624300 0.290113
860 0.188676 0.081363
861 0.326450 0.497278
862 0.477409 0.270181
863 0.300040 0.456581
864 0.031302 0.577804
865 0.193931 0.845910
866 0.786578 0.877257
867 0.506090 0.484062
868 0.252825 0.459740
869 0.270084 0.064564
870 0.245147 0.408250
871 0.920553 0.844390
872 0.566116 0.856234
873 0.448140 0.347541
874 0.231080 0.566489
875 0.021679 0.597730
876 0.754520 0.828593
877 0.701046 0.419714
878 0.710206 0.031906
879 0.201259 0.828314
880 0.669731 0.861286
881 0.034965 0.608035
882 0.717401 0.949185
883 0.604268 0.437222
884 0.500809 0.407320
885 0.985329 0.251833
886 0.231149 0.400556
887 0.529851 0.826151
888 0.605753 0.623034
889 0.277952 0.646829
890 0.869207 0.616017
891 0.580466 0.402049
892 0.006284 0.744252
893 0.907440 0.109220
894 0.736805 0.167839
895 0.742321 0.116677
896 0.681759 0.561298
897 0.031927 0.954999
898 0.142595 0.575456
899 0.126912 0.041651
900 0.018387 0.788178
901 0.421881 0.591191
902 0.211824 0.808065
903 0.817061 0.526367
904 0.174270 0.194662
905 0.084602 0.733194
906 0.282854 0.313574
907 0.768809 0.009606
908 0.594665 0.004299
909 0.785077 0.997592
910 0.475596 0.299968
911 0.781708 0.353229
912 0.886617 0.380275
913 0.840294 0.312538
914 0.970648 0.913860
915 0.933362 0.932145
916 0.530688 0.492027
917 0.342667 0.849340
918 0.362141 0.554511
919 0.013179 0.927064
920 0.683290 0.784493
921 0.693575 0.744322
922 0.944048 0.575006
923 0.513591 0.967319
924 0.589464 0.236976
925 0.883872 0.229106
926 0.084549 0.323841
927 0.356469 0.965032
928 0.099519 0.551431
929 0.957599 0.295861
930 0.600225 0.491902
931 0.721085 0.371330
932 0.141230 0.935764
933 0.634015 0.783901
934 0.247150 0.870018
935 0.831181 0.641900
936 0.045342 0.234181
937 0.986488 0.945165
938 0.478662 0.172991
939 0.617152 0.600361
940 0.039453 0.420631
941 0.695013 0.128722
942 0.418797 0.436045
943 0.602773 0.860675
944 0.313743 0.648939
945 0.592704 0.054420
946 0.141135 0.186922
947 0.235943 0.047212
948 0.433381 0.809946
949 0.387177 0.653555
950 0.980315 0.406155
951 0.639650 0.249097
952 0.505540 0.140094
953 0.372521 0.133257
954 0.916844 0.640454
955 0.810215 0.874844
956 0.000844 0.162118
957 0.529323 0.695960
958 0.998762 0.235763
959 0.478466 0.156854
960 0.973811 0.188211
961 0.443818 0.919393
962 0.837974 0.899018
963 0.490898 0.123962
964 0.699664 0.470719
965 0.443195 0.518580
966 0.499398 0.358507
967 0.998418 0.542975
968 0.283595 0.248940
969 0.864586 0.460224
970 0.512217 0.002149
971 0.948435 0.428076
972 0.462809 0.015956
973 0.232071 0.108718
974 0.577686 0.126400
975 0.056668 0.627642
976 0.148579 0.640898
977 0.561962 0.757748
978 0.190806 0.262860
979 0.603763 0.332205
980 0.835237 0.040599
981 0.608944 0.117657
982 0.219687 0.580592
983 0.315795 0.159185
984 0.237075 0.585631
985 0.443387 0.977918
986 0.875831 0.987863
987 0.613646 0.729102
988 0.318694 0.544364
989 0.683110 0.839939
990 0.250596 0.358905
991 0.471954 0.194043
992 0.789704 0.110744
993 0.966619 0.146695
994 0.948920 0.828695
995 0.542518 0.015331
996 0.100405 0.371784
997 0.048624 0.440556
998 0.326361 0.347276
999 0.021979 0.196993
1000 0.413498 0.392695
1001 0.732545 0.888395
1002 0.171067 0.168067
1003 0.165737 0.630442
1004 0.522713 0.449523
1005 0.673118 0.381241
1006 0.728311 0.638794
1007 0.237674 0.793766
1008 0.204691 0.857827
1009 0.957531 0.049002
1010 0.208440 0.026016
1011 0.236536 0.309843
1012 0.136137 0.703506
1013 0.013572 0.953277
1014 0.830342 0.357893
1015 0.056727 0.767289
1016 0.586555 0.505167
1017 0.081385 0.712978
1018 0.977502 0.710076
1019 0.746116 0.844926
1020 0.306761 0.494211
1021 0.021963 0.472673
1022 0.350009 0.127526
1023 0.560164 0.841754
1024 0.875639 0.836497
1025 0.040039 0.098979
1026 0.563269 0.396484
1027 0.485597 0.536860
1028 0.426653 0.477358
1029 0.325132 0.563645
1030 0.344410 0.638059
1031 0.071343 0.072736
1032 0.154225 0.079688
1033 0.349755 0.744789
1034 0.078901 0.244837
1035 0.128184 0.165941
1036 0.336737 0.683094
1037 0.230334 0.283192
1038 0.236890 0.005522
1039 0.126142 0.273453
1040 0.734539 0.462193
1041 0.489456 0.677016
1042 0.423414 0.608098
1043 0.766571 0.211445
1044 0.943002 0.175204
1045 0.777768 0.610915
1046 0.797666 0.508321
1047 0.945003 0.905273
1048 0.744338 0.258243
1049 0.807498 0.150811
1050 0.641917 0.434884
1051 0.111081 0.330013
1052 0.991387 0.481942
1053 0.734258 0.858816
1054 0.044829 0.555844
1055 0.845893 0.951362
1056 0.673309 0.236172
1057 0.585683 0.937185
1058 0.157170 0.241648
1059 0.855905 0.550044
1060 0.457196 0.436005
1061 0.383001 0.314535
1062 0.991314 0.640856
1063 0.774331 0.086312
1064 0.988478 0.321883
1065 0.821938 0.233255
1066 0.814705 0.907881
1067 0.806224 0.455047
1068 0.262893 0.116532
1069 0.615497 0.182192
1070 0.977585 0.556210
1071 0.318166 0.011431
1072 0.703225 0.148212
1073 0.373821 0.679984
1074 0.597763 0.184576
1075 0.763271 0.695586
1076 0.153392 0.157218
1077 0.975387 0.976152
1078 0.482992 0.008629
1079 0.333396 0.463885
1080 0.531825 0.550419
1081 0.649799 0.909086
1082 0.930575 0.386787
1083 0.124402 0.542960
1084 0.788497 0.551195
1085 0.267136 0.326992
1086 0.624297 0.868892
1087 0.024916 0.032183
1088 0.790767 0.761639
1089 0.122631 0.970966
1090 0.661201 0.206523
1091 0.466267 0.858675
1092 0.553379 0.149772
1093 0.361649 0.165739
1094 0.722068 0.426991
1095 0.806298 0.551419
1096 0.314815 0.768487
1097 0.199129 0.418011
1098 0.565808 0.889577
1099 0.450061 0.753737
1100 0.552583 0.933276
1101 0.966111 0.652167
1102 0.535344 0.114036
1103 0.397599 0.189623
1104 0.290077 0.189168
1105 0.667212 0.581692
1106 0.166198 0.732116
1107 0.901133 0.835944
1108 0.730622 0.410502
1109 0.652330 0.142672
1110 0.759751 0.151401
1111 0.386882 0.878607
1112 0.787383 0.381049
1113 0.483553 0.397038
1114 0.046828 0.159130
1115 0.141385 0.415594
1116 0.444696 0.843022
1117 0.435057 0.429015
1118 0.446263 0.892977
1119 0.856080 0.075965
1120 0.555866 0.512384
1121 0.805121 0.194525
1122 0.716250 0.754910
1123 0.837545 0.173821
1124 0.677249 0.962684
1125 0.153808 0.439905
1126 0.397671 0.328042
1127 0.576575 0.644140
1128 0.248785 0.896525
1129 0.951005 0.763055
1130 0.622716 0.403607
1131 0.400497 0.683301
1132 0.994902 0.610876
1133 0.410933 0.652335
1134 0.180390 0.597305
1135 0.092508 0.877023
1136 0.883043 0.794086
1137 0.626886 0.470206
1138 0.039927 0.711500
1139 0.780334 0.629935
1140 0.754994 0.991434
1141 0.282457 0.609027
1142 0.640310 0.002053
1143 0.950089 0.337748
1144 0.129862 0.522634
1145 0.100729 0.470800
1146 0.176407 0.314655
1147 0.601042 0.553977
1148 0.541233 0.242041
1149 0.629175 0.039164
1150 0.953900 0.254479
1151 0.899854 0.730213
1152 0.063437 0.731791
1153 0.530581 0.519826
1154 0.024612 0.409370
1155 0.376603 0.810372
1156 0.700692 0.522170
1157 0.554479 0.176858
1158 0.045340 0.032746
1159 0.447626 0.273825
1160 0.591300 0.714298
1161 0.838390 0.668434
1162 0.408153 0.549780
1163 0.641991 0.330394
1164 0.821624 0.990362
1165 0.788185 0.284691
1166 0.920392 0.349987
1167 0.463917 0.837352
1168 0.445305 0.939646
1169 0.940680 0.231400
1170 0.104013 0.854118
1171 0.611303 0.793789
1172 0.687287 0.648274
1173 0.278899 0.388936
1174 0.502097 0.930332
1175 0.063956 0.259623
1176 0.493191 0.908419
1177 0.771268 0.792571
1178 0.804451 0.289817
1179 0.726059 0.117868
1180 0.800546 0.245183
1181 0.540984 0.911154
1182 0.439787 0.368640
1183 0.765100 0.717689
1184 0.025601 0.742551
1185 0.120127 0.677184
1186 0.930544 0.825888
1187 0.308527 0.324118
1188 0.565280 0.720427
1189 0.246946 0.259564
1190 0.895378 0.669228
1191 0.956662 0.668369
1192 0.045685 0.745561
1193 0.023991 0.834736
1194 0.308896 0.060529
1195 0.650418 0.553627
1196 0.806344 0.115855
1197 0.746611 0.586711
1198 0.486283 0.693994
1199 0.272838 0.893915
1200 0.065570 0.751008
1201 0.714567 0.890768
1202 0.094652 0.630866
1203 0.710416 0.008401
1204 0.735875 0.328992
1205 0.651952 0.738105
1206 0.660435 0.778057
1207 0.703198 0.399286
1208 0.057992 0.909641
1209 0.222113 0.840354
1210 0.798730 0.842837
1211 0.252841 0.018276
1212 0.509157 0.533935
1213 0.202254 0.435341
1214 0.584728 0.351782
1215 0.105074 0.052423
1216 0.891713 0.946946
1217 0.080608 0.281994
1218 0.268135 0.632620
1219 0.260072 0.833029
1220 0.199640 0.958371
1221 0.066077 0.178982
1222 0.734238 0.810077
1223 0.450473 0.034839
1224 0.371066 0.338490
1225 0.639571 0.951600
1226 0.877661 0.968780
1227 0.434970 0.123985
1228 0.234861 0.689600
1229 0.329810 0.741892
1230 0.985067 0.169431
1231 0.137398 0.212053
1232 0.548112 0.103127
1233 0.617028 0.206428
1234 0.532290 0.865696
1235 0.890413 0.757203
1236 0.426918 0.236504
1237 0.090690 0.483437
1238 0.730018 0.153508
1239 0.652056 0.936621
1240 0.208257 0.366541
1241 0.546298 0.993725
1242 0.665709 0.462391
1243 0.165843 0.674802
1244 0.895941 0.901761
1245 0.051084 0.611450
1246 0.905605 0.364359
1247 0.144650 0.060094
1248 0.882335 0.924975
1249 0.255578 0.340702
1250 0.285706 0.126685
1251 0.574340 0.228167
1252 0.759187 0.885005
1253 0.368266 0.725132
1254 0.002601 0.596495
1255 0.580813 0.073358
1256 0.608177 0.471387
1257 0.147575 0.758614
1258 0.559011 0.193197
1259 0.162945 0.477507
1260 0.452007 0.720414
1261 0.888244 0.703529
1262 0.925293 0.090003
1263 0.808874 0.347664
1264 0.324837 0.862671
1265 0.437964 0.097845
1266 0.950547 0.955728
1267 0.820643 0.713423
1268 0.732697 0.966067
1269 0.261808 0.756802
1270 0.629876 0.492316
1271 0.834017 0.800399
1272 0.763241 0.549616
1273 0.303559 0.527631
1274 0.779968 0.243645
1275 0.704679 0.706694
1276 0.974424 0.114862
1277 0.452373 0.191691
1278 0.754849 0.676108
1279 0.052443 0.140208
1280 0.909640 0.046630
1281 0.568543 0.557242
1282 0.252531 0.667261
1283 0.216469 0.274210
1284 0.740202 0.425095
1285 0.071553 0.886763
1286 0.418822 0.019000
1287 0.331083 0.789523
1288 0.171124 0.457337
1289 0.813206 0.209661
1290 0.856113 0.885329
1291 0.658250 0.078772
1292 0.986034 0.765742
1293 0.688767 0.500760
1294 0.312960 0.510401
1295 0.651355 0.182097
1296 0.982755 0.096485
1297 0.460705 0.529335
1298 0.824024 0.787239
1299 0.188786 0.164259
1300 0.651066 0.522646
1301 0.386962 0.366929
1302 0.762443 0.257818
1303 0.749621 0.280213
1304 0.002630 0.878086
1305 0.989909 0.134666
1306 0.050046 0.342778
1307 0.963052 0.899332
1308 0.419388 0.089822
1309 0.877037 0.557401
1310 0.189143 0.218147
1311 0.090847 0.449967
1312 0.736823 0.730753
1313 0.359407 0.643654
1314 0.634478 0.767223
1315 0.135278 0.296594
1316 0.403449 0.634696
1317 0.337205 0.665638
1318 0.309868 0.473043
1319 0.527406 0.617874
1320 0.700482 0.793500
1321 0.484810 0.562641
1322 0.976773 0.390196
1323 0.758468 0.862531
1324 0.497152 0.805440
1325 0.523909 0.255053
1326 0.819677 0.424091
1327 0.389496 0.472177
1328 0.151545 0.401788
1329 0.640039 0.893497
1330 0.776494 0.588522
1331 0.779122 0.807633
1332 0.832112 0.475574
1333 0.113476 0.823698
1334 0.418786 0.504428
1335 0.380934 0.011366
1336 0.080775 0.614318
1337 0.567381 0.796945
1338 0.363757 0.321367
1339 0.571657 0.210799
1340 0.126539 0.611341
1341 0.822126 0.856663
1342 0.833667 0.600778
1343 0.642915 0.636721
1344 0.339034 0.956549
1345 0.737172 0.705719
1346 0.780080 0.175182
1347 0.470380 0.791783
1348 0.392040 0.748062
1349 0.445777 0.582472
1350 0.384279 0.530286
1351 0.192638 0.549784
1352 0.606394 0.814728
1353 0.232217 0.144416
1354 0.531061 0.778209
1355 0.848592 0.619377
1356 0.957503 0.124536
1357 0.836538 0.932520
1358 0.305789 0.129742
1359 0.941659 0.444270
1360 0.476059 0.037447
1361 0.788826 0.398945
1362 0.058712 0.402140
1363 0.973391 0.602610
1364 0.339280 0.380136
1365 0.759117 0.936823
1366 0.430545 0.990224
1367 0.274466 0.845175
1368 0.246395 0.914188
1369 0.801275 0.318897
1370 0.033158 0.443811
1371 0.010801 0.369594
1372 0.178144 0.753050
1373 0.560298 0.633068
1374 0.909445 0.657017
1375 0.865101 0.091011
1376 0.479044 0.351131
1377 0.818029 0.333637
1378 0.162992 0.963785
1379 0.008117 0.330812
1380 0.547361 0.283842
1381 0.434110 0.722593
1382 0.389505 0.626756
1383 0.459556 0.059439
1384 0.411804 0.353787
1385 0.283332 0.094108
1386 0.340744 0.193842
1387 0.215364 0.400740
1388 0.341307 0.926033
1389 0.986808 0.812671
1390 0.640337 0.751960
1391 0.624548 0.444756
1392 0.820494 0.947691
1393 0.230294 0.979168
1394 0.947879 0.214817
1395 0.220513 0.154914
1396 0.793854 0.222769
1397 0.159690 0.022323
1398 0.814247 0.366435
1399 0.400385 0.452596
1400 0.028676 0.759051
1401 0.011388 0.394306
1402 0.869724 0.277486
1403 0.016991 0.552728
1404 0.528798 0.990048
1405 0.421463 0.936794
1406 0.065556 0.658751
1407 0.957676 0.585217
1408 0.062308 0.543226
1409 0.314391 0.928343
1410 0.825408 0.118811
1411 0.826865 0.406905
1412 0.907261 0.286167
1413 0.196129 0.238786
1414 0.371196 0.464955
1415 0.886491 0.066984
1416 0.045033 0.301183
1417 0.763115 0.400836
1418 0.039252 0.459588
1419 0.383043 0.513448
1420 0.651723 0.873060
1421 0.948737 0.924140
1422 0.919507 0.124249
1423 0.916540 0.978231
1424 0.341543 0.055525
1425 0.404434 0.846121
1426 0.044059 0.126131
1427 0.370024 0.486979
1428 0.424768 0.958604
1429 0.832667 0.083293
1430 0.631600 0.590933
1431 0.500833 0.947973
1432 0.797667 0.821346
1433 0.828364 0.682077
1434 0.769192 0.767531
1435 0.820001 0.173356
1436 0.847780 0.059104
1437 0.415558 0.915723
1438 0.451174 0.313446
1439 0.171803 0.569047
1440 0.996896 0.832367
1441 0.137839 0.863889
1442 0.448428 0.866185
1443 0.939747 0.870577
1444 0.878532 0.415381
1445 0.978757 0.828200
1446 0.256574 0.575577
1447 0.534223 0.366696
1448 0.386680 0.236998
1449 0.417889 0.187355
1450 0.559707 0.439215
1451 0.947770 0.783827
1452 0.673706 0.288404
1453 0.995714 0.307621
1454 0.084248 0.340274
1455 0.254552 0.214425
1456 0.028925 0.173761
1457 0.012657 0.178518
1458 0.405994 0.523982
1459 0.855734 0.262733
1460 0.248097 0.240757
1461 0.477545 0.750393
1462 0.108755 0.490639
1463 0.679012 0.738484
1464 0.224209 0.415394
1465 0.220804 0.726455
1466 0.045247 0.727564
1467 0.713006 0.055177
1468 0.003936 0.290431
1469 0.389661 0.057658
1470 0.723560 0.561274
1471 0.264458 0.264107
1472 0.002955 0.470177
1473 0.496507 0.307644
1474 0.551160 0.083954
1475 0.337799 0.279512
1476 0.168238 0.066591
1477 0.862862 0.132959
1478 0.999162 0.849740
1479 0.085661 0.178681
1480 0.917283 0.173731
1481 0.383068 0.170796
1482 0.078124 0.817350
1483 0.464655 0.497737
1484 0.959024 0.488763
1485 0.816034 0.616293
1486 0.678142 0.616402
1487 0.291962 0.868837
1488 0.103552 0.716631
1489 0.335223 0.543754
1490 0.515961 0.721640
1491 0.881028 0.866806
1492 0.630691 0.118757
1493 0.461235 0.948416
1494 0.813190 0.818758
1495 0.148575 0.590750
1496 0.160393 0.214186
1497 0.313683 0.996217
1498 0.705289 0.834139
1499 0.292664 0.632350
1500 0.192480 0.184290
1501 0.894563 0.445772
1502 0.824926 0.546694
1503 0.658277 0.976972
1504 0.956746 0.184336
1505 0.555179 0.221909
1506 0.925109 0.862671
1507 0.199419 0.630335
1508 0.188892 0.450592
1509 0.161746 0.999933
1510 0.316552 0.425763
1511 0.346713 0.807597
1512 0.935113 0.419259
1513 0.616395 0.368776
1514 0.680241 0.095221
1515 0.063210 0.525562
1516 0.337719 0.764822
1517 0.324035 0.623136
1518 0.873118 0.646918
1519 0.846965 0.495883
1520 0.676371 0.806737
1521 0.177717 0.653472
1522 0.469606 0.676947
1523 0.673733 0.708965
1524 0.328320 0.097446
1525 0.657262 0.312325
1526 0.082609 0.468650
1527 0.832503 0.974111
1528 0.299198 0.887240
1529 0.512683 0.231703
1530 0.070151 0.351964
1531 0.913355 0.607337
1532 0.136886 0.742584
1533 0.455916 0.218808
1534 0.804227 0.176624
1535 0.976238 0.293193
1536 0.277495 0.714841
1537 0.177665 0.926810
1538 0.354194 0.454727
1539 0.117647 0.254171
1540 0.124632 0.387552
1541 0.381565 0.560167
1542 0.663716 0.624739
1543 0.098386 0.756306
1544 0.629564 0.809195
1545 0.865510 0.902741
1546 0.279843 0.513826
1547 0.336017 0.607714
1548 0.408343 0.160887
1549 0.005773 0.726019
1550 0.474959 0.522401
1551 0.351737 0.097543
1552 0.959568 0.200241
1553 0.115335 0.154599
1554 0.099823 0.020112
1555 0.189866 0.283535
1556 0.096129 0.899056
1557 0.930896 0.139351
1558 0.582257 0.329878
1559 0.460409 0.380700
1560 0.596000 0.373764
1561 0.487772 0.788921
1562 0.159737 0.747971
1563 0.613662 0.845934
1564 0.208200 0.944896
1565 0.411801 0.112025
1566 0.863207 0.344976
1567 0.941172 0.552428
1568 0.759223 0.659672
1569 0.502413 0.160001
1570 0.058656 0.872681
1571 0.716333 0.465851
1572 0.869532 0.065397
1573 0.400408 0.077140
1574 0.216094 0.109862
1575 0.390920 0.991279
1576 0.625597 0.960678
1577 0.825848 0.194810
1578 0.960282 0.531792
1579 0.630467 0.609109
1580 0.406483 0.703058
1581 0.478719 0.916997
1582 0.515725 0.681250
1583 0.177741 0.035760
1584 0.143070 0.984449
1585 0.219005 0.435674
1586 0.772467 0.532433
1587 0.374386 0.972111
1588 0.977083 0.468035
1589 0.757330 0.442952
1590 0.362938 0.925589
1591 0.208814 0.898713
1592 0.291238 0.797535
1593 0.039576 0.261380
1594 0.391065 0.348746
1595 0.901013 0.215489
1596 0.702937 0.440440
1597 0.523192 0.196408
1598 0.286364 0.660057
1599 0.072392 0.214747
1600 0.538020 0.035138
1601 0.479537 0.238811
1602 0.564353 0.415163
1603 0.671846 0.684392
1604 0.792136 0.652671
1605 0.172719 0.546627
1606 0.349048 0.399490
1607 0.723233 0.339608
1608 0.320924 0.307291
1609 0.001088 0.783167
1610 0.515999 0.558947
1611 0.429782 0.623707
1612 0.519878 0.107915
1613 0.856327 0.043290
1614 0.092324 0.079827
1615 0.387769 0.267200
1616 0.799058 0.972061
1617 0.479915 0.601103
1618 0.599233 0.263194
1619 0.718757 0.528454
1620 0.102279 0.609876
1621 0.697678 0.222518
1622 0.806693 0.694974
1623 0.685356 0.076143
1624 0.038263 0.631783
1625 0.524698 0.955014
1626 0.616628 0.650597
1627 0.940370 0.990394
1628 0.681356 0.475636
1629 0.905118 0.069852
1630 0.755785 0.915577
1631 0.665472 0.597920
1632 0.363508 0.117231
1633 0.902149 0.630944
1634 0.432104 0.456362
1635 0.077184 0.975771
1636 0.039328 0.381619
1637 0.190003 0.142080
1638 0.462243 0.874195
1639 0.518119 0.058113
1640 0.834379 0.223112
1641 0.063386 0.789179
1642 0.218499 0.470122
1643 0.228266 0.941953
1644 0.141986 0.686120
1645 0.937171 0.324314
1646 0.308570 0.356100
1647 0.233863 0.349950
1648 0.741746 0.023989
1649 0.427551 0.884397
1650 0.737634 0.219836
1651 0.403341 0.007684
1652 0.711623 0.322082
1653 0.090944 0.499423
1654 0.879335 0.632096
1655 0.173207 0.141816
1656 0.173330 0.847202
1657 0.133371 0.650190
1658 0.138879 0.000857
1659 0.773926 0.951505
1660 0.159378 0.827807
1661 0.964014 0.787229
1662 0.307372 0.246463
1663 0.170015 0.394949
1664 0.630522 0.910189
1665 0.440372 0.410649
1666 0.206681 0.452645
1667 0.861020 0.505315
1668 0.242408 0.824216
1669 0.978520 0.780688
1670 0.494935 0.075608
1671 0.024504 0.230482
1672 0.036020 0.975358
1673 0.205380 0.125536
1674 0.220380 0.133627
1675 0.257037 0.170372
1676 0.771030 0.841702
1677 0.263147 0.044596
1678 0.673537 0.436244
1679 0.157600 0.875676
1680 0.791243 0.337242
1681 0.284700 0.734790
1682 0.471912 0.579330
1683 0.515692 0.276383
1684 0.932554 0.106382
1685 0.425583 0.153629
1686 0.333195 0.699169
1687 0.756158 0.032864
1688 0.686763 0.182991
1689 0.692489 0.969953
1690 0.374441 0.989088
1691 0.330817 0.233927
1692 0.706634 0.934862
1693 0.573869 0.287929
1694 0.386130 0.402387
1695 0.695976 0.859182
1696 0.955782 0.356755
1697 0.369065 0.022135
1698 0.137397 0.029128
1699 0.138608 0.125014
1700 0.962579 0.567385
1701 0.081002 0.760292
1702 0.027720 0.522473
1703 0.124878 0.340363
1704 0.247281 0.426493
1705 0.799757 0.419859
1706 0.724367 0.001032
1707 0.562824 0.655465
1708 0.226267 0.996366
1709 0.233926 0.325825
1710 0.324735 0.288937
1711 0.332511 0.217119
1712 0.727704 0.036950
1713 0.500867 0.206213
1714 0.591790 0.391067
1715 0.991446 0.456319
1716 0.338901 0.111188
1717 0.197616 0.586027
1718 0.023317 0.697921
1719 0.270344 0.130512
1720 0.144579 0.275847
1721 0.165528 0.342044
1722 0.855025 0.800608
1723 0.519243 0.940117
1724 0.037774 0.017604
1725 0.410064 0.205988
1726 0.852490 0.841563
1727 0.704880 0.071755
1728 0.741375 0.444991
1729 0.335282 0.881946
1730 0.712515 0.290137
1731 0.515882 0.511452
1732 0.991589 0.429559
1733 0.257366 0.094632
1734 0.720489 0.192004
1735 0.580752 0.782187
1736 0.400447 0.099840
1737 0.251721 0.624329
1738 0.588274 0.665715
1739 0.152484 0.554255
1740 0.134985 0.147287
1741 0.780365 0.317920
1742 0.353592 0.480702
1743 0.775275 0.931423
1744 0.517325 0.769861
1745 0.336583 0.410535
1746 0.999112 0.413024
1747 0.798480 0.743363
1748 0.648808 0.999791
1749 0.538254 0.261366
1750 0.095262 0.294113
1751 0.266443 0.194711
1752 0.700308 0.586828
1753 0.824310 0.316878
1754 0.853123 0.364152
1755 0.851240 0.682699
1756 0.865170 0.150953
1757 0.942917 0.535096
1758 0.761024 0.503661
1759 0.801204 0.072576
1760 0.705856 0.365464
1761 0.865802 0.222568
1762 0.725845 0.018418
1763 0.394780 0.500406
1764 0.429544 0.851087
1765 0.176435 0.330464
1766 0.838779 0.271072
1767 0.982866 0.694870
1768 0.452867 0.106790
1769 0.586921 0.545777
1770 0.594760 0.605475
1771 0.846082 0.156355
1772 0.863342 0.857938
1773 0.434549 0.174269
1774 0.327950 0.843728
1775 0.911090 0.237187
1776 0.005829 0.994185
1777 0.485988 0.817258
1778 0.551942 0.362486
1779 0.812133 0.483965
1780 0.595909 0.761138
1781 0.001849 0.121383
1782 0.228730 0.901363
1783 0.285733 0.537361
1784 0.996538 0.970247
1785 0.732352 0.596267
1786 0.650239 0.662472
1787 0.866573 0.701088
1788 0.034453 0.781921
1789 0.692953 0.198274
1790 0.757493 0.782651
1791 0.659768 0.395975
1792 0.632354 0.075817
1793 0.121096 0.560575
1794 0.219022 0.051075
1795 0.570769 0.264668
1796 0.818200 0.465973
1797 0.888894 0.017029
1798 0.001321 0.248320
1799 0.250724 0.930771
1800 0.568374 0.995025
1801 0.257189 0.686731
1802 0.475097 0.442292
1803 0.379491 0.589289
1804 0.729353 0.679428
1805 0.897787 0.971517
1806 0.213096 0.299045
1807 0.773187 0.648008
1808 0.843811 0.457986
1809 0.517928 0.633612
1810 0.304553 0.094003
1811 0.381855 0.089399
1812 0.904526 0.521891
1813 0.929449 0.787445
1814 0.965634 0.873808
1815 0.219659 0.697181
1816 0.136040 0.246265
1817 0.090445 0.654723
1818 0.184255 0.466132
1819 0.229336 0.814868
1820 0.717955 0.859499
1821 0.046962 0.585594
1822 0.776807 0.686854
1823 0.347034 0.893236
1824 0.792630 0.591260
1825 0.621524 0.167534
1826 0.198366 0.981777
1827 0.942439 0.652979
1828 0.594173 0.162322
1829 0.728480 0.655382
1830 0.804266 0.889986
1831 0.258611 0.974780
1832 0.511461 0.079023
1833 0.198849 0.401100
1834 0.367074 0.526516
1835 0.816209 0.664122
1836 0.942539 0.370097
1837 0.737026 0.910220
1838 0.706297 0.566006
1839 0.887209 0.397917
1840 0.215376 0.252919
1841 0.893318 0.156414
1842 0.690240 0.328172
1843 0.485412 0.454695
1844 0.691152 0.897124
1845 0.347504 0.236589
1846 0.410668 0.980367
1847 0.263861 0.917949
1848 0.405215 0.579732
1849 0.591937 0.874950
1850 0.208938 0.200022
1851 0.608388 0.031232
1852 0.921143 0.551084
1853 0.966315 0.425144
1854 0.708813 0.115094
1855 0.081324 0.539576
1856 0.246465 0.127914
1857 0.397960 0.896533
1858 0.778339 0.416956
1859 0.728177 0.289136
1860 0.490220 0.028757
1861 0.856129 0.659322
1862 0.504655 0.665515
1863 0.522429 0.659746
1864 0.453093 0.166979
1865 0.537949 0.942390
1866 0.514182 0.432408
1867 0.668593 0.825272
1868 0.642402 0.283875
1869 0.411652 0.997900
1870 0.002950 0.840697
1871 0.309758 0.410617
1872 0.585244 0.039886
1873 0.375756 0.891092
1874 0.441310 0.598883
1875 0.823103 0.741835
1876 0.970420 0.212128
1877 0.591233 0.589409
1878 0.308656 0.631684
1879 0.250302 0.053805
1880 0.696666 0.610986
1881 0.441341 0.392403
1882 0.336006 0.993252
1883 0.657088 0.006605
1884 0.750957 0.571475
1885 0.632715 0.566938
1886 0.671382 0.179429
1887 0.764062 0.314134
1888 0.664025 0.749049
1889 0.821654 0.569287
1890 0.365690 0.798087
1891 0.296404 0.509003
1892 0.204689 0.161018
1893 0.067083 0.438995
1894 0.570125 0.577390
1895 0.391689 0.546023
1896 0.456815 0.141695
1897 0.529650 0.644927
1898 0.972737 0.052990
1899 0.077218 0.796599
1900 0.198230 0.010950
1901 0.064076 0.032786
1902 0.819306 0.072042
1903 0.504825 0.341725
1904 0.024423 0.076322
1905 0.417200 0.824339
1906 0.855771 0.435757
1907 0.924974 0.998990
1908 0.462129 0.363056
1909 0.676019 0.978862
1910 0.792153 0.574682
1911 0.425459 0.284729
1912 0.086310 0.598769
1913 0.921956 0.369467
1914 0.016938 0.004190
1915 0.293535 0.236108
1916 0.692849 0.352392
1917 0.945043 0.508460
1918 0.544573 0.729716
1919 0.755846 0.952362
1920 0.573315 0.828045
1921 0.147433 0.338658
1922 0.116679 0.360115
1923 0.831967 0.700389
1924 0.418045 0.135163
1925 0.291947 0.851668
1926 0.350838 0.312320
1927 0.296838 0.395384
1928 0.364372 0.623448
1929 0.642424 0.688700
1930 0.333872 0.826018
1931 0.595827 0.127488
1932 0.662233 0.501473
1933 0.296880 0.000091
1934 0.998418 0.119929
1935 0.775885 0.496523
1936 0.049170 0.644832
1937 0.474254 0.467046
1938 0.249402 0.277268
1939 0.971517 0.677665
1940 0.261143 0.797540
1941 0.195062 0.300478
1942 0.502460 0.387634
1943 0.332948 0.000778
1944 0.545285 0.889318
1945 0.028756 0.492847
1946 0.922780 0.772678
1947 0.418014 0.065632
1948 0.605190 0.353688
1949 0.324415 0.481370
1950 0.304085 0.584228
1951 0.144588 0.455902
1952 0.913556 0.268356
1953 0.857548 0.315234
1954 0.633482 0.930741
1955 0.047307 0.063102
1956 0.558960 0.740826
1957 0.942527 0.276698
1958 0.439351 0.678751
1959 0.603164 0.941655
1960 0.151167 0.492421
1961 0.125289 0.953970
1962 0.256434 0.715360
1963 0.193555 0.039461
1964 0.435641 0.329713
1965 0.245587 0.483592
1966 0.427337 0.378442
1967 0.276502 0.441717
1968 0.885751 0.851039
1969 0.840272 0.388203
1970 0.381530 0.607206
1971 0.275853 0.298138
1972 0.209669 0.683891
1973 0.498850 0.569632
1974 0.422117 0.735775
1975 0.700780 0.672557
1976 0.309229 0.174287
1977 0.902092 0.326155
1978 0.196490 0.786964
1979 0.970920 0.071932
1980 0.528846 0.085933
1981 0.064027 0.229660
1982 0.843739 0.527614
1983 0.174095 0.253823
1984 0.037008 0.916631
1985 0.526659 0.164990
1986 0.821699 0.256197
1987 0.649039 0.592171
1988 0.493744 0.889695
1989 0.561545 0.613473
1990 0.498316 0.510744
1991 0.836043 0.996965
1992 0.754248 0.741589
1993 0.004383 0.488683
1994 0.957272 0.161710
1995 0.586327 0.466353
1996 0.999587 0.902615
1997 0.001927 0.704738
1998 0.989494 0.917725
1999 0.658113 0.296197
6000
0 901
0 1042
0 1316
0 1382
0 1611
0 1803
0 1848
0 1970
1 17
1 517
1 1340
1 1620
1 1912
2 203
2 217
2 891
2 1130
2 1513
2 1560
2 1714
3 407
3 546
3 938
3 959
3 991
3 1569
3 1597
3 1713
4 311
4 313
4 389
4 447
4 1455
4 1675
4 1751
5 816
5 1197
5 1272
5 1470
5 1619
5 1884
6 825
6 985
6 1168
6 1428
6 1493
7 52
7 489
7 577
7 712
7 1172
7 1603
7 1975
8 47
8 262
8 366
8 550
8 874
8 1351
9 85
9 434
9 601
9 1599
10 118
10 1036
10 1073
10 1313
10 1317
10 1686
11 44
11 316
11 863
11 1510
11 1871
11 1927
11 1967
12 31
12 50
12 475
12 543
12 636
12 1304
12 1570
13 825
13 850
13 985
13 1366
14 269
14 981
14 1255
14 1792
15 395
15 1358
15 1524
15 1716
15 1810
16 77
16 1319
16 1373
16 1809
16 1897
16 1989
17 189
17 565
17 1336
17 1620
17 1912
18 291
18 689
18 725
18 1279
18 1426
19 118
19 157
19 321
19 392
19 524
19 845
19 1229
19 1686
20 190
20 317
20 562
20 1093
20 1103
20 1481
21 1190
21 1261
21 1518
21 1755
21 1787
21 1861
22 767
22 971
22 1082
22 1322
22 1512
22 1836
23 48
23 333
23 608
23 867
23 1483
23 1843
23 1937
24 319
24 1000
24 1182
24 1301
24 1384
24 1594
24 1966
25 241
25 656
25 780
25 1484
25 1578
25 1757
25 1917
26 45
26 51
26 330
26 638
26 932
26 1556
26 1961
27 556
27 893
27 1262
27 1415
27 1629
28 346
28 1095
28 1342
28 1485
28 1824
28 1889
28 1910
29 159
29 1074
29 1157
29 1258
29 1828
30 591
30 771
31 50
31 636
31 1208
31 1285
31 1570
32 890
32 935
32 1161
32 1355
32 1518
32 1654
32 1861
33 508
33 728
33 786
33 1041
33 1809
33 1862
33 1863
33 1897
34 303
34 822
34 833
34 1450
34 1995
35 251
35 260
35 550
35 1642
35 1965
36 239
36 271
36 273
36 552
36 1040
36 1758
36 1935
37 426
37 607
37 1091
37 1118
37 1442
37 1581
37 1638
37 1988
38 171
38 906
38 1011
38 1085
38 1249
38 1709
38 1938
38 1971
39 297
39 920
39 921
39 1122
39 1320
39 1463
40 191
40 366
40 874
40 1446
40 1783
41 124
41 160
41 986
41 1055
41 1226
41 1527
42 696
42 1770
42 1877
42 1894
42 1989
43 334
43 628
43 889
43 1218
43 1282
43 1598
43 1737
44 142
44 863
44 1079
44 1318
44 1510
44 1538
45 51
45 359
45 638
45 752
45 1135
45 1556
46 125
46 302
46 586
46 650
46 823
47 509
47 723
47 1351
47 1605
48 527
48 855
48 867
48 1004
48 1802
48 1843
48 1866
49 74
49 770
49 829
49 872
49 943
49 1023
49 1098
49 1849
50 187
50 567
50 1193
50 1570
51 229
51 359
51 932
52 463
52 489
52 1172
52 1603
52 1786
52 1929
53 400
53 548
53 1067
53 1326
53 1796
53 1808
53 1906
54 164
54 478
54 1099
54 1347
54 1461
54 1561
55 83
55 261
55 599
55 913
55 1178
55 1402
55 1459
55 1753
55 1766
56 304
56 702
56 1173
56 1364
56 1646
56 1871
56 1927
57 793
57 1203
57 1883
58 139
58 253
58 698
58 770
58 1057
58 1959
59 345
59 430
59 1054
59 1408
59 1515
59 1702
59 1855
60 257
60 527
60 884
60 1060
60 1113
60 1802
61 768
61 786
61 1321
61 1617
61 1682
61 1973
62 362
62 559
62 1141
62 1499
62 1517
62 1547
62 1878
62 1950
63 378
63 657
63 1215
63 1554
63 1901
64 333
64 965
64 1028
64 1334
64 1483
65 127
65 641
65 952
65 959
65 963
65 1896
66 568
66 626
66 760
66 925
66 1595
66 1761
67 87
67 506
67 648
67 1309
67 1812
67 1852
68 813
68 817
68 897
68 1208
68 1984
69 944
69 1030
69 1313
69 1317
69 1517
69 1878
70 776
70 1292
70 1389
70 1661
70 1669
71 170
71 733
71 1001
71 1201
71 1692
71 1837
71 1844
72 368
72 660
72 728
72 1617
73 255
73 301
73 969
73 1519
73 1667
73 1808
74 872
74 1023
74 1098
74 1234
74 1944
75 154
75 164
75 224
75 806
75 948
75 1347
76 128
76 196
76 433
76 753
76 987
76 1160
76 1929
77 440
77 768
77 1319
77 1894
77 1989
78 690
78 1069
78 1090
78 1233
78 1295
78 1825
79 133
79 1264
79 1367
79 1487
79 1774
79 1925
79 1930
80 282
80 330
80 618
80 1635
81 335
81 437
81 1033
81 1253
81 1348
82 98
82 393
82 431
82 1032
82 1247
83 261
83 599
83 913
83 1178
83 1369
83 1753
83 1766
84 388
84 651
84 910
84 1376
84 1438
84 1473
84 1903
85 432
85 434
85 1479
86 596
86 649
86 652
86 744
86 1234
86 1988
87 648
87 1059
87 1309
87 1812
88 815
88 1039
88 1058
88 1720
88 1816
88 1983
89 145
89 447
89 453
89 1455
89 1460
89 1840
90 101
90 307
90 390
90 1490
90 1918
90 1956
91 353
91 363
91 631
91 1797
92 934
92 1008
92 1128
92 1591
92 1782
93 173
93 609
93 1111
93 1873
94 351
94 740
94 1259
94 1462
94 1960
95 181
95 275
95 866
95 1066
95 1743
95 1830
96 643
96 853
96 1009
96 1280
96 1898
97 126
97 212
97 835
97 925
97 1595
97 1775
97 1952
98 213
98 1215
98 1614
99 792
99 906
99 1085
99 1187
99 1249
99 1971
100 424
100 828
100 1151
100 1261
100 1787
101 182
101 977
101 1354
101 1744
101 1918
101 1956
102 358
102 1039
102 1217
102 1539
102 1750
103 178
103 332
103 563
103 1061
103 1126
103 1615
104 382
104 585
104 790
104 1026
104 1214
104 1447
104 1560
104 1714
104 1778
105 345
105 587
105 645
105 1021
105 1418
105 1945
106 454
106 940
106 1154
106 1370
107 209
107 1403
107 1702
108 1105
108 1343
108 1430
108 1486
108 1542
108 1579
108 1631
108 1987
109 346
109 614
109 747
109 890
109 1309
110 156
110 852
110 880
110 1420
110 1695
110 1844
111 274
111 1140
111 1268
112 794
112 885
112 1150
112 1169
112 1394
112 1876
113 191
113 559
113 736
113 1029
113 1783
113 1950
114 765
114 1137
114 1242
114 1270
114 1628
115 173
115 529
115 551
115 659
115 1388
115 1590
115 1823
115 1873
116 242
116 361
116 419
116 893
116 1422
116 1557
116 1841
117 373
117 384
117 680
117 695
117 1688
117 1734
117 1789
118 524
118 619
118 1036
118 1073
118 1253
118 1686
119 459
119 1299
119 1353
119 1395
119 1637
119 1673
119 1674
119 1892
120 381
120 559
120 984
120 1141
120 1446
120 1737
121 163
121 1069
121 1074
121 1825
121 1828
121 1931
122 858
122 955
122 962
122 1290
122 1341
122 1545
122 1772
123 592
123 1452
123 1525
123 1652
123 1730
123 1842
123 1999
124 160
124 231
124 1055
124 1216
124 1226
124 1248
124 1357
125 344
125 1151
125 1946
126 236
126 1150
126 1169
126 1775
126 1952
127 497
127 641
127 963
127 1227
127 1768
127 1896
128 721
128 987
128 1205
128 1390
129 544
129 718
129 1244
129 1290
129 1491
129 1545
129 1968
130 254
130 344
130 521
130 1136
130 1813
130 1946
131 507
131 535
131 1185
131 1817
132 511
132 838
132 1198
132 1260
132 1461
133 633
133 791
133 808
133 1592
134 149
134 376
134 1380
134 1693
135 192
135 800
135 1020
135 1294
135 1318
135 1546
135 1891
136 180
136 201
136 457
136 556
136 1375
136 1410
136 1429
136 1477
137 468
137 500
137 578
137 697
137 1406
137 1624
137 1936
138 576
138 764
138 1467
138 1727
139 1057
139 1098
139 1100
139 1181
139 1944
140 301
140 320
140 617
140 788
141 353
141 530
141 631
141 1415
141 1436
141 1572
141 1613
141 1797
142 289
142 1079
142 1510
142 1538
142 1745
143 313
143 389
143 1353
143 1675
143 1719
143 1856
144 339
144 735
144 905
144 1488
144 1532
144 1543
145 1037
145 1189
145 1283
145 1460
145 1840
145 1938
146 245
146 598
146 600
146 1800
147 394
147 491
147 669
147 1236
147 1533
148 993
148 1230
148 1305
148 1994
149 300
149 376
149 581
149 790
149 1380
150 289
150 474
150 537
150 942
150 1399
150 1414
151 468
151 578
151 875
151 881
151 1245
151 1254
151 1624
152 452
152 460
152 1143
152 1166
152 1645
152 1977
153 199
153 318
153 1142
153 1149
153 1851
153 1883
154 948
154 1167
154 1324
154 1347
154 1561
154 1777
155 344
155 385
155 424
155 1136
155 1235
156 1001
156 1201
156 1695
156 1820
156 1844
157 392
157 588
157 845
157 1536
157 1686
158 251
158 868
158 1213
158 1585
158 1642
158 1666
159 606
159 610
159 974
159 1092
159 1828
159 1931
160 1055
160 1216
160 1226
160 1248
160 1805
161 202
161 1051
161 1315
161 1703
161 1750
162 500
162 697
162 1017
162 1138
162 1152
163 1109
163 1295
163 1825
164 224
164 570
164 1099
164 1347
165 240
165 308
165 795
165 1128
165 1368
165 1564
165 1643
165 1782
165 1799
165 1847
166 171
166 206
166 341
166 968
166 1471
166 1662
166 1971
167 922
167 1070
167 1407
167 1567
167 1578
167 1700
167 1757
168 450
168 809
168 821
168 1243
168 1521
168 1972
169 310
169 528
169 620
169 911
169 1369
169 1680
169 1741
169 1887
170 733
170 882
170 1268
170 1365
170 1630
170 1837
170 1919
171 206
171 906
171 1189
171 1471
171 1938
171 1971
172 296
172 376
172 429
172 1618
172 1693
172 1795
173 609
173 1111
173 1729
173 1823
173 1873
174 727
174 964
174 1242
174 1571
174 1596
174 1628
174 1678
175 843
175 1575
175 1587
175 1690
175 1846
175 1869
176 347
176 426
176 961
176 1168
176 1493
176 1581
177 751
177 909
177 1140
177 1616
177 1659
178 332
178 670
178 840
178 1615
178 1911
179 517
179 1185
179 1202
179 1657
179 1817
180 336
180 1196
180 1410
180 1429
180 1902
181 719
181 1066
181 1357
181 1392
182 819
182 977
182 1337
182 1354
182 1735
183 480
183 791
183 1096
183 1269
183 1592
184 573
184 787
184 1286
184 1469
184 1651
184 1947
185 193
185 205
185 315
185 756
185 1363
185 1407
186 377
186 476
186 592
186 604
186 1730
187 567
187 634
187 720
187 1193
188 365
188 547
188 620
188 911
188 1112
188 1417
189 565
189 804
189 928
189 1912
190 354
190 562
190 715
190 983
190 1093
190 1386
191 1446
191 1783
192 251
192 501
192 800
192 868
192 1965
193 1062
193 1101
193 1132
193 1363
194 362
194 443
194 522
194 1029
194 1489
194 1547
194 1950
195 244
195 355
195 385
195 1298
195 1875
196 331
196 433
196 753
196 797
196 1626
196 1738
197 775
197 940
197 997
197 1362
197 1893
198 229
198 276
198 1537
198 1591
198 1679
199 270
199 908
199 1142
199 1149
199 1851
200 348
200 436
200 558
200 693
200 775
200 1311
201 457
201 557
201 1410
201 1477
201 1756
201 1771
202 668
202 1146
202 1315
202 1721
202 1765
202 1921
203 848
203 1130
203 1513
203 1791
204 210
204 444
204 536
204 927
204 1344
204 1497
204 1882
205 315
205 487
205 506
205 922
205 1407
205 1531
206 341
206 792
206 906
206 1471
206 1971
207 577
207 632
207 712
207 1275
207 1345
207 1804
207 1829
207 1975
208 611
208 841
208 1175
208 1416
208 1593
209 1702
209 1945
209 1993
210 536
210 664
210 1497
211 310
211 737
211 1165
211 1302
211 1303
211 1887
212 835
212 1402
212 1412
212 1952
213 291
213 657
213 1031
213 1614
214 722
214 758
214 926
214 1306
214 1454
214 1530
215 287
215 449
215 847
215 1240
215 1721
215 1765
215 1921
216 341
216 379
216 603
216 1475
216 1691
216 1710
216 1845
217 822
217 883
217 1050
217 1130
217 1391
218 316
218 824
218 870
218 886
218 1173
219 954
219 1190
219 1374
219 1518
219 1633
219 1654
220 306
220 953
220 1093
220 1481
220 1548
221 237
221 710
221 1156
221 1293
221 1300
221 1932
222 718
222 761
222 811
222 915
222 1047
222 1244
222 1421
223 300
223 862
223 910
223 1473
223 1683
224 570
224 806
224 948
224 1099
225 253
225 600
225 688
225 1225
225 1239
225 1576
225 1954
225 1959
226 682
226 810
226 1124
226 1239
226 1689
226 1692
226 1909
227 819
227 887
227 1023
227 1337
227 1920
228 903
228 1046
228 1084
228 1095
228 1586
228 1935
229 359
229 1679
230 612
230 621
230 671
230 1063
230 1759
230 1902
231 962
231 1248
231 1290
231 1357
231 1545
232 342
232 422
232 1027
232 1297
232 1321
232 1682
232 1973
233 421
233 1194
233 1424
233 1524
233 1551
233 1716
234 249
234 334
234 381
234 984
234 1507
234 1737
235 286
235 1050
235 1678
235 1791
236 247
236 626
236 1169
236 1394
236 1595
236 1775
237 584
237 738
237 765
237 1270
237 1300
237 1932
238 264
238 332
238 840
238 1126
238 1438
238 1964
239 273
239 1046
239 1758
239 1779
239 1935
240 349
240 716
240 1643
240 1799
240 1831
241 780
241 1052
241 1484
241 1588
242 419
242 556
242 893
242 1477
242 1756
243 312
243 518
243 595
243 996
243 1454
243 1530
243 1922
244 672
244 1088
244 1298
244 1747
245 299
245 600
245 1057
245 1800
246 662
246 745
246 902
246 1007
246 1819
246 1978
247 626
247 1044
247 1394
247 1480
247 1504
247 1552
248 588
248 845
248 944
248 1036
248 1317
248 1598
249 1134
249 1507
249 1717
250 495
250 860
250 1574
250 1637
250 1655
250 1673
251 868
251 1642
251 1666
251 1965
252 327
252 576
252 941
252 1179
252 1514
252 1623
252 1727
252 1854
253 698
253 1057
253 1225
253 1664
253 1954
253 1959
254 521
254 1107
254 1136
255 617
255 648
255 1519
255 1667
256 302
256 538
256 1129
256 1292
256 1451
256 1661
256 1669
257 338
257 1113
257 1559
257 1665
257 1881
257 1908
258 603
258 670
258 1448
258 1615
259 367
259 615
259 832
259 848
259 1163
259 1513
260 366
260 550
260 800
260 1965
261 769
261 1165
261 1178
261 1180
261 1766
261 1986
262 982
262 1351
262 1439
262 1605
262 1717
263 410
263 1338
263 1475
263 1608
263 1710
263 1926
264 332
264 1126
264 1384
264 1594
264 1964
265 892
265 1138
265 1184
265 1466
265 1549
265 1718
265 1997
266 448
266 508
266 660
266 728
266 1522
266 1958
267 356
267 767
267 1064
268 351
268 430
268 928
268 1083
268 1144
268 1462
268 1653
268 1855
269 533
269 605
269 779
269 945
269 1792
270 340
270 683
270 818
270 908
270 1851
270 1872
271 294
271 417
271 552
271 964
271 1040
271 1571
272 423
272 850
272 923
272 1404
273 1589
273 1758
273 1935
274 851
274 882
274 1268
274 1689
275 866
275 1252
275 1630
275 1743
276 1008
276 1591
276 1679
277 314
277 1433
277 1604
277 1622
277 1807
277 1822
277 1835
278 837
278 1379
278 1416
278 1468
279 1087
279 1158
279 1904
279 1955
280 514
280 649
280 652
280 887
280 1324
280 1777
281 929
281 1064
281 1143
281 1453
281 1535
281 1645
282 284
282 1635
283 425
283 840
283 862
283 910
283 1159
283 1438
284 1089
284 1584
285 664
285 1393
285 1708
285 1831
286 877
286 1207
286 1596
286 1678
286 1791
287 602
287 726
287 1240
287 1647
287 1709
288 304
288 990
288 1173
288 1249
288 1646
289 537
289 1414
289 1538
290 731
290 1271
290 1494
290 1722
290 1726
291 309
291 1025
291 1031
291 1426
292 584
292 781
292 1147
292 1195
292 1769
292 1885
293 398
293 801
293 803
293 1333
294 417
294 1156
294 1293
294 1619
295 658
295 897
295 1013
295 1776
296 367
296 376
296 859
296 979
296 1558
297 757
297 798
297 1122
298 466
298 523
298 1026
298 1450
298 1602
299 1100
299 1625
299 1723
299 1865
300 581
300 651
300 1473
300 1683
301 455
301 788
301 969
301 1501
302 538
302 823
302 1018
302 1129
303 754
303 833
303 930
303 1016
303 1256
303 1995
304 702
304 1173
304 1646
304 1927
305 483
305 763
305 861
305 1079
305 1294
305 1427
305 1742
305 1949
306 350
306 953
306 1481
306 1548
306 1685
306 1924
307 478
307 838
307 1490
307 1744
308 732
308 795
308 1220
308 1537
308 1564
308 1591
308 1643
309 496
309 627
309 1025
309 1426
309 1781
310 528
310 1165
310 1178
310 1303
310 1369
310 1741
310 1887
311 313
311 447
311 459
311 1850
312 518
312 541
312 1306
312 1362
312 1530
312 1636
313 447
313 459
313 1353
313 1395
313 1675
313 1892
314 597
314 1075
314 1278
314 1568
314 1604
314 1807
314 1822
315 756
315 954
315 1531
315 1633
316 799
316 870
316 1173
316 1704
316 1927
316 1967
317 669
317 1103
317 1448
317 1449
317 1725
318 533
318 793
318 826
318 1149
318 1883
319 474
319 488
319 772
319 1301
319 1694
320 571
320 617
320 656
320 1812
320 1917
321 392
321 1096
321 1229
321 1681
322 482
322 551
322 1118
322 1437
322 1649
322 1857
323 380
323 1148
323 1258
323 1339
323 1505
323 1529
323 1597
324 357
324 488
324 702
324 772
324 998
324 1364
325 355
325 828
325 1267
325 1787
325 1875
325 1923
326 354
326 846
326 1104
326 1711
326 1915
326 1976
327 484
327 706
327 941
327 1514
327 1854
328 637
328 805
328 1197
328 1470
328 1752
328 1785
328 1838
328 1880
329 703
329 901
329 1162
329 1349
329 1848
329 1895
330 618
330 638
330 932
330 1089
330 1961
331 797
331 1343
331 1626
331 1786
331 1929
332 840
332 1061
332 1126
332 1911
333 729
333 1028
333 1483
333 1634
333 1937
334 381
334 821
334 1737
335 437
335 1033
335 1287
335 1516
335 1890
336 992
336 1063
336 1196
336 1429
336 1759
336 1902
337 547
337 569
337 620
337 717
337 931
337 1204
337 1607
337 1760
337 1916
338 966
338 1113
338 1376
338 1559
338 1908
338 1942
339 735
339 789
339 801
339 1543
339 1701
340 399
340 640
340 683
340 818
340 995
340 1600
340 1872
341 379
341 792
341 1475
341 1608
341 1662
341 1710
342 703
342 965
342 1027
342 1297
342 1550
343 431
343 1076
343 1655
343 1699
343 1740
344 1151
344 1235
344 1946
345 430
345 587
345 1515
345 1702
345 1945
346 1059
346 1342
346 1889
347 1168
347 1174
347 1176
347 1431
347 1493
347 1581
348 693
348 740
348 1125
348 1145
348 1311
348 1951
349 536
349 664
349 675
349 716
349 1831
350 472
350 953
350 1565
350 1736
350 1924
351 1144
351 1462
351 1653
351 1960
352 451
352 847
352 1703
352 1721
352 1921
352 1922
353 363
353 530
353 631
353 1613
353 1797
354 715
354 1104
354 1386
354 1711
354 1976
355 424
355 828
355 1875
356 767
356 1064
356 1143
356 1696
357 410
357 702
357 772
357 998
357 1224
357 1338
357 1926
358 1034
358 1175
358 1217
358 1539
359 752
359 785
359 1441
359 1679
360 640
360 970
360 995
360 1600
360 1860
361 1044
361 1422
361 1480
361 1557
361 1841
362 1029
362 1517
362 1547
362 1950
363 530
363 643
363 1797
364 838
364 957
364 1041
364 1198
364 1490
364 1582
365 446
365 911
365 1014
365 1112
365 1263
365 1398
365 1680
366 550
367 979
367 1163
367 1948
368 1349
368 1617
368 1682
368 1874
369 612
369 671
369 764
369 1648
369 1687
369 1712
370 409
370 437
370 778
370 806
370 1155
370 1890
371 535
371 975
371 1202
371 1336
371 1406
371 1817
371 1936
372 513
372 924
372 1251
372 1618
372 1795
373 1056
373 1090
373 1621
373 1688
373 1789
373 1886
374 481
374 705
374 829
374 1171
374 1352
374 1544
374 1563
375 525
375 803
375 865
375 879
375 1656
375 1660
376 585
376 1558
376 1693
377 575
377 592
377 1056
377 1621
378 707
378 1158
378 1724
378 1901
379 603
379 1475
379 1662
379 1691
379 1845
380 407
380 554
380 1529
380 1597
380 1713
381 984
381 1737
382 466
382 1026
382 1447
382 1778
383 989
383 1222
383 1320
383 1498
383 1520
384 604
384 695
384 1621
384 1650
384 1734
384 1789
385 424
385 1136
385 1722
386 624
386 750
386 809
386 1243
387 1718
387 1997
388 873
388 1376
388 1438
388 1908
388 1964
389 470
389 1104
389 1675
389 1751
390 635
390 856
390 957
390 1188
390 1490
390 1918
391 584
391 738
391 749
391 930
391 1016
391 1769
392 1229
392 1536
392 1681
393 431
393 461
393 689
393 1699
394 669
394 1277
394 1449
394 1533
394 1725
394 1773
395 1068
395 1250
395 1358
395 1385
395 1719
395 1810
396 572
396 586
396 650
396 1190
396 1261
397 730
397 748
397 1284
397 1417
397 1589
397 1728
397 1858
398 803
398 1333
398 1660
399 683
399 1474
399 1600
399 1639
400 548
400 796
400 1326
400 1411
400 1808
400 1906
401 766
401 1115
401 1125
401 1328
401 1663
402 846
402 968
402 1455
402 1460
402 1471
402 1915
403 435
403 1478
403 1814
403 1996
404 767
404 1082
404 1143
404 1166
404 1645
404 1696
404 1836
404 1913
405 972
405 1223
405 1286
406 554
406 1325
406 1529
406 1601
406 1683
406 1749
407 479
407 1569
407 1597
407 1713
407 1985
408 811
408 915
408 1266
408 1423
408 1805
409 778
409 806
409 948
409 1155
409 1425
409 1905
410 998
410 1187
410 1338
410 1608
410 1710
410 1926
411 737
411 1043
411 1274
411 1302
411 1396
411 1650
412 489
412 712
412 805
412 1006
412 1172
412 1486
412 1880
413 654
413 869
413 1194
413 1385
413 1810
414 462
414 496
414 956
414 1114
414 1279
414 1426
414 1456
414 1457
415 721
415 933
415 1171
415 1314
415 1390
415 1780
416 540
416 1269
416 1536
416 1681
416 1962
417 552
417 816
417 1156
417 1619
417 1758
418 793
418 826
418 878
418 1467
418 1623
418 1727
419 708
419 1477
419 1756
419 1841
420 476
420 528
420 1204
420 1303
420 1652
420 1730
420 1859
420 1887
421 646
421 1424
421 1469
421 1551
421 1811
422 1027
422 1212
422 1321
422 1610
422 1973
423 825
423 850
423 923
423 1431
423 1625
423 1723
424 828
424 1235
425 491
425 862
425 1159
425 1601
426 607
426 961
426 1118
426 1581
426 1638
427 599
427 742
427 913
427 1377
427 1566
427 1753
427 1953
428 481
428 705
428 880
428 989
428 1867
429 743
429 859
429 1618
429 1868
430 587
430 1408
430 1515
430 1653
430 1855
431 495
431 1032
431 1699
432 725
432 1221
432 1479
432 1553
433 753
433 1160
433 1738
434 601
434 946
434 1035
434 1231
435 655
435 676
435 761
435 1478
435 1814
436 518
436 558
436 775
436 996
436 1362
437 570
437 806
437 1348
437 1890
438 515
438 784
438 844
438 1378
438 1509
438 1584
439 474
439 537
439 942
439 1000
439 1117
439 1665
439 1881
440 1080
440 1281
440 1894
441 1018
441 1767
441 1939
442 817
442 1635
442 1672
443 522
443 918
443 1541
443 1803
444 927
444 1344
444 1587
444 1690
444 1882
445 627
445 1781
445 1904
446 561
446 653
446 1112
446 1361
446 1398
446 1411
446 1969
447 453
447 459
447 1455
447 1850
448 629
448 660
448 1133
448 1316
448 1611
449 494
449 847
449 1240
449 1663
449 1833
450 821
450 1507
450 1521
450 1972
451 847
451 1328
451 1540
451 1663
451 1922
452 639
452 742
452 1412
452 1977
453 1310
453 1413
453 1850
454 1021
454 1370
454 1418
454 1472
454 1993
455 796
455 969
455 1444
455 1501
455 1808
455 1906
456 856
456 1373
456 1582
456 1707
456 1809
456 1863
456 1897
457 557
457 1049
457 1196
457 1410
457 1771
458 567
458 1135
458 1170
458 1285
458 1570
459 1299
459 1395
459 1500
459 1850
459 1892
460 929
460 1412
460 1952
460 1957
461 689
461 1035
461 1553
461 1699
461 1740
462 496
462 956
462 1781
463 1523
463 1603
463 1929
464 896
464 1105
464 1195
464 1430
464 1631
464 1885
464 1987
465 876
465 1019
465 1177
465 1331
465 1432
465 1676
466 523
466 622
466 884
466 1866
466 1942
467 572
467 586
467 823
467 1018
467 1191
467 1767
467 1939
468 578
468 1624
468 1936
469 827
469 885
469 929
469 1453
469 1535
470 983
470 1104
470 1976
471 680
471 706
471 1072
471 1109
471 1295
471 1688
471 1886
472 953
472 1565
472 1632
472 1736
472 1811
473 618
473 638
473 813
473 1208
473 1285
473 1556
474 537
474 942
474 1000
474 1694
475 636
475 919
475 1984
476 592
476 1048
476 1303
476 1730
476 1859
477 1220
477 1393
477 1564
477 1643
477 1708
477 1826
478 514
478 1461
478 1561
478 1744
479 952
479 1569
479 1985
480 540
480 1007
480 1269
480 1940
481 705
481 943
481 1086
481 1420
481 1563
482 1111
482 1425
482 1442
482 1649
482 1764
482 1857
483 763
483 861
483 1419
483 1427
483 1742
483 1834
484 779
484 1109
484 1492
485 509
485 723
485 1259
485 1960
486 642
486 665
486 999
486 1671
486 1798
487 506
487 614
487 747
487 1531
488 772
488 1301
488 1364
488 1606
489 1172
489 1343
489 1486
489 1542
489 1786
490 534
490 899
490 1554
490 1658
490 1698
491 1159
491 1236
491 1533
491 1601
492 783
492 992
492 1049
492 1196
493 598
493 688
493 1576
493 1748
494 886
494 1097
494 1240
494 1387
494 1464
494 1833
495 860
495 1032
495 1476
496 627
496 1426
496 1781
497 1227
497 1685
497 1773
497 1864
497 1896
497 1924
498 715
498 983
498 1022
498 1358
498 1976
499 746
499 1335
499 1697
499 1943
500 697
500 1138
500 1718
501 799
501 863
501 868
501 1967
502 505
502 714
502 1009
502 1262
502 1296
502 1684
502 1979
503 582
503 629
503 724
503 1131
503 1260
503 1381
503 1580
503 1958
503 1974
504 933
504 1205
504 1206
504 1314
504 1390
504 1888
505 1262
505 1276
505 1296
505 1356
505 1684
506 922
506 1531
506 1567
506 1852
507 1012
507 1017
507 1185
507 1488
507 1644
508 660
508 728
508 1041
508 1522
508 1862
509 1083
509 1144
509 1605
509 1739
510 971
510 1359
510 1588
510 1715
510 1732
510 1853
511 838
511 1099
511 1260
511 1461
512 583
512 935
512 1139
512 1485
512 1604
512 1835
513 1148
513 1325
513 1380
513 1749
513 1795
514 819
514 1324
514 1354
514 1561
514 1744
515 844
515 1509
515 1826
516 610
516 974
516 1232
516 1255
516 1474
517 777
517 976
517 1202
517 1340
517 1620
517 1657
518 1362
518 1530
518 1636
519 561
519 699
519 912
519 1754
519 1839
519 1969
520 749
520 1080
520 1120
520 1153
520 1281
521 871
521 994
521 1107
521 1186
521 1813
522 1547
522 1803
522 1928
522 1970
523 1004
523 1450
523 1602
523 1866
524 1033
524 1229
524 1253
524 1686
525 803
525 820
525 1978
526 1171
526 1337
526 1352
526 1735
527 884
527 1113
527 1802
527 1843
527 1866
528 1204
528 1607
528 1741
528 1887
529 843
529 927
529 1344
529 1388
529 1587
529 1590
530 643
530 1280
530 1797
531 539
531 594
531 694
531 860
531 973
531 1574
531 1794
532 632
532 921
532 1122
532 1275
532 1463
533 605
533 779
533 826
533 1149
533 1291
533 1792
534 1554
535 697
535 1406
535 1817
536 675
536 716
536 1409
537 1399
537 1694
538 542
538 823
538 1129
538 1292
539 594
539 869
539 973
539 1733
539 1879
540 734
540 745
540 1269
541 711
541 837
541 1306
541 1371
541 1636
542 823
542 1018
542 1767
543 1193
543 1304
543 1870
544 718
544 871
544 1107
544 1491
544 1506
544 1968
545 777
545 898
545 1003
545 1134
545 1340
545 1495
546 554
546 991
546 1277
546 1533
546 1601
546 1713
547 620
547 730
547 931
547 1417
548 653
548 748
548 1067
548 1326
548 1705
548 1796
549 802
549 936
549 1599
549 1981
550 723
551 678
551 1437
551 1590
551 1857
551 1873
552 1758
552 1935
553 1028
553 1327
553 1334
553 1399
553 1634
553 1763
554 1325
554 1529
554 1601
554 1713
555 960
555 1230
556 893
556 1375
556 1477
557 1049
557 1123
557 1410
557 1435
557 1534
557 1771
558 1115
558 1328
558 1540
559 1141
559 1446
559 1950
560 851
560 1124
560 1503
560 1748
560 1909
561 1014
561 1398
561 1754
561 1969
562 1386
562 1711
563 1061
563 1338
563 1615
563 1926
564 774
564 1211
564 1677
564 1933
565 804
565 1245
565 1336
565 1821
565 1912
566 903
566 1046
566 1332
566 1519
566 1667
566 1779
566 1982
567 1482
567 1570
568 760
568 1577
568 1640
568 1761
569 1204
569 1607
569 1652
569 1760
569 1842
569 1916
570 806
570 836
570 1348
571 1359
571 1484
571 1917
572 586
572 650
572 782
573 1286
573 1335
573 1469
573 1651
573 1697
574 853
575 677
575 743
575 951
575 1056
576 616
576 764
576 895
576 1179
576 1854
577 712
577 1275
577 1523
577 1603
577 1975
578 1624
579 746
579 774
579 1071
579 1194
579 1424
580 821
580 1228
580 1282
580 1801
580 1815
580 1972
581 593
581 651
581 790
581 1447
581 1903
582 1260
582 1381
582 1522
582 1958
583 1045
583 1139
583 1485
583 1604
583 1824
584 738
584 1147
584 1195
584 1300
584 1885
585 790
585 1214
585 1558
585 1778
586 650
586 823
587 1237
587 1515
587 1526
587 1653
588 628
588 845
588 1598
588 1801
589 899
589 1247
589 1397
589 1476
589 1583
589 1698
590 705
590 933
590 1206
590 1314
590 1520
590 1544
591 631
591 771
592 1452
592 1730
593 622
593 966
593 1447
593 1778
593 1903
594 694
594 947
594 1794
594 1879
595 996
595 1051
595 1454
595 1530
595 1703
595 1922
596 607
596 649
596 1091
596 1167
596 1638
596 1988
597 686
597 1006
597 1278
597 1568
597 1804
597 1829
599 742
599 913
599 1402
599 1753
599 1766
599 1953
600 1057
600 1576
600 1959
601 1231
601 1539
601 1816
602 726
602 1011
602 1647
602 1709
602 1806
602 1941
603 1448
603 1475
603 1615
603 1845
604 1048
604 1621
604 1650
605 945
605 1149
605 1792
605 1851
606 610
606 974
606 1092
606 1102
606 1232
606 1612
607 1091
607 1118
607 1176
607 1581
607 1638
607 1988
608 867
608 1297
608 1483
608 1550
608 1990
609 917
609 1264
609 1729
609 1774
609 1823
610 974
610 1102
610 1232
610 1931
611 722
611 1175
611 1217
611 1416
611 1593
612 671
612 764
612 1063
612 1759
613 924
613 1069
613 1074
613 1233
613 1251
613 1339
614 747
614 890
614 1531
614 1633
614 1654
615 832
615 848
615 1005
615 1791
616 764
616 895
616 992
616 1063
617 648
617 1812
618 638
618 813
619 724
619 1073
619 1131
619 1253
619 1580
620 931
620 1204
620 1607
621 671
621 771
621 980
621 1759
621 1902
622 884
622 966
622 1447
622 1942
623 659
623 675
623 1199
623 1409
623 1528
624 1012
624 1106
624 1532
624 1562
624 1644
625 947
625 1010
625 1038
625 1211
625 1794
626 1480
626 1595
627 1025
627 1781
627 1904
628 889
628 1282
628 1598
628 1801
629 1131
629 1133
629 1580
629 1958
630 721
630 977
630 987
630 1160
630 1188
630 1780
630 1956
631 771
631 980
631 1613
632 1275
632 1312
632 1345
633 791
633 1287
633 1511
633 1930
634 720
634 900
634 1482
634 1641
634 1788
634 1899
635 753
635 856
635 1160
635 1188
636 919
636 1208
636 1984
637 896
637 1105
637 1486
637 1631
637 1752
637 1880
638 1556
639 699
639 742
639 1166
639 1246
639 1977
640 807
640 970
640 995
640 1600
640 1639
640 1860
641 644
641 963
641 1768
642 999
642 1457
643 853
643 1280
643 1797
644 963
644 1612
644 1670
644 1832
644 1980
645 997
645 1021
645 1370
645 1418
645 1526
645 1893
646 1469
646 1573
646 1736
646 1811
647 701
647 713
647 1088
647 1183
647 1747
647 1992
648 1309
648 1812
649 652
649 1777
650 1151
650 1261
651 910
651 966
651 1376
651 1473
651 1903
652 887
652 1234
653 1112
653 1326
653 1361
653 1411
653 1705
653 1858
654 774
654 869
654 1194
654 1677
655 676
655 761
655 994
655 1443
655 1445
655 1506
655 1814
656 1567
656 1578
656 1757
656 1812
656 1852
656 1917
657 1031
657 1215
657 1614
657 1901
657 1955
658 897
658 1013
658 1672
658 1776
659 1388
659 1409
659 1528
659 1729
659 1823
660 728
660 1611
661 674
661 704
661 1077
661 1627
661 1784
662 734
662 745
662 773
662 1372
662 1978
663 976
663 1185
663 1243
663 1644
663 1657
664 1831
665 841
665 936
665 1593
665 1671
665 1798
666 1084
666 1272
666 1330
666 1824
666 1884
666 1910
667 986
667 1226
667 1423
667 1805
667 1907
668 815
668 1146
668 1315
668 1720
669 670
669 1236
669 1448
669 1725
670 1236
670 1448
670 1615
671 907
671 1687
672 1088
672 1177
672 1331
672 1434
672 1790
673 684
673 788
673 971
673 1359
673 1501
673 1512
674 1077
674 1266
674 1627
675 716
675 1409
676 1389
676 1440
676 1445
676 1478
677 743
677 859
677 951
677 1452
677 1868
677 1999
678 843
678 1405
678 1428
678 1437
679 744
679 1174
679 1176
679 1181
679 1988
680 706
680 1072
680 1238
680 1688
680 1886
681 691
681 1058
681 1310
681 1413
681 1496
681 1983
682 810
682 852
682 1692
682 1844
683 945
683 1255
683 1600
683 1872
684 1444
684 1501
684 1839
685 686
685 755
685 805
685 1006
685 1785
686 1006
686 1568
686 1807
686 1829
687 762
687 934
687 1128
687 1199
688 1225
688 1503
688 1576
688 1748
690 700
690 951
690 1090
690 1233
691 1058
691 1231
691 1496
691 1816
692 739
692 807
692 1360
692 1383
692 1670
693 766
693 1115
693 1125
693 1951
694 860
694 1010
694 1476
694 1583
694 1794
694 1963
695 834
695 894
695 1650
695 1734
696 888
696 1127
696 1373
696 1770
696 1877
696 1989
697 1406
697 1936
698 770
698 1329
698 1664
699 912
699 1246
699 1566
699 1754
700 743
700 924
700 951
700 1233
700 1618
701 713
701 1075
701 1183
701 1622
701 1822
702 998
702 1364
702 1646
703 965
703 1162
703 1297
703 1458
704 1077
704 1784
705 1544
705 1867
706 941
706 1072
706 1109
707 1158
707 1724
707 1914
708 760
708 1756
708 1841
709 739
709 787
709 1223
709 1308
709 1383
709 1947
710 816
710 896
710 1156
710 1619
710 1838
711 837
711 1371
711 1379
712 1006
712 1172
712 1804
712 1829
712 1975
713 1267
713 1622
713 1747
713 1875
713 1923
714 1262
714 1280
714 1629
714 1684
715 983
715 1093
715 1386
715 1976
716 1799
716 1847
717 730
717 931
717 1108
717 1207
717 1760
718 1047
718 1244
718 1443
718 1506
719 1392
719 1616
719 1659
719 1743
720 900
720 1193
720 1788
721 987
721 1314
721 1390
721 1780
722 758
722 926
722 1217
722 1416
722 1750
723 1960
724 836
724 1348
724 1381
724 1580
724 1974
725 1114
725 1221
725 1279
725 1479
726 1146
726 1555
726 1765
726 1806
726 1941
727 1040
727 1094
727 1284
727 1571
727 1589
727 1596
727 1728
728 786
729 1060
729 1117
729 1634
729 1802
729 1843
729 1937
730 1108
730 1284
730 1417
731 1271
731 1341
731 1494
731 1726
732 784
732 844
732 1220
732 1378
732 1537
732 1564
732 1826
733 882
733 1692
733 1837
734 745
734 773
734 1465
735 801
735 1257
735 1532
735 1543
735 1562
736 988
736 1029
736 1273
736 1489
736 1783
737 1048
737 1165
737 1180
737 1274
737 1302
737 1303
738 930
738 1016
738 1270
739 1265
739 1383
739 1768
740 1145
740 1462
740 1951
741 778
741 917
741 1155
741 1511
741 1774
741 1890
741 1930
742 1566
742 1953
742 1977
743 859
743 951
743 1618
743 1868
744 1176
744 1234
744 1944
744 1988
745 1007
745 1978
746 1335
746 1424
746 1697
747 1309
748 1067
748 1589
748 1705
748 1858
749 1016
749 1120
749 1281
749 1769
750 773
750 809
750 1465
750 1815
750 1972
751 1140
751 1268
751 1365
751 1659
751 1919
752 1135
752 1170
752 1441
753 1160
753 1738
754 833
754 916
754 1016
754 1120
755 1045
755 1139
755 1197
755 1330
755 1785
755 1824
756 954
756 1531
756 1827
757 1222
757 1320
757 1790
758 837
758 926
758 1306
758 1416
759 839
759 849
759 1009
759 1898
760 1123
760 1577
760 1761
761 1047
761 1307
761 1443
761 1814
762 934
762 1219
762 1367
762 1487
762 1925
763 861
763 988
763 1273
763 1294
763 1489
764 1063
765 1137
765 1242
765 1270
765 1628
765 1932
766 1097
766 1115
766 1125
766 1213
766 1288
766 1328
766 1508
767 1322
767 1696
767 1836
768 1319
768 1610
768 1973
769 835
769 1065
769 1459
769 1640
769 1766
769 1986
770 943
770 1086
770 1849
771 980
772 1224
772 1301
772 1364
772 1594
773 1372
773 1465
774 1071
774 1194
774 1933
775 1311
775 1362
775 1893
776 994
776 1389
776 1445
776 1451
776 1661
776 1669
777 976
777 1003
777 1340
777 1657
778 1155
778 1425
778 1905
779 1291
779 1492
779 1792
780 967
780 1070
780 1578
781 939
781 1147
781 1430
781 1770
781 1877
781 1885
782 954
782 1191
782 1374
782 1827
783 992
783 1049
783 1110
783 1346
784 932
784 1378
784 1537
785 1441
785 1656
785 1660
785 1679
786 1319
786 1617
786 1809
787 1223
787 1286
787 1947
788 1501
789 801
789 830
789 1333
789 1482
789 1899
790 1447
790 1558
790 1778
791 1096
791 1287
791 1592
792 906
792 1187
792 1608
792 1710
792 1971
793 1883
794 885
794 958
794 1876
795 1368
795 1564
795 1591
795 1643
795 1782
796 1411
796 1444
796 1906
796 1969
797 888
797 1127
797 1626
797 1738
798 1122
798 1312
798 1992
799 868
799 870
799 1704
799 1967
800 1546
800 1891
800 1965
802 999
802 1114
802 1221
802 1456
802 1457
803 820
803 1660
804 864
804 1054
804 1408
804 1821
805 1006
805 1785
805 1880
806 948
806 1905
807 1360
807 1639
807 1670
807 1832
807 1860
808 1219
808 1367
808 1592
808 1668
808 1940
809 1243
809 1521
809 1972
810 852
810 1081
810 1239
811 915
811 1216
811 1244
811 1248
812 1087
812 1724
812 1914
813 1208
813 1984
814 914
814 937
814 1266
814 1421
814 1998
815 978
815 1058
815 1555
815 1720
815 1983
816 1156
816 1470
816 1619
816 1838
817 897
817 1635
817 1672
818 995
818 1600
819 887
819 1337
819 1354
820 1257
820 1372
820 1562
821 1507
822 883
822 891
822 1450
822 1602
823 1018
823 1767
824 886
824 990
824 1240
824 1647
825 850
825 985
825 1493
826 1291
826 1623
827 1064
827 1453
827 1535
828 1151
828 1261
828 1787
829 872
829 943
829 1023
829 1352
829 1563
829 1920
830 1333
830 1482
830 1899
831 1010
831 1397
831 1583
831 1900
831 1963
832 1163
832 1525
832 1842
832 1916
833 855
833 916
833 1004
833 1450
834 894
834 1043
834 1110
834 1346
835 925
835 1402
835 1459
835 1761
836 1348
836 1974
837 1306
837 1379
837 1416
838 1198
838 1461
838 1490
840 1159
840 1438
840 1911
840 1964
841 1468
841 1798
842 1228
842 1465
842 1801
842 1815
842 1962
843 927
843 1587
843 1590
844 1220
844 1378
844 1509
844 1826
845 1036
845 1317
845 1686
846 1104
846 1455
846 1751
846 1915
847 1721
847 1921
848 1513
848 1948
849 1009
849 1898
849 1979
850 923
851 1689
851 1909
852 1081
852 1844
854 864
854 875
854 1054
854 1254
854 1403
855 867
855 916
855 1004
856 957
856 1582
856 1863
856 1897
857 967
857 1070
858 955
858 962
858 1066
858 1290
858 1341
858 1830
859 1868
860 1476
861 1020
861 1294
861 1318
861 1742
861 1891
861 1949
862 910
862 1159
862 1601
863 1318
863 1967
864 875
864 881
864 1054
864 1403
864 1821
865 879
865 1008
865 1209
865 1656
866 955
866 1252
866 1323
866 1830
867 916
867 1731
867 1990
868 1704
868 1965
868 1967
869 1385
869 1677
869 1733
869 1879
870 886
870 1387
870 1464
870 1704
871 994
871 1107
871 1186
871 1443
871 1506
872 1023
872 1098
872 1849
872 1920
873 1182
873 1376
873 1908
873 1964
874 982
874 984
874 1446
875 881
875 1245
875 1254
875 1821
876 1019
876 1222
876 1331
876 1676
877 1094
877 1108
877 1207
877 1596
877 1678
878 1203
878 1467
878 1648
878 1712
878 1762
879 902
879 1008
879 1209
879 1656
879 1819
880 989
880 1420
880 1695
881 975
881 1245
881 1624
881 1821
882 1268
882 1689
882 1692
883 1391
884 1113
884 1866
884 1942
885 958
885 1150
886 1387
886 1464
886 1704
886 1833
888 939
888 1579
888 1626
888 1770
889 1218
889 1282
889 1499
889 1598
890 1355
890 1518
890 1654
891 1026
891 1560
891 1602
891 1714
892 1184
892 1400
892 1549
893 1262
893 1422
893 1684
894 1110
894 1238
894 1734
895 1179
895 1854
896 1105
896 1195
896 1752
896 1838
897 919
897 1013
897 1672
898 1439
898 1495
898 1739
898 1793
899 1215
899 1247
899 1698
900 1400
900 1609
900 1788
901 1042
901 1349
901 1611
901 1848
901 1874
902 1007
902 1209
902 1819
902 1978
903 1046
903 1095
903 1502
903 1982
904 1002
904 1299
904 1310
904 1496
904 1500
905 1017
905 1152
905 1200
905 1488
905 1543
905 1701
906 1085
906 1187
906 1971
907 1648
907 1687
908 1851
909 1140
909 1616
910 1438
910 1473
911 1112
911 1263
911 1680
912 1246
912 1839
913 1377
913 1753
913 1953
914 1047
914 1307
914 1421
914 1996
914 1998
915 1047
915 1266
915 1421
916 1120
916 1153
916 1731
917 1264
917 1729
917 1774
917 1930
918 1350
918 1489
918 1541
918 1834
918 1895
919 1013
919 1984
920 1206
920 1320
920 1520
921 1122
921 1463
921 1888
922 1407
922 1567
922 1700
922 1852
923 1404
923 1431
923 1625
923 1723
924 1251
924 1339
924 1618
924 1795
925 1595
925 1761
925 1775
926 1051
926 1454
926 1530
926 1750
927 1344
927 1587
927 1690
928 1083
928 1793
928 1855
929 1535
929 1957
930 1016
930 1256
930 1270
930 1995
931 1207
931 1607
931 1760
932 1961
933 1171
933 1206
933 1314
933 1390
933 1544
934 1128
935 1161
935 1355
935 1485
935 1835
935 1861
936 1175
936 1593
936 1599
936 1671
936 1981
937 1077
937 1784
937 1998
938 959
938 991
938 1277
938 1569
938 1864
939 1430
939 1579
939 1770
939 1877
939 1987
940 997
940 1154
940 1362
940 1370
940 1893
941 1072
941 1179
941 1854
942 1117
942 1399
942 1634
942 1665
943 1086
943 1563
943 1849
944 1030
944 1317
944 1499
944 1517
944 1598
944 1878
945 1255
945 1851
945 1872
946 1035
946 1076
946 1231
946 1496
947 1211
947 1677
947 1794
947 1879
948 1905
949 1073
949 1131
949 1133
949 1313
949 1316
949 1382
950 1322
950 1732
950 1746
950 1853
952 959
952 963
952 1569
952 1985
953 1022
953 1632
954 1374
954 1531
954 1633
954 1827
955 1066
955 1341
955 1830
956 1456
956 1457
957 1490
957 1582
959 1569
959 1864
959 1896
960 1044
960 1230
960 1504
960 1552
960 1876
960 1994
961 1118
961 1168
961 1405
961 1437
961 1493
962 1066
962 1290
962 1357
962 1545
963 1612
964 1293
964 1571
964 1596
964 1628
965 1297
965 1334
965 1483
965 1550
966 1376
966 1903
966 1942
967 1070
968 1471
968 1662
968 1915
969 1501
969 1808
969 1906
970 995
970 1078
971 1359
971 1512
971 1853
972 1078
972 1223
972 1360
972 1860
973 1068
973 1574
973 1673
973 1674
973 1733
973 1856
974 981
974 1092
974 1931
975 1245
975 1336
975 1406
975 1624
975 1936
976 1003
976 1521
976 1657
977 1735
977 1918
977 1956
978 1283
978 1413
978 1555
978 1840
978 1983
979 1214
979 1558
979 1948
980 1436
980 1613
981 1492
981 1931
982 984
982 1717
983 1358
983 1976
984 1446
985 1366
985 1428
985 1846
986 1226
986 1805
987 1160
988 1029
988 1273
988 1489
988 1783
989 1498
989 1520
989 1695
989 1867
990 1249
990 1647
991 1277
991 1533
991 1713
991 1864
992 1063
992 1196
993 1230
993 1276
993 1305
993 1356
993 1994
994 1186
994 1445
995 1600
996 1540
996 1922
997 1370
997 1418
997 1893
998 1187
998 1646
999 1456
999 1457
999 1671
1000 1665
1000 1694
1000 1881
1000 1966
1001 1053
1001 1201
1001 1252
1001 1820
1001 1837
1002 1076
1002 1299
1002 1500
1002 1637
1002 1655
1003 1507
1003 1521
1004 1866
1005 1791
1006 1829
1007 1668
1007 1819
1007 1940
1008 1209
1008 1656
1009 1898
1009 1979
1010 1583
1010 1794
1010 1900
1010 1963
1011 1037
1011 1709
1011 1806
1012 1185
1012 1644
1013 1672
1014 1263
1014 1377
1014 1398
1014 1754
1014 1969
1015 1192
1015 1200
1015 1400
1015 1641
1015 1701
1015 1788
1016 1120
1017 1152
1017 1488
1018 1767
1018 1939
1019 1053
1019 1323
1019 1676
1019 1820
1020 1273
1020 1294
1020 1318
1020 1546
1020 1891
1020 1949
1021 1370
1021 1418
1021 1472
1021 1945
1021 1993
1022 1551
1022 1632
1022 1716
1023 1920
1024 1107
1024 1491
1024 1726
1024 1772
1024 1968
1025 1426
1025 1904
1026 1602
1026 1714
1027 1212
1027 1297
1027 1321
1027 1550
1027 1990
1028 1334
1028 1634
1029 1489
1029 1950
1030 1313
1030 1317
1030 1517
1030 1547
1030 1928
1031 1614
1031 1955
1032 1247
1032 1476
1033 1229
1033 1253
1033 1516
1034 1175
1034 1599
1034 1981
1035 1076
1035 1553
1035 1740
1036 1317
1036 1686
1037 1189
1037 1283
1037 1806
1037 1840
1037 1938
1038 1211
1039 1315
1039 1539
1039 1720
1039 1816
1040 1571
1040 1589
1040 1728
1041 1198
1041 1522
1041 1582
1041 1862
1042 1316
1042 1611
1042 1848
1042 1874
1043 1396
1043 1650
1044 1480
1044 1504
1044 1552
1044 1994
1045 1139
1045 1330
1045 1824
1046 1779
1046 1935
1047 1307
1047 1421
1048 1302
1048 1303
1049 1435
1049 1534
1050 1391
1050 1678
1051 1454
1051 1703
1051 1922
1052 1484
1052 1588
1052 1715
1053 1323
1053 1820
1054 1403
1054 1408
1054 1821
1055 1357
1055 1392
1055 1527
1056 1090
1056 1621
1057 1100
1057 1959
1058 1496
1058 1816
1058 1983
1059 1309
1059 1502
1059 1982
1060 1117
1060 1634
1060 1665
1060 1802
1060 1843
1061 1126
1061 1224
1061 1338
1061 1926
1062 1101
1062 1132
1063 1759
1064 1453
1064 1535
1065 1180
1065 1289
1065 1396
1065 1640
1065 1986
1066 1357
1066 1830
1067 1326
1067 1332
1067 1779
1067 1796
1068 1250
1068 1385
1068 1719
1068 1733
1068 1856
1069 1074
1069 1233
1069 1825
1069 1828
1070 1578
1070 1700
1071 1933
1071 1943
1072 1238
1072 1854
1073 1131
1074 1233
1074 1825
1074 1828
1075 1183
1075 1278
1075 1345
1075 1822
1076 1655
1076 1740
1077 1266
1077 1784
1078 1360
1078 1860
1079 1318
1079 1538
1079 1742
1079 1949
1080 1153
1080 1212
1080 1610
1081 1239
1081 1329
1081 1664
1081 1954
1082 1246
1082 1512
1082 1836
1082 1913
1083 1144
1083 1739
1083 1793
1084 1095
1084 1272
1084 1586
1084 1910
1085 1249
1085 1709
1085 1971
1086 1329
1086 1420
1086 1563
1086 1849
1087 1158
1087 1724
1087 1914
1088 1434
1088 1747
1089 1584
1089 1961
1090 1295
1090 1789
1090 1886
1091 1116
1091 1167
1091 1442
1091 1638
1092 1157
1092 1985
1093 1481
1094 1108
1094 1207
1094 1284
1094 1596
1094 1728
1095 1502
1095 1889
1095 1910
1096 1229
1096 1287
1096 1516
1097 1213
1097 1387
1097 1464
1097 1585
1097 1833
1098 1181
1098 1849
1098 1944
1099 1260
1099 1461
1099 1974
1100 1181
1100 1865
1101 1191
1101 1827
1101 1939
1102 1232
1102 1612
1102 1980
1103 1449
1103 1481
1103 1548
1103 1725
1104 1751
1104 1976
1105 1195
1105 1631
1105 1752
1105 1987
1106 1257
1106 1372
1106 1532
1106 1562
1107 1186
1107 1968
1108 1207
1108 1284
1108 1417
1109 1492
1110 1238
1110 1346
1111 1857
1111 1873
1112 1361
1112 1398
1112 1417
1113 1559
1113 1942
1114 1221
1114 1279
1114 1426
1114 1456
1115 1125
1115 1328
1115 1540
1116 1167
1116 1442
1116 1764
1116 1905
1117 1634
1117 1665
1118 1442
1118 1638
1118 1649
1119 1375
1119 1415
1119 1429
1119 1436
1119 1572
1119 1613
1120 1153
1121 1289
1121 1346
1121 1396
1121 1435
1121 1534
1121 1577
1122 1312
1123 1435
1123 1534
1123 1577
1123 1771
1124 1503
1124 1689
1124 1909
1125 1288
1125 1951
1126 1224
1126 1384
1126 1594
1127 1373
1127 1707
1127 1738
1128 1199
1128 1368
1128 1782
1128 1847
1129 1451
1129 1661
1129 1669
1129 1813
1129 1946
1130 1714
1131 1133
1131 1580
1132 1363
1133 1316
1133 1382
1134 1439
1134 1495
1134 1717
1135 1170
1135 1285
1135 1556
1136 1722
1137 1256
1137 1270
1137 1391
1138 1152
1138 1466
1138 1718
1139 1604
1139 1807
1140 1268
1141 1218
1141 1499
1141 1950
1142 1883
1143 1166
1143 1645
1143 1696
1143 1836
1145 1237
1145 1311
1145 1462
1145 1526
1145 1653
1146 1555
1146 1721
1146 1765
1146 1941
1147 1281
1147 1769
1148 1325
1148 1505
1148 1529
1148 1749
1149 1851
1150 1169
1150 1957
1151 1235
1151 1261
1152 1192
1152 1200
1152 1466
1152 1701
1153 1212
1153 1731
1153 1990
1154 1401
1154 1636
1155 1511
1155 1890
1156 1293
1156 1619
1157 1258
1157 1985
1158 1724
1158 1901
1158 1955
1159 1911
1160 1188
1161 1433
1161 1755
1161 1835
1161 1861
1161 1923
1162 1350
1162 1458
1162 1541
1162 1848
1162 1895
1163 1525
1164 1527
1164 1616
1164 1991
1165 1178
1166 1246
1166 1645
1166 1836
1166 1913
1166 1977
1167 1442
1167 1777
1168 1405
1168 1428
1168 1493
1169 1394
1169 1775
1170 1333
1171 1352
1171 1544
1171 1735
1172 1486
1172 1542
1172 1975
1173 1927
1174 1176
1174 1431
1174 1581
1174 1625
1174 1723
1175 1217
1175 1593
1175 1981
1176 1581
1176 1988
1177 1331
1177 1434
1177 1790
1178 1369
1178 1753
1179 1854
1180 1274
1180 1396
1180 1986
1181 1865
1181 1944
1182 1384
1182 1559
1182 1881
1182 1908
1182 1966
1183 1312
1183 1345
1183 1822
1183 1992
1184 1192
1184 1400
1184 1466
1184 1549
1185 1644
1185 1657
1187 1608
1187 1646
1188 1918
1188 1956
1189 1283
1189 1460
1189 1471
1189 1840
1189 1938
1190 1374
1190 1518
1191 1827
1191 1939
1192 1200
1192 1400
1192 1466
1193 1870
1194 1424
1194 1810
1195 1300
1195 1885
1196 1410
1197 1330
1197 1785
1197 1884
1198 1522
1198 1582
1198 1862
1199 1368
1199 1487
1199 1528
1199 1847
1200 1466
1200 1543
1200 1701
1201 1820
1201 1837
1201 1844
1202 1336
1202 1620
1202 1817
1202 1912
1203 1706
1203 1712
1203 1762
1204 1607
1204 1652
1204 1887
1205 1390
1205 1463
1205 1888
1206 1314
1206 1390
1206 1520
1206 1888
1208 1285
1208 1984
1209 1668
1209 1819
1210 1341
1210 1432
1210 1494
1210 1676
1211 1677
1212 1610
1212 1731
1212 1990
1213 1464
1213 1508
1213 1585
1213 1666
1214 1558
1214 1560
1214 1948
1215 1554
1215 1614
1216 1226
1216 1248
1216 1805
1217 1750
1218 1499
1218 1598
1218 1737
1219 1367
1219 1668
1220 1564
1220 1643
1220 1826
1221 1479
1223 1360
1223 1383
1224 1301
1224 1338
1224 1594
1224 1926
1225 1239
1225 1503
1225 1576
1225 1954
1226 1805
1227 1265
1227 1565
1227 1685
1227 1768
1227 1896
1227 1924
1228 1282
1228 1801
1228 1815
1228 1962
1228 1972
1229 1516
1230 1504
1230 1994
1231 1496
1232 1474
1232 1612
1232 1980
1234 1944
1237 1311
1237 1462
1237 1526
1237 1653
1239 1954
1240 1647
1241 1404
1241 1800
1242 1628
1242 1678
1243 1521
1243 1644
1244 1248
1244 1545
1245 1336
1245 1624
1245 1821
1245 1936
1246 1913
1247 1476
1247 1698
1248 1545
1249 1647
1249 1709
1250 1358
1250 1385
1250 1719
1251 1339
1251 1505
1252 1323
1252 1630
1252 1837
1253 1348
1255 1474
1255 1872
1256 1270
1256 1391
1256 1995
1257 1372
1257 1532
1257 1562
1258 1339
1258 1505
1259 1288
1259 1818
1259 1951
1259 1960
1260 1381
1260 1974
1261 1787
1262 1629
1262 1684
1263 1369
1263 1377
1263 1398
1263 1680
1264 1487
1264 1729
1264 1774
1265 1308
1265 1565
1265 1768
1266 1421
1267 1433
1267 1622
1267 1875
1267 1923
1268 1919
1269 1681
1270 1932
1271 1298
1271 1494
1271 1722
1272 1586
1272 1884
1273 1294
1273 1546
1273 1783
1273 1891
1274 1302
1274 1396
1275 1345
1275 1523
1276 1296
1276 1305
1276 1356
1276 1934
1277 1533
1277 1773
1277 1864
1278 1568
1278 1804
1278 1807
1278 1822
1278 1829
1279 1426
1280 1415
1280 1629
1281 1769
1281 1894
1282 1801
1283 1555
1283 1806
1283 1840
1283 1938
1283 1941
1284 1417
1284 1589
1284 1728
1285 1556
1285 1570
1286 1651
1287 1511
1287 1516
1288 1508
1288 1818
1288 1951
1289 1396
1289 1577
1289 1640
1290 1491
1290 1545
1290 1772
1291 1514
1291 1623
1291 1792
1292 1661
1292 1669
1293 1628
1293 1932
1294 1546
1294 1891
1294 1949
1295 1825
1295 1886
1296 1934
1296 1979
1297 1483
1297 1550
1298 1494
1298 1722
1299 1395
1299 1500
1299 1637
1299 1655
1299 1892
1300 1932
1301 1384
1301 1594
1302 1303
1303 1859
1305 1934
1306 1530
1307 1421
1307 1814
1307 1998
1308 1565
1308 1573
1308 1736
1308 1947
1310 1413
1310 1496
1310 1850
1311 1526
1311 1893
1312 1345
1312 1992
1313 1317
1313 1928
1314 1390
1315 1720
1316 1382
1316 1611
1317 1686
1318 1949
1319 1809
1319 1897
1320 1520
1321 1610
1321 1682
1321 1973
1322 1746
1323 1676
1324 1347
1324 1561
1324 1777
1325 1529
1325 1683
1325 1749
1326 1411
1326 1705
1327 1399
1327 1414
1327 1427
1327 1763
1328 1540
1328 1663
1329 1420
1329 1664
1330 1824
1330 1884
1330 1910
1331 1432
1331 1790
1332 1519
1332 1779
1332 1796
1332 1808
1334 1458
1334 1763
1335 1651
1335 1697
1336 1620
1336 1912
1337 1735
1337 1920
1338 1926
1339 1505
1340 1495
1340 1620
1342 1355
1342 1485
1342 1889
1343 1542
1343 1579
1343 1626
1343 1786
1344 1388
1345 1804
1346 1534
1347 1561
1347 1777
1348 1974
1349 1682
1349 1874
1350 1419
1350 1458
1350 1541
1350 1763
1350 1834
1350 1895
1351 1439
1351 1605
1352 1544
1352 1563
1353 1395
1353 1673
1353 1674
1353 1856
1353 1892
1354 1744
1355 1485
1355 1654
1356 1557
1356 1684
1357 1392
1359 1512
1359 1853
1360 1383
1360 1860
1361 1417
1361 1705
1361 1858
1362 1636
1363 1407
1364 1606
1364 1745
1365 1630
1365 1659
1365 1743
1365 1919
1366 1428
1366 1846
1366 1869
1367 1487
1367 1925
1368 1643
1368 1782
1368 1799
1368 1847
1369 1377
1369 1680
1369 1741
1369 1753
1370 1418
1371 1401
1371 1636
1372 1562
1373 1707
1373 1897
1373 1989
1374 1633
1374 1827
1375 1415
1375 1429
1375 1572
1376 1903
1376 1908
1377 1398
1377 1680
1377 1753
1378 1584
1380 1683
1380 1693
1380 1749
1380 1795
1381 1580
1381 1974
1382 1928
1382 1970
1384 1594
1384 1964
1384 1966
1385 1733
1385 1810
1386 1711
1387 1464
1387 1833
1388 1409
1388 1590
1388 1823
1389 1440
1389 1445
1389 1669
1390 1888
1392 1527
1392 1616
1393 1708
1393 1826
1393 1831
1394 1504
1394 1552
1394 1876
1395 1637
1395 1673
1395 1674
1395 1892
1397 1583
1397 1658
1397 1698
1399 1414
1399 1634
1400 1788
1401 1636
1402 1459
1402 1766
1403 1702
1405 1428
1405 1437
1406 1817
1406 1936
1407 1700
1408 1515
1408 1855
1411 1705
1411 1969
1412 1952
1413 1840
1413 1983
1414 1427
1414 1538
1414 1742
1415 1572
1415 1629
1417 1858
1419 1427
1419 1458
1419 1763
1419 1834
1419 1895
1422 1557
1422 1684
1423 1627
1423 1805
1423 1907
1425 1764
1425 1905
1427 1742
1427 1763
1428 1846
1429 1436
1429 1759
1429 1902
1430 1579
1430 1885
1430 1987
1431 1625
1431 1723
1432 1494
1432 1676
1433 1622
1433 1755
1433 1835
1433 1923
1434 1790
1434 1992
1435 1534
1435 1577
1435 1771
1436 1572
1436 1613
1436 1902
1437 1649
1437 1857
1438 1964
1439 1495
1439 1605
1439 1717
1439 1739
1440 1445
1440 1478
1441 1679
1442 1638
1442 1649
1442 1764
1443 1506
1443 1814
1444 1839
1444 1906
1445 1478
1447 1778
1448 1615
1449 1548
1449 1725
1449 1773
1450 1602
1451 1661
1451 1669
1451 1813
1451 1946
1452 1525
1452 1868
1452 1999
1453 1535
1454 1530
1455 1460
1455 1751
1456 1457
1458 1763
1458 1895
1459 1766
1460 1471
1462 1653
1463 1523
1463 1888
1464 1585
1464 1704
1464 1833
1465 1815
1467 1712
1467 1727
1469 1573
1469 1811
1469 1947
1470 1619
1470 1838
1470 1884
1471 1938
1472 1993
1474 1980
1475 1608
1475 1710
1476 1583
1477 1756
1477 1771
1480 1841
1481 1548
1482 1641
1482 1899
1483 1550
1483 1937
1484 1588
1484 1917
1486 1542
1486 1631
1486 1880
1487 1528
1487 1925
1490 1918
1491 1772
1491 1968
1497 1882
1498 1695
1498 1820
1499 1517
1499 1598
1499 1878
1500 1850
1500 1892
1502 1889
1502 1982
1503 1748
1503 1909
1504 1552
1504 1876
1504 1994
1507 1521
1508 1585
1508 1666
1508 1818
1509 1584
1510 1745
1510 1871
1511 1890
1511 1930
1512 1853
1513 1560
1513 1714
1513 1948
1514 1623
1515 1855
1517 1547
1517 1878
1518 1633
1518 1654
1518 1861
1519 1667
1519 1982
1520 1867
1522 1958
1523 1603
1524 1551
1524 1716
1524 1810
1525 1868
1525 1999
1526 1653
1526 1893
1527 1616
1527 1991
1529 1601
1529 1713
1531 1633
1532 1562
1533 1601
1534 1577
1536 1681
1536 1962
1538 1742
1539 1816
1540 1922
1541 1803
1541 1848
1541 1895
1542 1631
1543 1701
1546 1783
1546 1891
1547 1928
1548 1685
1548 1773
1548 1924
1549 1718
1549 1997
1550 1990
1551 1632
1551 1716
1551 1811
1552 1876
1553 1740
1555 1806
1555 1941
1555 1983
1557 1684
1558 1948
1559 1881
1559 1908
1559 1966
1560 1714
1560 1948
1561 1777
1564 1643
1565 1736
1565 1924
1566 1754
1566 1953
1567 1578
1567 1700
1567 1757
1567 1852
1568 1604
1568 1807
1568 1822
1568 1829
1569 1985
1571 1596
1571 1728
1572 1613
1573 1736
1573 1811
1573 1947
1574 1673
1574 1674
1575 1587
1575 1690
1575 1846
1575 1869
1576 1954
1576 1959
1577 1640
1578 1757
1578 1917
1579 1987
1581 1988
1582 1862
1582 1863
1583 1900
1583 1963
1585 1666
1585 1704
1586 1758
1587 1690
1588 1715
1589 1728
1589 1858
1591 1782
1592 1940
1595 1775
1596 1678
1597 1713
1597 1985
1599 1981
1600 1639
1603 1786
1603 1929
1603 1975
1604 1807
1604 1835
1605 1739
1606 1745
1607 1652
1607 1760
1607 1916
1608 1710
1608 1926
1609 1788
1610 1973
1611 1874
1612 1832
1612 1980
1616 1659
1617 1682
1618 1795
1620 1912
1621 1789
1622 1822
1622 1835
1622 1923
1623 1727
1624 1936
1625 1723
1625 1865
1626 1738
1627 1907
1628 1932
1630 1743
1630 1837
1631 1880
1631 1987
1632 1716
1632 1811
1633 1654
1637 1655
1637 1673
1637 1674
1637 1892
1639 1670
1639 1832
1639 1980
1640 1761
1641 1701
1641 1788
1641 1899
1642 1666
1642 1965
1643 1799
1647 1709
1648 1687
1648 1706
1648 1712
1648 1762
1649 1764
1649 1857
1650 1734
1652 1730
1652 1842
1656 1660
1656 1679
1658 1698
1659 1743
1659 1919
1661 1669
1662 1691
1662 1915
1663 1833
1664 1954
1665 1881
1666 1818
1667 1982
1668 1819
1668 1940
1670 1832
1671 1798
1673 1674
1674 1856
1674 1892
1675 1751
1677 1879
1680 1741
1682 1973
1683 1749
1685 1773
1685 1864
1685 1896
1685 1924
1687 1712
1687 1762
1688 1789
1688 1886
1689 1909
1691 1711
1691 1845
1693 1795
1695 1820
1696 1836
1699 1740
1702 1945
1703 1921
1703 1922
1704 1967
1705 1858
1706 1762
1707 1738
1708 1826
1711 1845
1712 1762
1715 1732
1718 1997
1719 1856
1720 1816
1721 1765
1721 1921
1723 1865
1724 1901
1724 1914
1726 1772
1729 1823
1730 1859
1731 1990
1732 1746
1732 1853
1734 1789
1735 1780
1736 1811
1739 1793
1741 1887
1742 1949
1743 1919
1745 1871
1747 1875
1749 1795
1752 1785
1752 1838
1752 1880
1753 1953
1754 1969
1755 1787
1755 1861
1755 1923
1756 1771
1756 1841
1757 1852
1757 1917
1758 1935
1759 1902
1760 1916
1764 1905
1765 1921
1766 1986
1767 1939
1770 1877
1772 1968
1773 1864
1774 1930
1775 1952
1779 1796
1783 1891
1785 1884
1786 1929
1789 1886
1794 1879
1794 1963
1796 1808
1799 1847
1801 1962
1802 1843
1802 1937
1803 1848
1803 1970
1804 1829
1804 1975
1806 1941
1808 1906
1809 1863
1809 1897
1812 1852
1813 1946
1815 1972
1823 1873
1824 1910
1825 1828
1829 1975
1832 1980
1834 1895
1836 1913
1842 1916
1843 1937
1846 1869
1851 1872
1857 1873
1862 1863
1862 1897
1863 1897
1864 1896
1868 1999
1871 1927
1877 1894
1881 1966
1885 1987
1889 1910
1898 1979
1900 1963
1904 1955
1918 1956
1928 1970
1938 1971
1945 1993
1952 1957
1954 1959
1996 1998
