500
0 0.530263 0.187933
1 0.668646 0.442568
2 0.691247 0.389505
3 0.741730 0.426202
4 0.949736 0.410244
5 0.752114 0.758018
6 0.641816 0.707131
7 0.545515 0.094336
8 0.709736 0.816157
9 0.227598 0.458644
10 0.012685 0.012057
11 0.299989 0.185352
12 0.381059 0.366942
13 0.844560 0.457956
14 0.755435 0.551235
15 0.955088 0.115587
16 0.568852 0.045520
17 0.260923 0.680236
18 0.254625 0.913369
19 0.439072 0.491547
20 0.391819 0.922883
21 0.069092 0.426849
22 0.536627 0.598659
23 0.049444 0.931200
24 0.230274 0.736057
25 0.064484 0.985528
26 0.268015 0.200512
27 0.606344 0.622136
28 0.432320 0.439679
29 0.300881 0.247271
30 0.309592 0.902901
31 0.778473 0.884722
32 0.751493 0.610510
33 0.894089 0.964210
34 0.131343 0.064584
35 0.180159 0.508508
36 0.724274 0.251569
37 0.820996 0.327279
38 0.682238 0.242847
39 0.989824 0.352999
40 0.925636 0.294476
41 0.127600 0.448555
42 0.468862 0.658875
43 0.522244 0.887103
44 0.039978 0.655786
45 0.758645 0.303349
46 0.268598 0.378225
47 0.869442 0.552426
48 0.588683 0.851737
49 0.231935 0.962748
50 0.917455 0.722075
51 0.352153 0.622830
52 0.823059 0.487938
53 0.027973 0.512464
54 0.050292 0.024280
55 0.922636 0.363648
56 0.826697 0.750371
57 0.032411 0.715699
58 0.267913 0.138331
59 0.151339 0.644368
60 0.659122 0.959173
61 0.165065 0.276733
62 0.415674 0.703659
63 0.129667 0.699252
64 0.283613 0.505626
65 0.530395 0.269153
66 0.803648 0.727111
67 0.902235 0.192951
68 0.110541 0.942235
69 0.338334 0.714886
70 0.441270 0.623708
71 0.970930 0.213168
72 0.590759 0.118230
73 0.348893 0.805791
74 0.250392 0.522184
75 0.741769 0.980800
76 0.099020 0.734723
77 0.276838 0.604545
78 0.687903 0.338046
79 0.418538 0.284079
80 0.358662 0.114305
81 0.088129 0.287771
82 0.130736 0.828944
83 0.820938 0.925885
84 0.215837 0.861090
85 0.038543 0.617165
86 0.538605 0.494234
87 0.269106 0.635506
88 0.779050 0.812163
89 0.683995 0.855660
90 0.572818 0.700375
91 0.274665 0.752810
92 0.495347 0.342280
93 0.914410 0.867376
94 0.209266 0.131057
95 0.783059 0.604629
96 0.393792 0.545318
97 0.240820 0.357413
98 0.466014 0.250666
99 0.995048 0.270070
100 0.077688 0.510358
101 0.180394 0.988201
102 0.606272 0.791205
103 0.293702 0.862745
104 0.591740 0.954844
105 0.544069 0.297662
106 0.153645 0.612817
107 0.865959 0.046601
108 0.193838 0.040330
109 0.955772 0.589956
110 0.055274 0.163270
111 0.120778 0.303204
112 0.160452 0.848798
113 0.023404 0.170318
114 0.459413 0.986938
115 0.099307 0.375531
116 0.500231 0.244431
117 0.060276 0.899825
118 0.448567 0.881559
119 0.514092 0.753957
120 0.628540 0.539793
121 0.941898 0.184398
122 0.310708 0.302678
123 0.058992 0.479137
124 0.623546 0.934546
125 0.447519 0.794657
126 0.138124 0.119976
127 0.604230 0.562181
128 0.915409 0.129495
129 0.907211 0.997859
130 0.658991 0.374100
131 0.994186 0.303862
132 0.445749 0.587000
133 0.368254 0.478953
134 0.108750 0.779846
135 0.958038 0.827898
136 0.503895 0.814508
137 0.135470 0.334708
138 0.158500 0.949234
139 0.311920 0.750384
140 0.167639 0.583361
141 0.962948 0.285652
142 0.694912 0.124929
143 0.071468 0.327750
144 0.916724 0.239918
145 0.953592 0.660221
146 0.596516 0.738947
147 0.393233 0.094646
148 0.357273 0.866243
149 0.815096 0.859281
150 0.649063 0.852959
151 0.383186 0.616404
152 0.006807 0.624878
153 0.799372 0.390197
154 0.955057 0.041382
155 0.830789 0.683738
156 0.339775 0.418666
157 0.195624 0.798756
158 0.496408 0.439123
159 0.450952 0.032577
160 0.498786 0.546604
161 0.927478 0.520803
162 0.673393 0.608080
163 0.584019 0.189577
164 0.589815 0.508508
165 0.575600 0.812705
166 0.427554 0.837460
167 0.864556 0.292823
168 0.680022 0.907347
169 0.076516 0.776171
170 0.358055 0.339307
171 0.190398 0.321457
172 0.205496 0.237062
173 0.953788 0.247019
174 0.624376 0.023940
175 0.235521 0.585055
176 0.607628 0.063580
177 0.949710 0.894352
178 0.620040 0.152316
179 0.410688 0.894508
180 0.011577 0.853373
181 0.210444 0.430036
182 0.003853 0.571793
183 0.016526 0.766004
184 0.704784 0.679956
185 0.722588 0.911473
186 0.789935 0.195444
187 0.801156 0.428208
188 0.204716 0.686302
189 0.103636 0.654664
190 0.415480 0.404759
191 0.055425 0.231522
192 0.876297 0.782186
193 0.301416 0.474877
194 0.727165 0.723251
195 0.376923 0.827441
196 0.146530 0.978275
197 0.404080 0.137790
198 0.633945 0.216564
199 0.661593 0.677288
200 0.119219 0.204112
201 0.720010 0.291700
202 0.261896 0.269211
203 0.447435 0.708607
204 0.088657 0.146117
205 0.363686 0.256962
206 0.714149 0.590521
207 0.561157 0.353279
208 0.887863 0.483900
209 0.776706 0.500360
210 0.583484 0.451717
211 0.398763 0.009846
212 0.783130 0.532272
213 0.046156 0.356270
214 0.091467 0.889447
215 0.884557 0.644246
216 0.067596 0.832222
217 0.224262 0.101169
218 0.430773 0.752003
219 0.999357 0.001942
220 0.862859 0.182965
221 0.305962 0.990384
222 0.336890 0.215817
223 0.815642 0.113400
224 0.330061 0.837778
225 0.943722 0.757872
226 0.644308 0.496474
227 0.508848 0.101304
228 0.007574 0.290820
229 0.351348 0.077821
230 0.097847 0.050402
231 0.784298 0.276379
232 0.823859 0.259861
233 0.566799 0.414768
234 0.891272 0.162321
235 0.316850 0.670713
236 0.762669 0.020822
237 0.360303 0.989744
238 0.679281 0.158233
239 0.198270 0.653857
240 0.429973 0.975633
241 0.895271 0.017940
242 0.978029 0.626948
243 0.844085 0.078527
244 0.579626 0.314608
245 0.653073 0.288303
246 0.306994 0.139692
247 0.171322 0.183822
248 0.397140 0.332149
249 0.161813 0.042785
250 0.584347 0.666022
251 0.141753 0.411056
252 0.547216 0.792254
253 0.209545 0.353297
254 0.370275 0.668935
255 0.144215 0.226824
256 0.830616 0.016461
257 0.375773 0.165596
258 0.623137 0.665238
259 0.809740 0.297922
260 0.297027 0.696100
261 0.455507 0.103095
262 0.024555 0.426068
263 0.641486 0.639102
264 0.187565 0.557780
265 0.201085 0.480264
266 0.914196 0.057717
267 0.509882 0.307560
268 0.501497 0.631045
269 0.251850 0.834903
270 0.447945 0.330865
271 0.409724 0.790159
272 0.610180 0.402473
273 0.006276 0.204489
274 0.068099 0.595300
275 0.075869 0.564143
276 0.898981 0.406706
277 0.001678 0.906962
278 0.093210 0.182896
279 0.209439 0.525009
280 0.128396 0.512838
281 0.465044 0.548633
282 0.330423 0.497949
283 0.541198 0.685413
284 0.861480 0.697539
285 0.764206 0.153077
286 0.220147 0.203560
287 0.528265 0.455452
288 0.253273 0.999200
289 0.943093 0.993307
290 0.823991 0.972449
291 0.680358 0.769187
292 0.822017 0.606937
293 0.772742 0.937588
294 0.107105 0.113971
295 0.963487 0.858929
296 0.787345 0.348098
297 0.459644 0.203043
298 0.384980 0.763530
299 0.143006 0.544090
300 0.974821 0.089899
301 0.833632 0.161311
302 0.440985 0.912942
303 0.113728 0.977809
304 0.890135 0.575957
305 0.819880 0.810440
306 0.245971 0.177917
307 0.453989 0.380657
308 0.286108 0.546026
309 0.851235 0.948781
310 0.161644 0.764666
311 0.117786 0.019217
312 0.764641 0.088478
313 0.462915 0.945258
314 0.956375 0.554448
315 0.629491 0.335740
316 0.659594 0.118448
317 0.084141 0.080436
318 0.191827 0.750420
319 0.731237 0.154913
320 0.611264 0.988019
321 0.624523 0.304207
322 0.998817 0.789058
323 0.735385 0.788194
324 0.710650 0.640910
325 0.889273 0.905218
326 0.372890 0.403247
327 0.939892 0.617172
328 0.694081 0.966180
329 0.414734 0.661325
330 0.470499 0.131970
331 0.514016 0.719882
332 0.483579 0.778904
333 0.870970 0.236687
334 0.537379 0.394447
335 0.978688 0.682971
336 0.716940 0.185077
337 0.282058 0.785092
338 0.987471 0.046605
339 0.715794 0.522255
340 0.380646 0.295359
341 0.585968 0.923787
342 0.551553 0.554637
343 0.180797 0.885029
344 0.509354 0.845832
345 0.527811 0.131802
346 0.210931 0.071163
347 0.680936 0.522585
348 0.944643 0.449385
349 0.019637 0.953282
350 0.339088 0.956719
351 0.077754 0.953771
352 0.339034 0.450158
353 0.753047 0.381679
354 0.916170 0.776483
355 0.882606 0.370631
356 0.642996 0.904168
357 0.973078 0.936675
358 0.846599 0.212781
359 0.304668 0.934858
360 0.497693 0.965861
361 0.060301 0.117680
362 0.479723 0.409070
363 0.792412 0.569811
364 0.267569 0.339315
365 0.864222 0.329554
366 0.997959 0.429611
367 0.739582 0.491575
368 0.729259 0.346936
369 0.619965 0.461747
370 0.715917 0.058905
371 0.557201 0.888815
372 0.157163 0.805824
373 0.025442 0.387307
374 0.751555 0.193882
375 0.718753 0.944173
376 0.598499 0.218990
377 0.095892 0.613778
378 0.835212 0.781038
379 0.319945 0.355692
380 0.247941 0.074155
381 0.917094 0.643138
382 0.276627 0.033681
383 0.472922 0.282943
384 0.657743 0.010574
385 0.012347 0.107748
386 0.259226 0.445662
387 0.870516 0.848234
388 0.805962 0.075325
389 0.461675 0.452445
390 0.049383 0.060153
391 0.315200 0.782568
392 0.994958 0.970156
393 0.564737 0.239972
394 0.296582 0.831411
395 0.168528 0.102981
396 0.157326 0.469381
397 0.148930 0.898099
398 0.219607 0.919663
399 0.142387 0.378942
400 0.379021 0.447633
401 0.893615 0.822842
402 0.299737 0.087999
403 0.130494 0.165055
404 0.577068 0.384015
405 0.262863 0.719786
406 0.286629 0.964752
407 0.026003 0.332195
408 0.994476 0.511842
409 0.844848 0.520080
410 0.631296 0.737924
411 0.619171 0.273340
412 0.482087 0.604856
413 0.221458 0.276870
414 0.057534 0.864039
415 0.716689 0.216841
416 0.534272 0.949601
417 0.691602 0.470733
418 0.866391 0.991557
419 0.788614 0.682093
420 0.530343 0.360087
421 0.431252 0.182358
422 0.973227 0.178087
423 0.906690 0.438124
424 0.067735 0.736237
425 0.320176 0.585457
426 0.412118 0.370870
427 0.834273 0.565166
428 0.411249 0.047812
429 0.001578 0.043246
430 0.348329 0.370933
431 0.850039 0.897925
432 0.373394 0.038947
433 0.564301 0.626346
434 0.100342 0.235941
435 0.412306 0.474175
436 0.571188 0.481131
437 0.478049 0.870355
438 0.365826 0.574912
439 0.669866 0.569861
440 0.343186 0.174542
441 0.439593 0.231575
442 0.778830 0.846634
443 0.845212 0.396361
444 0.409887 0.210435
445 0.091940 0.474264
446 0.541618 0.843203
447 0.523142 0.658919
448 0.534703 0.008481
449 0.342304 0.289519
450 0.227745 0.814197
451 0.988830 0.123263
452 0.317065 0.033479
453 0.581834 0.273623
454 0.234118 0.001021
455 0.258848 0.946182
456 0.711426 0.753842
457 0.250235 0.774486
458 0.950339 0.496938
459 0.336106 0.539982
460 0.942757 0.320791
461 0.111674 0.563541
462 0.502816 0.034808
463 0.769062 0.454470
464 0.045242 0.268470
465 0.878546 0.606746
466 0.757422 0.641330
467 0.391928 0.861900
468 0.771028 0.051077
469 0.744871 0.861456
470 0.639239 0.421418
471 0.977524 0.471148
472 0.109374 0.414218
473 0.990757 0.842326
474 0.678117 0.196307
475 0.904759 0.093274
476 0.415275 0.573517
477 0.018050 0.459284
478 0.373321 0.726057
479 0.706113 0.433243
480 0.491523 0.002887
481 0.943688 0.147375
482 0.673613 0.717168
483 0.908822 0.689034
484 0.247460 0.305230
485 0.257724 0.413776
486 0.770259 0.240349
487 0.240848 0.035458
488 0.617539 0.368500
489 0.663495 0.054241
490 0.064044 0.704921
491 0.920207 0.555702
492 0.525198 0.981212
493 0.623825 0.873099
494 0.427154 0.075078
495 0.499542 0.154108
496 0.544055 0.732415
497 0.954230 0.796663
498 0.655883 0.085200
499 0.771055 0.408511
2000
0 116
0 163
0 297
0 345
0 376
0 393
0 495
1 2
1 3
1 130
1 226
1 272
1 369
1 417
1 470
1 479
2 3
2 78
2 130
2 353
2 368
2 470
2 479
2 488
3 153
3 187
3 353
3 367
3 417
3 463
3 479
3 499
4 39
4 55
4 276
4 348
4 355
4 366
4 423
4 471
5 8
5 56
5 66
5 88
5 194
5 291
5 323
5 456
6 90
6 146
6 184
6 199
6 250
6 258
6 263
6 291
6 410
6 482
7 16
7 72
7 176
7 227
7 345
7 462
7 495
8 88
8 89
8 150
8 291
8 323
8 442
8 456
8 469
9 35
9 64
9 74
9 181
9 193
9 265
9 279
9 386
9 396
9 485
10 54
10 390
10 429
11 26
11 29
11 58
11 222
11 246
11 306
11 440
12 156
12 170
12 190
12 248
12 270
12 307
12 326
12 340
12 379
12 426
12 430
13 52
13 187
13 208
13 276
13 409
13 423
13 443
13 463
14 32
14 95
14 206
14 209
14 212
14 339
14 363
14 367
15 121
15 128
15 154
15 266
15 300
15 338
15 422
15 451
15 475
15 481
16 72
16 174
16 176
16 448
16 462
17 24
17 77
17 87
17 91
17 188
17 235
17 239
17 260
17 405
18 30
18 49
18 84
18 103
18 359
18 398
18 406
18 455
19 28
19 96
19 133
19 158
19 281
19 389
19 400
19 435
20 118
20 148
20 179
20 237
20 240
20 302
20 313
20 350
20 467
21 41
21 115
21 123
21 213
21 251
21 262
21 373
21 445
21 472
21 477
22 27
22 127
22 160
22 268
22 342
22 412
22 433
22 447
23 25
23 68
23 117
23 214
23 277
23 349
23 351
23 414
24 91
24 157
24 188
24 260
24 310
24 318
24 337
24 405
24 457
25 68
25 303
25 349
25 351
26 29
26 58
26 172
26 202
26 222
26 246
26 286
26 306
27 127
27 162
27 199
27 250
27 258
27 263
27 433
28 133
28 158
28 190
28 307
28 326
28 362
28 389
28 400
28 426
28 435
29 122
29 202
29 205
29 222
29 449
30 103
30 148
30 224
30 350
30 359
30 394
30 406
30 455
31 83
31 88
31 149
31 185
31 293
31 431
31 442
31 469
32 95
32 206
32 292
32 324
32 363
32 466
33 129
33 289
33 290
33 309
33 325
33 418
34 108
34 126
34 230
34 249
34 294
34 311
34 317
34 395
35 74
35 140
35 264
35 265
35 279
35 280
35 299
35 396
36 38
36 45
36 201
36 231
36 336
36 374
36 415
36 474
36 486
37 45
37 153
37 167
37 231
37 232
37 259
37 296
37 355
37 365
37 443
38 198
38 201
38 245
38 336
38 411
38 415
38 474
39 55
39 131
39 141
39 366
39 460
40 55
40 99
40 131
40 141
40 144
40 167
40 173
40 365
40 460
41 123
41 251
41 280
41 396
41 399
41 445
41 472
42 62
42 70
42 132
42 203
42 268
42 283
42 329
42 331
42 412
42 447
43 48
43 118
43 136
43 341
43 344
43 371
43 416
43 437
43 446
44 57
44 85
44 152
44 189
44 274
44 377
44 490
45 201
45 231
45 259
45 296
45 368
45 486
46 97
46 181
46 253
46 364
46 379
46 386
46 484
46 485
47 161
47 208
47 292
47 304
47 409
47 427
47 465
47 491
48 102
48 150
48 165
48 252
48 341
48 356
48 371
48 446
48 493
49 101
49 138
49 288
49 359
49 398
49 406
49 455
50 145
50 192
50 225
50 284
50 335
50 354
50 483
51 77
51 151
51 235
51 254
51 329
51 425
51 438
52 187
52 208
52 209
52 212
52 409
52 427
52 463
53 100
53 123
53 182
53 275
53 445
53 477
54 230
54 311
54 317
54 390
54 429
55 276
55 355
55 365
55 423
55 460
56 66
56 88
56 155
56 192
56 284
56 305
56 378
57 76
57 169
57 183
57 424
57 490
58 94
58 217
58 246
58 306
58 380
58 402
59 63
59 106
59 140
59 188
59 189
59 239
59 377
60 104
60 124
60 168
60 320
60 328
60 356
60 375
61 81
61 111
61 137
61 171
61 172
61 255
61 413
61 434
62 203
62 218
62 254
62 298
62 329
62 478
63 76
63 188
63 189
63 310
63 424
63 490
64 74
64 193
64 279
64 282
64 308
64 386
64 459
65 98
65 105
65 116
65 244
65 267
65 383
65 393
65 453
66 155
66 194
66 284
66 378
66 419
67 71
67 121
67 128
67 144
67 173
67 220
67 234
67 301
67 333
67 358
67 422
67 481
68 117
68 138
68 196
68 214
68 303
68 351
68 397
69 91
69 139
69 235
69 254
69 260
69 298
69 391
69 405
69 478
70 132
70 151
70 268
70 329
70 412
70 476
71 99
71 121
71 141
71 144
71 173
71 422
71 481
72 163
72 176
72 178
72 316
72 345
72 498
73 139
73 148
73 195
73 224
73 271
73 298
73 337
73 391
73 394
73 467
74 175
74 193
74 264
74 265
74 279
74 308
74 386
75 185
75 293
75 328
75 375
76 134
76 169
76 310
76 424
76 490
77 87
77 175
77 235
77 308
77 425
78 130
78 201
78 245
78 315
78 321
78 368
78 488
79 98
79 205
79 248
79 270
79 340
79 383
79 441
79 444
79 449
80 147
80 197
80 229
80 246
80 257
80 402
80 432
80 440
81 111
81 137
81 143
81 191
81 407
81 434
81 464
82 112
82 134
82 157
82 169
82 214
82 216
82 310
82 343
82 372
82 397
83 149
83 290
83 293
83 309
83 325
83 431
84 103
84 112
84 157
84 269
84 343
84 397
84 398
84 450
85 152
85 182
85 189
85 274
85 275
85 377
86 158
86 160
86 164
86 210
86 287
86 342
86 436
87 175
87 235
87 239
87 260
87 425
88 149
88 305
88 323
88 378
88 442
88 469
89 150
89 168
89 185
89 356
89 469
89 493
90 146
90 250
90 258
90 283
90 331
90 410
90 433
90 447
90 496
91 139
91 260
91 337
91 391
91 405
91 450
91 457
92 105
92 207
92 267
92 270
92 307
92 334
92 362
92 383
92 420
93 135
93 177
93 295
93 325
93 387
93 401
93 431
94 126
94 217
94 247
94 286
94 306
94 346
94 380
94 395
95 206
95 212
95 292
95 363
95 419
95 427
95 466
96 132
96 133
96 151
96 281
96 435
96 438
96 459
96 476
97 171
97 253
97 364
97 484
97 485
98 116
98 267
98 297
98 383
98 421
98 441
98 444
99 131
99 141
99 173
99 460
100 123
100 275
100 280
100 299
100 445
100 461
101 138
101 196
101 288
101 303
102 146
102 150
102 165
102 252
102 291
102 410
103 148
103 224
103 269
103 359
103 394
104 124
104 320
104 341
104 356
104 371
104 416
104 492
105 116
105 207
105 244
105 267
105 383
105 393
105 420
105 453
106 140
106 189
106 239
106 264
106 299
106 377
106 461
107 241
107 243
107 256
107 266
107 388
107 475
108 217
108 249
108 346
108 380
108 395
108 454
108 487
109 145
109 161
109 242
109 304
109 314
109 327
109 381
109 491
110 113
110 191
110 200
110 204
110 273
110 278
110 294
110 361
110 385
110 403
111 115
111 137
111 143
111 171
111 434
112 157
112 343
112 372
112 397
112 450
113 191
113 204
113 273
113 278
113 361
113 385
114 240
114 302
114 313
114 360
114 492
115 137
115 143
115 213
115 251
115 373
115 399
115 472
116 267
116 297
116 383
116 393
116 441
117 180
117 214
117 216
117 277
117 349
117 351
117 414
118 166
118 179
118 302
118 313
118 344
118 437
118 467
119 125
119 136
119 252
119 283
119 331
119 332
119 496
120 127
120 164
120 226
120 347
120 439
121 128
121 144
121 173
121 234
121 422
121 451
121 481
122 170
122 202
122 205
122 340
122 364
122 379
122 430
122 449
122 484
123 262
123 280
123 445
123 477
124 168
124 320
124 328
124 341
124 356
124 493
125 136
125 166
125 195
125 218
125 271
125 298
125 332
126 204
126 247
126 278
126 294
126 317
126 361
126 395
126 403
127 164
127 226
127 342
127 433
127 439
128 220
128 234
128 266
128 300
128 422
128 451
128 475
128 481
129 289
129 309
129 418
130 272
130 315
130 321
130 368
130 470
130 479
130 488
131 141
131 173
131 460
132 151
132 160
132 268
132 281
132 412
132 476
133 156
133 193
133 282
133 326
133 352
133 400
133 435
133 459
134 169
134 216
134 310
134 372
134 424
135 177
135 225
135 295
135 322
135 354
135 401
135 473
135 497
136 165
136 252
136 332
136 344
136 437
136 446
137 143
137 171
137 251
137 253
137 399
138 196
138 303
138 343
138 397
138 398
139 260
139 298
139 337
139 391
139 405
139 457
139 478
140 175
140 239
140 264
140 279
140 299
140 377
140 461
141 144
141 173
141 460
142 238
142 285
142 316
142 319
142 336
142 370
142 474
142 489
142 498
143 213
143 228
143 373
143 407
143 464
144 167
144 173
144 333
144 358
145 215
145 242
145 327
145 335
145 381
145 483
146 165
146 250
146 252
146 283
146 410
146 496
147 197
147 229
147 257
147 261
147 428
147 432
147 494
148 166
148 179
148 195
148 224
148 394
148 467
149 305
149 387
149 431
149 442
149 469
150 168
150 356
150 493
151 254
151 329
151 425
151 438
151 476
152 182
152 274
153 187
153 296
153 353
153 443
153 463
153 499
154 219
154 241
154 266
154 300
154 338
154 475
155 215
155 284
155 292
155 419
156 190
156 193
156 326
156 352
156 379
156 400
156 430
157 269
157 310
157 318
157 372
157 450
157 457
158 233
158 287
158 307
158 334
158 362
158 389
159 211
159 261
159 428
159 432
159 462
159 480
159 494
160 281
160 342
160 412
161 208
161 304
161 314
161 348
161 408
161 458
161 471
161 491
162 199
162 206
162 258
162 263
162 324
162 439
163 178
163 198
163 376
163 393
164 210
164 226
164 342
164 369
164 436
165 252
165 344
165 446
165 493
166 179
166 195
166 271
166 302
166 437
166 467
167 232
167 259
167 333
167 365
168 185
168 328
168 356
168 375
168 493
169 183
169 216
169 424
169 490
170 248
170 326
170 340
170 379
170 426
170 430
170 449
171 253
171 399
171 413
171 484
172 202
172 247
172 255
172 286
172 306
172 413
173 422
173 460
174 176
174 384
174 489
174 498
175 264
175 279
175 308
176 316
176 384
176 489
176 498
177 295
177 325
177 357
177 473
178 198
178 238
178 316
178 376
178 474
178 498
179 195
179 302
179 313
179 437
179 467
180 216
180 277
180 414
181 251
181 253
181 265
181 386
181 396
181 485
182 274
182 275
183 424
183 490
184 194
184 199
184 263
184 324
184 456
184 466
184 482
185 293
185 328
185 375
185 469
186 220
186 232
186 285
186 301
186 319
186 336
186 358
186 374
186 415
186 486
187 209
187 353
187 443
187 463
187 499
188 239
188 318
188 405
189 274
189 377
189 490
190 248
190 307
190 326
190 362
190 389
190 400
190 426
190 430
190 435
191 200
191 228
191 273
191 278
191 434
191 464
192 225
192 305
192 354
192 378
192 387
192 401
193 282
193 308
193 352
193 386
193 459
193 485
194 291
194 323
194 419
194 456
194 482
195 224
195 271
195 298
195 391
195 467
196 303
196 351
197 257
197 261
197 330
197 421
197 440
197 444
197 494
198 238
198 245
198 376
198 393
198 411
198 453
198 474
199 250
199 258
199 263
199 324
199 410
199 482
200 204
200 247
200 255
200 278
200 403
200 434
201 231
201 245
201 368
201 415
201 486
202 286
202 364
202 413
202 484
203 218
203 329
203 331
203 478
204 278
204 294
204 317
204 361
204 403
205 222
205 340
205 444
205 449
206 324
206 339
206 347
206 439
206 466
207 233
207 244
207 267
207 272
207 315
207 334
207 404
207 420
207 488
208 276
208 348
208 409
208 423
208 458
209 212
209 339
209 363
209 367
209 409
209 463
210 226
210 233
210 272
210 287
210 334
210 369
210 404
210 436
210 470
211 428
211 432
211 494
212 339
212 363
212 367
212 409
212 427
213 228
213 262
213 373
213 407
214 216
214 351
214 397
214 414
215 284
215 292
215 304
215 327
215 381
215 465
215 483
216 414
217 346
217 380
217 395
217 402
217 487
218 271
218 298
218 332
218 478
219 338
220 234
220 301
220 333
220 358
221 237
221 288
221 350
221 359
221 406
221 455
222 257
222 440
222 444
222 449
223 243
223 285
223 301
223 312
223 388
223 468
224 337
224 391
224 394
224 467
225 322
225 354
225 483
225 497
226 339
226 347
226 369
226 417
226 436
226 439
226 470
227 261
227 330
227 345
227 462
227 495
228 407
228 464
229 246
229 402
229 428
229 432
229 452
229 494
230 249
230 294
230 311
230 317
230 361
230 390
231 232
231 259
231 296
231 486
232 259
232 333
232 358
232 486
233 272
233 287
233 334
233 369
233 404
233 420
233 436
233 470
233 488
234 301
234 333
234 358
234 475
234 481
235 254
235 260
235 405
236 256
236 312
236 370
236 388
236 468
237 240
237 350
237 406
238 316
238 319
238 336
238 415
238 474
238 498
240 302
240 313
240 360
241 256
241 266
241 475
242 314
242 327
242 335
242 381
243 256
243 266
243 388
243 468
243 475
244 245
244 267
244 315
244 321
244 393
244 404
244 411
244 420
244 453
244 488
245 315
245 321
245 411
245 453
246 257
246 306
246 402
246 440
247 255
247 278
247 286
247 306
247 403
248 270
248 307
248 326
248 340
248 426
248 430
248 449
249 311
249 346
249 395
250 258
250 263
250 283
250 433
250 447
250 496
251 396
251 399
251 472
252 332
252 344
252 446
252 496
253 364
253 399
253 413
253 484
253 485
254 329
254 478
255 278
255 403
255 434
256 388
256 468
257 421
257 440
257 444
258 263
258 410
258 433
258 482
259 296
259 365
259 486
260 405
261 330
261 345
261 428
261 494
261 495
262 373
262 477
263 324
263 439
264 279
264 280
264 299
264 461
265 279
265 386
265 396
266 300
266 338
266 475
267 270
267 383
267 420
268 283
268 412
268 433
268 447
269 337
269 394
269 450
269 457
270 307
270 340
270 383
270 426
271 298
271 332
271 467
271 478
272 315
272 334
272 369
272 404
272 470
272 488
273 464
274 275
274 377
274 461
275 280
275 299
275 377
275 461
276 348
276 355
276 423
276 443
277 349
277 414
278 294
278 361
278 403
278 434
279 299
279 396
280 299
280 396
280 445
280 461
281 412
281 476
282 308
282 352
282 400
282 459
283 331
283 433
283 447
283 496
284 381
284 419
284 483
285 301
285 312
285 319
285 336
285 374
286 306
286 413
287 334
287 362
287 389
287 436
288 406
288 455
289 357
289 392
289 418
290 293
290 309
290 418
291 323
291 410
291 456
291 482
292 304
292 363
292 427
292 465
292 466
293 375
294 317
294 361
294 395
294 403
295 473
295 497
296 353
296 368
296 443
296 499
297 330
297 421
297 441
297 444
297 495
298 391
298 478
299 396
299 461
300 338
300 451
300 475
300 481
301 358
302 313
302 360
302 437
302 467
303 351
304 314
304 327
304 381
304 409
304 427
304 465
304 491
305 378
305 387
305 401
305 442
307 362
307 389
307 426
308 425
308 459
309 325
309 418
309 431
310 318
310 372
311 317
312 319
312 370
312 388
312 468
313 360
313 416
313 437
313 492
314 327
314 408
314 458
314 491
315 321
315 404
315 411
315 488
316 489
316 498
317 361
317 385
317 390
318 372
318 405
318 450
318 457
319 336
319 374
319 415
319 474
320 341
321 411
321 453
321 488
322 473
322 497
323 442
323 456
323 469
324 466
325 387
325 431
326 352
326 379
326 400
326 426
326 430
327 335
327 381
327 465
327 491
328 375
329 478
330 345
330 421
330 494
330 495
331 332
331 447
331 496
332 344
332 496
333 358
334 362
334 404
334 420
335 381
335 483
336 374
336 415
336 474
336 486
337 391
337 394
337 405
337 450
337 457
338 451
339 347
339 367
339 417
339 439
340 449
341 356
341 371
341 416
341 493
342 433
342 436
343 397
343 398
344 371
344 437
344 446
345 495
346 380
346 382
346 395
346 454
346 487
347 367
347 417
347 439
348 366
348 423
348 458
348 471
349 351
350 359
350 406
352 400
352 435
353 368
353 463
353 479
353 499
354 401
354 497
355 365
355 423
355 443
355 460
356 493
357 392
359 406
359 455
360 416
360 492
361 385
361 390
362 389
362 420
362 426
363 409
363 427
364 379
364 413
364 484
364 485
365 443
366 471
367 417
367 463
367 479
368 499
369 417
369 436
369 470
370 384
370 468
370 489
370 498
371 416
371 446
371 493
372 450
373 407
373 477
374 415
374 474
374 486
376 393
376 411
376 453
377 461
378 387
378 401
379 430
379 449
380 382
380 402
380 454
380 487
381 465
381 483
382 402
382 452
382 454
382 487
383 441
384 489
384 498
385 390
385 429
386 485
387 401
387 431
388 468
389 435
390 429
391 394
391 457
393 411
393 453
394 450
394 457
395 403
396 445
396 472
397 398
398 455
399 472
400 435
401 497
402 452
403 434
404 420
404 470
404 488
405 457
406 455
407 464
408 458
408 471
409 427
410 482
411 453
412 447
412 476
413 484
415 474
415 486
416 492
417 470
417 479
419 466
421 441
421 444
421 495
422 451
422 481
423 443
423 458
424 490
425 438
425 459
426 430
427 465
428 432
428 494
432 452
432 494
433 447
434 464
437 446
438 459
438 476
440 444
441 444
442 469
443 499
445 472
445 477
447 496
448 462
448 480
450 457
451 481
452 487
454 487
456 482
458 471
458 491
462 480
463 479
463 499
465 491
470 479
470 488
473 497
475 481
479 499
489 498
