500
0 0.236127 0.503334
1 0.367253 0.456657
2 0.748914 0.864057
3 0.784560 0.583828
4 0.645320 0.375887
5 0.331035 0.420382
6 0.152395 0.009802
7 0.306822 0.558862
8 0.561180 0.274815
9 0.664632 0.143235
10 0.734317 0.432924
11 0.802319 0.533473
12 0.130234 0.388615
13 0.011032 0.059167
14 0.138737 0.475707
15 0.364484 0.360889
16 0.730843 0.705182
17 0.039954 0.034694
18 0.902603 0.613121
19 0.511982 0.873778
20 0.013281 0.610429
21 0.688766 0.348348
22 0.264937 0.696580
23 0.522177 0.813895
24 0.588828 0.328348
25 0.355520 0.728869
26 0.354370 0.278036
27 0.438232 0.116845
28 0.220741 0.070197
29 0.823244 0.925407
30 0.482490 0.825443
31 0.829733 0.050581
32 0.514099 0.214224
33 0.290542 0.078004
34 0.715526 0.913805
35 0.952521 0.507259
36 0.061556 0.790623
37 0.444866 0.065984
38 0.778209 0.128767
39 0.750579 0.764174
40 0.947364 0.024416
41 0.011263 0.161120
42 0.563236 0.410763
43 0.281217 0.842233
44 0.270374 0.525473
45 0.250788 0.618821
46 0.244582 0.416240
47 0.136506 0.670771
48 0.554272 0.986558
49 0.222179 0.011559
50 0.366969 0.782314
51 0.059413 0.289818
52 0.751753 0.486672
53 0.513192 0.976152
54 0.970335 0.049544
55 0.742856 0.185489
56 0.478766 0.140785
57 0.335002 0.199433
58 0.981114 0.973468
59 0.324144 0.137034
60 0.049271 0.656851
61 0.275241 0.877028
62 0.734559 0.580470
63 0.832738 0.692625
64 0.223372 0.128520
65 0.009147 0.966339
66 0.893073 0.668583
67 0.167391 0.945954
68 0.117486 0.637464
69 0.186521 0.030345
70 0.915547 0.180940
71 0.322936 0.924395
72 0.834385 0.383565
73 0.543118 0.935169
74 0.813948 0.720142
75 0.883068 0.411838
76 0.724216 0.310953
77 0.861321 0.806664
78 0.825250 0.814641
79 0.693511 0.498309
80 0.795875 0.959990
81 0.159457 0.371519
82 0.320860 0.799951
83 0.362285 0.515693
84 0.563821 0.534357
85 0.512256 0.381078
86 0.805935 0.999880
87 0.965431 0.190100
88 0.844494 0.878779
89 0.835157 0.534196
90 0.047751 0.180384
91 0.108206 0.492583
92 0.465603 0.609760
93 0.484336 0.643574
94 0.728513 0.002176
95 0.462260 0.459983
96 0.245242 0.776752
97 0.607243 0.479424
98 0.762903 0.645531
99 0.161122 0.519495
100 0.951411 0.779764
101 0.634085 0.205422
102 0.513065 0.269080
103 0.437881 0.915000
104 0.381968 0.026961
105 0.912423 0.112170
106 0.645049 0.741307
107 0.508874 0.709520
108 0.555672 0.590933
109 0.209692 0.925209
110 0.156359 0.227200
111 0.489742 0.081222
112 0.578877 0.954494
113 0.252460 0.927599
114 0.047980 0.134149
115 0.211207 0.371202
116 0.979330 0.583435
117 0.128296 0.937782
118 0.172853 0.902565
119 0.557853 0.658286
120 0.413526 0.787261
121 0.123185 0.840339
122 0.058693 0.547092
123 0.140171 0.192633
124 0.250307 0.289771
125 0.209305 0.851263
126 0.014938 0.563036
127 0.249105 0.656407
128 0.118598 0.701618
129 0.670412 0.525876
130 0.254653 0.993956
131 0.829950 0.280264
132 0.428437 0.602262
133 0.840813 0.981910
134 0.883849 0.259622
135 0.876688 0.215236
136 0.605992 0.229376
137 0.765191 0.422854
138 0.853806 0.107127
139 0.100200 0.425925
140 0.812933 0.108684
141 0.919008 0.725490
142 0.061125 0.505479
143 0.276265 0.323789
144 0.920990 0.512855
145 0.425163 0.649790
146 0.880138 0.063898
147 0.736947 0.813012
148 0.077127 0.373315
149 0.356902 0.930081
150 0.961497 0.542379
151 0.839299 0.765550
152 0.088851 0.117805
153 0.849738 0.593626
154 0.669041 0.774808
155 0.951486 0.252649
156 0.112376 0.772737
157 0.678991 0.948399
158 0.509065 0.179538
159 0.773629 0.204553
160 0.963868 0.905547
161 0.614544 0.531898
162 0.629889 0.791354
163 0.291499 0.614397
164 0.871179 0.541788
165 0.124920 0.350067
166 0.234328 0.575656
167 0.011193 0.114805
168 0.188481 0.661070
169 0.784721 0.742051
170 0.579714 0.504302
171 0.824158 0.160297
172 0.396391 0.585680
173 0.342479 0.558428
174 0.647893 0.083013
175 0.177519 0.130771
176 0.146602 0.883334
177 0.864530 0.740829
178 0.609855 0.919770
179 0.264495 0.211908
180 0.399174 0.140366
181 0.971463 0.423063
182 0.516089 0.478479
183 0.858938 0.479820
184 0.175270 0.263466
185 0.737684 0.227482
186 0.821206 0.479267
187 0.059556 0.344527
188 0.538396 0.082444
189 0.302308 0.385623
190 0.020708 0.339401
191 0.870450 0.947720
192 0.220646 0.310696
193 0.672800 0.455214
194 0.274247 0.564706
195 0.969877 0.293423
196 0.283626 0.139974
197 0.434580 0.498351
198 0.987218 0.086493
199 0.991783 0.346784
200 0.640655 0.579112
201 0.481231 0.362224
202 0.896345 0.875490
203 0.321359 0.506927
204 0.747121 0.905479
205 0.122984 0.282797
206 0.553003 0.327454
207 0.697564 0.798655
208 0.306366 0.996080
209 0.732283 0.374961
210 0.951645 0.611066
211 0.159483 0.774845
212 0.383102 0.970155
213 0.138322 0.735002
214 0.956149 0.149436
215 0.512578 0.112707
216 0.464096 0.203571
217 0.723057 0.117812
218 0.211922 0.961846
219 0.691904 0.848912
220 0.911464 0.794277
221 0.581445 0.172132
222 0.987471 0.666362
223 0.804693 0.345270
224 0.650158 0.412011
225 0.553804 0.731581
226 0.993836 0.923223
227 0.939329 0.694870
228 0.215984 0.549742
229 0.799767 0.018915
230 0.783582 0.920772
231 0.690810 0.098822
232 0.735704 0.548523
233 0.758916 0.074580
234 0.638634 0.122308
235 0.664752 0.713385
236 0.294093 0.446870
237 0.469837 0.242076
238 0.349693 0.834272
239 0.714720 0.263690
240 0.127286 0.109174
241 0.343522 0.873909
242 0.302555 0.662232
243 0.464055 0.419587
244 0.256990 0.039333
245 0.421703 0.383709
246 0.159980 0.981718
247 0.309214 0.318321
248 0.002837 0.230489
249 0.552552 0.787840
250 0.639058 0.254932
251 0.472624 0.049091
252 0.493201 0.921483
253 0.953100 0.102462
254 0.401810 0.180332
255 0.596924 0.098956
256 0.746180 0.259310
257 0.479799 0.272905
258 0.585891 0.733979
259 0.015544 0.521854
260 0.807388 0.887878
261 0.760975 0.719240
262 0.008415 0.420844
263 0.080218 0.215797
264 0.888488 0.464093
265 0.680668 0.593309
266 0.705928 0.644039
267 0.016928 0.715172
268 0.321486 0.045667
269 0.697374 0.988866
270 0.810923 0.442950
271 0.911428 0.006196
272 0.991549 0.170357
273 0.892870 0.826503
274 0.399485 0.553797
275 0.291061 0.730000
276 0.464198 0.759610
277 0.143008 0.609119
278 0.940270 0.848471
279 0.477152 0.986630
280 0.694953 0.033566
281 0.599559 0.022215
282 0.378205 0.408410
283 0.819516 0.238408
284 0.398565 0.242380
285 0.358168 0.091220
286 0.988178 0.763034
287 0.502363 0.545672
288 0.751706 0.148528
289 0.459717 0.800193
290 0.920902 0.307480
291 0.593215 0.613386
292 0.798543 0.382486
293 0.389472 0.480385
294 0.988961 0.828134
295 0.621253 0.152902
296 0.378587 0.298598
297 0.006150 0.490615
298 0.185304 0.627374
299 0.291113 0.953634
300 0.008943 0.297779
301 0.844613 0.185774
302 0.002116 0.830609
303 0.841141 0.334565
304 0.041258 0.592506
305 0.177524 0.551075
306 0.765922 0.991136
307 0.030213 0.779152
308 0.455726 0.881280
309 0.361689 0.595858
310 0.428659 0.861356
311 0.082020 0.259279
312 0.680601 0.185642
313 0.926285 0.071445
314 0.245465 0.368279
315 0.561074 0.025557
316 0.656179 0.633476
317 0.458033 0.672908
318 0.386429 0.657184
319 0.621833 0.715231
320 0.158456 0.157358
321 0.652842 0.341433
322 0.945356 0.961114
323 0.457505 0.552133
324 0.657343 0.042806
325 0.574236 0.139261
326 0.443382 0.707423
327 0.295714 0.242382
328 0.621047 0.873943
329 0.998868 0.516027
330 0.452712 0.838911
331 0.297385 0.181893
332 0.187744 0.750857
333 0.387515 0.745104
334 0.960744 0.356532
335 0.033269 0.916967
336 0.081004 0.997276
337 0.767637 0.543065
338 0.925112 0.583392
339 0.103815 0.574791
340 0.352274 0.156486
341 0.395859 0.891898
342 0.629099 0.284857
343 0.378296 0.692683
344 0.396021 0.333681
345 0.514298 0.654326
346 0.232694 0.875813
347 0.517751 0.031849
348 0.862716 0.438241
349 0.480025 0.014310
350 0.561725 0.197754
351 0.937353 0.418893
352 0.171729 0.858028
353 0.617084 0.434058
354 0.183408 0.472873
355 0.344529 0.390660
356 0.352033 0.650928
357 0.234137 0.163096
358 0.221779 0.689694
359 0.634980 0.964038
360 0.666985 0.011057
361 0.337193 0.239294
362 0.801156 0.637233
363 0.742755 0.517639
364 0.776613 0.251137
365 0.107217 0.034623
366 0.077609 0.913625
367 0.456766 0.326461
368 0.084870 0.600627
369 0.329137 0.965729
370 0.544049 0.227267
371 0.555362 0.443680
372 0.643084 0.836752
373 0.442420 0.967818
374 0.093068 0.731715
375 0.102478 0.804390
376 0.872544 0.168856
377 0.117572 0.241596
378 0.497378 0.311834
379 0.794993 0.078784
380 0.171825 0.812088
381 0.688237 0.416566
382 0.525019 0.510172
383 0.569310 0.829150
384 0.092709 0.958712
385 0.007598 0.195777
386 0.289958 0.290310
387 0.686221 0.678725
388 0.355028 0.051898
389 0.564824 0.700541
390 0.819375 0.602553
391 0.204916 0.187323
392 0.732029 0.615027
393 0.877519 0.365499
394 0.875560 0.642276
395 0.891340 0.987379
396 0.115975 0.902859
397 0.095711 0.149244
398 0.762469 0.833661
399 0.209516 0.798274
400 0.575141 0.921675
401 0.118113 0.318619
402 0.564357 0.361698
403 0.005267 0.890254
404 0.035041 0.880332
405 0.921898 0.642155
406 0.398014 0.923325
407 0.941647 0.475592
408 0.741518 0.339136
409 0.777960 0.299035
410 0.959251 0.392870
411 0.019001 0.383593
412 0.919168 0.261731
413 0.169610 0.321043
414 0.193911 0.583661
415 0.502085 0.756048
416 0.569589 0.055937
417 0.880915 0.777647
418 0.611657 0.680085
419 0.074938 0.866034
420 0.437452 0.258308
421 0.324821 0.622770
422 0.069072 0.073253
423 0.426493 0.422925
424 0.707849 0.532648
425 0.765088 0.027436
426 0.595117 0.406743
427 0.430812 0.738066
428 0.941441 0.212904
429 0.023013 0.266728
430 0.060633 0.744007
431 0.759883 0.680484
432 0.515689 0.433922
433 0.648577 0.911966
434 0.325449 0.078093
435 0.101339 0.088363
436 0.028948 0.456155
437 0.986119 0.624153
438 0.592568 0.556139
439 0.068450 0.435979
440 0.358334 0.002524
441 0.539335 0.892760
442 0.506629 0.576855
443 0.042494 0.231500
444 0.586810 0.644602
445 0.269054 0.806648
446 0.589004 0.993060
447 0.389455 0.845942
448 0.794509 0.687391
449 0.290502 0.496965
450 0.200067 0.510807
451 0.775005 0.801760
452 0.599229 0.295125
453 0.267661 0.754379
454 0.112781 0.175815
455 0.755331 0.948542
456 0.151142 0.434738
457 0.441197 0.016523
458 0.091721 0.344758
459 0.408628 0.277550
460 0.196069 0.224606
461 0.293298 0.003836
462 0.903779 0.345044
463 0.129601 0.993650
464 0.569085 0.472583
465 0.775737 0.456336
466 0.329328 0.467156
467 0.670493 0.819151
468 0.405937 0.050087
469 0.908574 0.924331
470 0.838635 0.416828
471 0.327489 0.353808
472 0.864046 0.029356
473 0.991677 0.699403
474 0.081851 0.182532
475 0.489620 0.515325
476 0.704215 0.154281
477 0.725298 0.736408
478 0.322151 0.742638
479 0.654127 0.490490
480 0.192861 0.087610
481 0.170877 0.713764
482 0.292528 0.778005
483 0.817434 0.569861
484 0.779628 0.165775
485 0.246837 0.461226
486 0.109442 0.458833
487 0.436194 0.294893
488 0.883516 0.317268
489 0.230305 0.211483
490 0.211835 0.406612
491 0.985412 0.881586
492 0.376953 0.625828
493 0.842396 0.625634
494 0.209694 0.257890
495 0.046134 0.984379
496 0.983645 0.234166
497 0.830865 0.010938
498 0.003382 0.643692
499 0.995311 0.015517
3750
0 7
0 14
0 44
0 46
0 99
0 166
0 194
0 203
0 228
0 236
0 305
0 354
0 414
0 449
0 450
0 466
0 485
0 490
1 5
1 15
1 83
1 95
1 173
1 189
1 197
1 203
1 236
1 243
1 245
1 274
1 282
1 293
1 355
1 423
1 449
1 466
2 29
2 34
2 39
2 78
2 88
2 147
2 204
2 207
2 219
2 230
2 260
2 398
2 451
2 455
2 467
3 11
3 52
3 62
3 89
3 98
3 153
3 164
3 232
3 265
3 266
3 337
3 362
3 363
3 390
3 392
3 424
3 431
3 448
3 483
3 493
4 10
4 21
4 24
4 42
4 76
4 193
4 206
4 209
4 224
4 321
4 342
4 353
4 381
4 402
4 408
4 426
4 452
5 15
5 46
5 83
5 189
5 203
5 236
5 245
5 247
5 282
5 293
5 314
5 355
5 423
5 449
5 466
5 471
5 485
6 28
6 49
6 69
6 240
6 365
6 422
6 435
6 480
7 44
7 45
7 83
7 163
7 166
7 172
7 173
7 194
7 203
7 228
7 242
7 274
7 309
7 356
7 421
7 449
7 466
7 492
8 24
8 32
8 101
8 102
8 136
8 206
8 221
8 237
8 250
8 257
8 342
8 350
8 370
8 378
8 402
8 452
9 55
9 101
9 136
9 174
9 217
9 221
9 231
9 234
9 255
9 288
9 295
9 312
9 324
9 325
9 476
10 21
10 52
10 79
10 137
10 186
10 193
10 209
10 224
10 270
10 292
10 363
10 381
10 408
10 424
10 465
10 470
10 479
11 52
11 62
11 89
11 153
11 164
11 183
11 186
11 232
11 270
11 337
11 362
11 363
11 390
11 424
11 465
11 483
11 493
12 14
12 81
12 91
12 115
12 139
12 148
12 165
12 187
12 205
12 354
12 401
12 413
12 439
12 456
12 458
12 486
12 490
13 17
13 41
13 114
13 152
13 167
13 365
13 422
13 435
14 81
14 91
14 99
14 139
14 142
14 305
14 339
14 354
14 439
14 450
14 456
14 486
14 490
15 26
15 143
15 189
15 245
15 247
15 282
15 296
15 344
15 355
15 367
15 386
15 423
15 459
15 471
15 487
16 39
16 63
16 74
16 98
16 106
16 154
16 169
16 207
16 235
16 261
16 266
16 316
16 362
16 387
16 392
16 431
16 448
16 451
16 477
17 114
17 152
17 167
17 365
17 422
17 435
18 63
18 66
18 89
18 116
18 144
18 150
18 153
18 164
18 210
18 222
18 227
18 338
18 362
18 390
18 394
18 405
18 437
18 483
18 493
19 23
19 30
19 53
19 73
19 103
19 112
19 249
19 252
19 289
19 308
19 310
19 330
19 383
19 400
19 441
20 60
20 122
20 126
20 259
20 267
20 304
20 339
20 368
20 498
21 24
21 76
21 209
21 224
21 239
21 250
21 256
21 321
21 342
21 381
21 408
21 409
21 452
22 25
22 45
22 96
22 127
22 163
22 168
22 242
22 275
22 298
22 332
22 356
22 358
22 421
22 453
22 478
22 481
22 482
23 30
23 107
23 225
23 249
23 258
23 276
23 289
23 308
23 310
23 330
23 383
23 415
23 441
24 42
24 85
24 102
24 136
24 206
24 224
24 250
24 321
24 342
24 378
24 402
24 426
24 452
25 50
25 82
25 120
25 145
25 238
25 242
25 275
25 318
25 326
25 333
25 343
25 356
25 427
25 453
25 478
25 482
25 492
26 57
26 124
26 143
26 247
26 284
26 296
26 327
26 344
26 361
26 386
26 420
26 459
26 471
26 487
27 37
27 56
27 104
27 111
27 158
27 180
27 188
27 215
27 216
27 251
27 254
27 285
27 340
27 388
27 457
27 468
28 33
28 49
28 64
28 69
28 175
28 196
28 240
28 244
28 268
28 357
28 434
28 461
28 480
29 80
29 86
29 88
29 133
29 191
29 202
29 204
29 230
29 260
29 306
29 395
29 455
29 469
30 103
30 120
30 249
30 252
30 276
30 289
30 308
30 310
30 330
30 383
30 415
30 427
30 441
30 447
31 38
31 105
31 138
31 140
31 146
31 229
31 233
31 271
31 313
31 379
31 425
31 472
31 497
32 56
32 102
32 136
32 158
32 215
32 216
32 221
32 237
32 257
32 325
32 350
32 370
32 378
32 420
33 49
33 59
33 64
33 104
33 196
33 244
33 268
33 285
33 331
33 340
33 357
33 388
33 434
33 440
33 461
33 480
34 80
34 147
34 157
34 178
34 204
34 219
34 230
34 260
34 269
34 306
34 328
34 359
34 372
34 398
34 433
34 455
34 467
35 116
35 144
35 150
35 164
35 181
35 183
35 210
35 264
35 329
35 338
35 351
35 407
36 121
36 128
36 156
36 211
36 213
36 267
36 302
36 307
36 374
36 375
36 404
36 419
36 430
37 56
37 104
37 111
37 180
37 188
37 215
37 251
37 285
37 347
37 349
37 388
37 457
37 468
38 55
38 138
38 140
38 159
38 171
38 217
38 231
38 233
38 288
38 301
38 376
38 379
38 425
38 476
38 484
39 74
39 78
39 147
39 151
39 154
39 169
39 207
39 219
39 235
39 261
39 398
39 431
39 448
39 451
39 467
39 477
40 54
40 105
40 146
40 198
40 253
40 271
40 313
40 472
40 499
41 90
41 114
41 152
41 167
41 248
41 263
41 385
41 397
41 422
41 429
41 443
41 454
41 474
42 85
42 97
42 170
42 182
42 201
42 206
42 224
42 243
42 353
42 371
42 402
42 426
42 432
42 464
43 50
43 61
43 71
43 82
43 96
43 113
43 125
43 238
43 241
43 346
43 399
43 445
43 453
43 482
44 45
44 83
44 163
44 166
44 173
44 194
44 203
44 228
44 236
44 305
44 354
44 414
44 449
44 450
44 466
44 485
45 127
45 163
45 166
45 168
45 194
45 228
45 242
45 298
45 305
45 356
45 358
45 414
45 421
46 81
46 115
46 143
46 189
46 236
46 314
46 354
46 355
46 449
46 450
46 456
46 466
46 471
46 485
46 490
47 60
47 68
47 128
47 156
47 168
47 213
47 277
47 298
47 332
47 339
47 358
47 368
47 374
47 414
47 430
47 481
48 53
48 73
48 112
48 178
48 252
48 279
48 359
48 400
48 441
48 446
49 69
49 244
49 268
49 461
49 480
50 82
50 120
50 238
50 241
50 275
50 276
50 289
50 310
50 330
50 333
50 343
50 427
50 445
50 447
50 453
50 478
50 482
51 148
51 165
51 187
51 190
51 205
51 248
51 263
51 300
51 311
51 377
51 401
51 411
51 429
51 443
51 458
52 62
52 79
52 89
52 129
52 137
52 186
52 193
52 232
52 270
52 337
52 363
52 381
52 424
52 465
52 479
52 483
53 73
53 103
53 112
53 252
53 279
53 373
53 400
53 441
53 446
54 105
54 146
54 198
54 214
54 253
54 271
54 313
54 499
55 140
55 159
55 171
55 185
55 217
55 231
55 239
55 256
55 283
55 288
55 301
55 312
55 364
55 476
55 484
56 111
56 158
56 180
56 188
56 215
56 216
56 237
56 251
56 254
56 325
56 350
57 59
57 179
57 180
57 196
57 254
57 284
57 327
57 331
57 340
57 361
57 386
57 489
58 160
58 226
58 322
58 395
58 469
58 491
59 64
59 179
59 180
59 196
59 254
59 268
59 285
59 331
59 340
59 357
59 361
59 388
59 434
60 68
60 126
60 128
60 267
60 277
60 304
60 339
60 368
60 374
60 430
60 498
61 71
61 82
61 96
61 109
61 113
61 118
61 125
61 149
61 218
61 238
61 241
61 299
61 346
61 352
61 369
61 399
61 445
61 482
62 79
62 98
62 129
62 200
62 232
62 265
62 266
62 316
62 337
62 362
62 363
62 390
62 392
62 424
62 431
62 483
63 66
63 74
63 98
63 141
63 151
63 153
63 169
63 177
63 261
63 362
63 390
63 394
63 405
63 417
63 431
63 448
63 493
64 69
64 123
64 175
64 179
64 196
64 240
64 244
64 320
64 331
64 357
64 391
64 460
64 480
64 489
65 335
65 336
65 366
65 384
65 403
65 404
65 495
66 74
66 141
66 153
66 177
66 210
66 222
66 227
66 338
66 362
66 390
66 394
66 405
66 437
66 448
66 473
66 493
67 109
67 113
67 117
67 118
67 125
67 130
67 176
67 218
67 246
67 336
67 346
67 352
67 366
67 384
67 396
67 463
68 128
68 168
68 213
68 277
68 298
68 304
68 305
68 339
68 368
68 374
68 414
68 481
69 175
69 240
69 244
69 365
69 435
69 480
70 87
70 105
70 134
70 135
70 138
70 155
70 171
70 214
70 253
70 272
70 301
70 376
70 412
70 428
70 496
71 113
71 130
71 149
71 208
71 212
71 238
71 241
71 299
71 341
71 346
71 369
71 406
71 447
72 75
72 131
72 137
72 183
72 186
72 209
72 223
72 264
72 270
72 292
72 303
72 348
72 393
72 408
72 409
72 462
72 465
72 470
72 488
73 112
73 178
73 252
73 279
73 308
73 328
73 359
73 373
73 400
73 441
73 446
74 77
74 78
74 98
74 141
74 151
74 169
74 177
74 261
74 362
74 394
74 417
74 431
74 448
74 451
74 477
74 493
75 181
75 183
75 186
75 223
75 264
75 270
75 292
75 303
75 334
75 348
75 351
75 393
75 407
75 410
75 462
75 470
75 488
76 185
76 209
76 223
76 239
76 250
76 256
76 292
76 321
76 342
76 364
76 408
76 409
77 78
77 88
77 100
77 141
77 151
77 169
77 177
77 202
77 220
77 260
77 273
77 278
77 398
77 417
77 451
78 88
78 147
78 151
78 169
78 177
78 202
78 220
78 260
78 273
78 398
78 417
78 451
79 97
79 129
79 137
79 161
79 193
79 200
79 224
79 232
79 265
79 337
79 353
79 363
79 381
79 424
79 465
79 479
80 86
80 88
80 133
80 191
80 204
80 230
80 260
80 269
80 306
80 395
80 455
81 115
81 139
81 148
81 165
81 187
81 192
81 205
81 314
81 354
81 401
81 413
81 456
81 458
81 486
81 490
82 96
82 120
82 238
82 241
82 275
82 333
82 445
82 447
82 453
82 478
82 482
83 172
83 173
83 194
83 197
83 203
83 236
83 274
83 293
83 309
83 323
83 449
83 466
84 97
84 108
84 161
84 170
84 182
84 200
84 287
84 291
84 371
84 382
84 438
84 442
84 464
84 475
84 479
85 95
85 182
85 201
85 206
85 243
85 245
85 367
85 371
85 378
85 402
85 423
85 426
85 432
86 133
86 191
86 230
86 306
86 395
86 455
87 105
87 135
87 155
87 195
87 198
87 214
87 253
87 272
87 376
87 412
87 428
87 496
88 133
88 191
88 202
88 204
88 230
88 260
88 273
88 278
88 398
88 451
88 469
89 144
89 153
89 164
89 183
89 186
89 232
89 264
89 270
89 337
89 338
89 348
89 363
89 390
89 465
89 483
89 493
90 114
90 123
90 152
90 167
90 248
90 263
90 311
90 377
90 385
90 397
90 429
90 443
90 454
90 474
91 99
91 122
91 139
91 142
91 259
91 297
91 305
91 339
91 354
91 436
91 439
91 450
91 456
91 486
92 93
92 108
92 119
92 132
92 145
92 172
92 274
92 287
92 309
92 317
92 318
92 323
92 326
92 345
92 442
92 475
92 492
93 107
93 108
93 119
93 132
93 145
93 172
93 287
93 317
93 318
93 323
93 326
93 345
93 389
93 442
93 444
94 229
94 231
94 233
94 280
94 324
94 360
94 379
94 425
94 497
95 182
95 197
95 201
95 243
95 245
95 282
95 287
95 293
95 323
95 371
95 382
95 423
95 432
95 475
96 125
96 211
96 275
96 332
96 346
96 358
96 380
96 399
96 445
96 453
96 478
96 481
96 482
97 129
97 161
97 170
97 182
97 193
97 200
97 224
97 353
97 371
97 381
97 382
97 426
97 432
97 438
97 464
97 479
98 153
98 169
98 232
98 261
98 265
98 266
98 337
98 362
98 387
98 390
98 392
98 431
98 448
98 477
98 483
98 493
99 122
99 142
99 166
99 228
99 277
99 305
99 339
99 354
99 414
99 450
99 456
99 485
99 486
100 141
100 177
100 220
100 227
100 273
100 278
100 286
100 294
100 417
100 473
101 136
101 185
101 221
101 234
101 239
101 250
101 295
101 312
101 325
101 342
101 350
101 370
101 452
101 476
102 136
102 158
102 201
102 206
102 216
102 237
102 257
102 350
102 367
102 370
102 378
102 402
102 420
102 452
102 459
102 487
103 149
103 212
103 241
103 252
103 279
103 308
103 310
103 330
103 341
103 373
103 406
103 441
103 447
104 251
104 268
104 285
104 349
104 388
104 434
104 440
104 457
104 461
104 468
105 138
105 140
105 146
105 171
105 198
105 214
105 253
105 271
105 272
105 301
105 313
105 376
105 428
105 472
106 154
106 162
106 207
106 225
106 235
106 249
106 258
106 319
106 372
106 387
106 389
106 418
106 467
106 477
107 119
107 145
107 225
107 249
107 258
107 276
107 289
107 317
107 326
107 345
107 389
107 415
107 427
107 444
108 119
108 161
108 170
108 200
108 287
108 291
108 323
108 345
108 382
108 418
108 438
108 442
108 444
108 475
109 113
109 117
109 118
109 125
109 130
109 176
109 218
109 246
109 299
109 346
109 352
109 396
109 463
110 123
110 175
110 184
110 192
110 205
110 263
110 311
110 320
110 357
110 377
110 391
110 397
110 401
110 413
110 454
110 460
110 474
110 489
110 494
111 158
111 188
111 215
111 251
111 315
111 325
111 347
111 349
111 416
111 457
111 468
112 157
112 178
112 252
112 328
112 359
112 400
112 433
112 441
112 446
113 118
113 125
113 130
113 149
113 208
113 218
113 241
113 299
113 346
113 369
114 152
114 167
114 240
114 263
114 385
114 397
114 422
114 435
114 443
114 454
114 474
115 124
115 143
115 165
115 189
115 192
115 314
115 354
115 413
115 456
115 485
115 490
116 144
116 150
116 210
116 222
116 329
116 338
116 405
116 437
117 118
117 121
117 176
117 218
117 246
117 335
117 336
117 352
117 366
117 384
117 396
117 419
117 463
117 495
118 121
118 125
118 176
118 218
118 246
118 346
118 352
118 366
118 380
118 384
118 396
118 419
118 463
119 225
119 258
119 291
119 316
119 317
119 319
119 345
119 389
119 418
119 442
119 444
120 238
120 276
120 289
120 308
120 310
120 326
120 330
120 333
120 341
120 343
120 415
120 427
120 447
120 478
121 125
121 156
121 176
121 211
121 352
121 366
121 375
121 380
121 396
121 399
121 404
121 419
122 126
122 142
122 259
122 277
122 297
122 304
122 339
122 368
122 436
122 486
123 152
123 175
123 184
123 205
123 240
123 263
123 311
123 320
123 357
123 377
123 391
123 397
123 443
123 454
123 460
123 474
123 489
123 494
124 143
124 179
124 184
124 192
124 247
124 314
124 327
124 361
124 386
124 413
124 460
124 471
124 489
124 494
125 176
125 211
125 332
125 346
125 352
125 380
125 399
125 445
126 142
126 259
126 297
126 304
126 339
126 368
126 498
127 163
127 166
127 168
127 194
127 242
127 275
127 298
127 356
127 358
127 414
127 421
127 453
127 481
128 156
128 168
128 211
128 213
128 267
128 277
128 298
128 332
128 358
128 374
128 375
128 430
128 481
129 161
129 170
129 193
129 200
129 232
129 265
129 337
129 353
129 363
129 424
129 438
129 479
130 208
130 218
130 246
130 299
130 369
131 134
131 135
131 159
131 185
131 223
131 256
131 283
131 290
131 301
131 303
131 364
131 393
131 408
131 409
131 412
131 462
131 488
132 145
132 172
132 173
132 197
132 274
132 287
132 309
132 317
132 318
132 323
132 326
132 343
132 345
132 356
132 421
132 442
132 475
132 492
133 191
133 230
133 260
133 306
133 395
133 455
133 469
134 135
134 155
134 195
134 283
134 290
134 301
134 303
134 376
134 393
134 412
134 428
134 462
134 488
134 496
135 155
135 159
135 171
135 214
135 283
135 290
135 301
135 364
135 376
135 412
135 428
135 488
136 221
136 250
136 295
136 312
136 325
136 342
136 350
136 370
136 452
137 186
137 193
137 209
137 223
137 270
137 292
137 348
137 363
137 381
137 408
137 465
137 470
138 140
138 146
138 171
138 229
138 233
138 253
138 301
138 313
138 376
138 379
138 472
138 484
138 497
139 142
139 148
139 165
139 187
139 262
139 354
139 411
139 436
139 439
139 456
139 458
139 486
140 146
140 159
140 171
140 217
140 229
140 233
140 288
140 301
140 376
140 379
140 425
140 472
140 484
140 497
141 151
141 177
141 220
141 222
141 227
141 273
141 286
141 394
141 405
141 417
141 473
142 259
142 262
142 297
142 304
142 339
142 368
142 436
142 439
142 486
143 189
143 192
143 247
143 296
143 314
143 327
143 355
143 361
143 386
143 471
143 490
143 494
144 150
144 164
144 181
144 183
144 186
144 210
144 264
144 329
144 338
144 348
144 351
144 407
145 172
145 274
145 309
145 317
145 318
145 323
145 326
145 333
145 343
145 345
145 356
145 421
145 427
145 492
146 229
146 253
146 271
146 313
146 376
146 379
146 472
146 497
147 154
147 169
147 204
147 207
147 219
147 260
147 261
147 372
147 398
147 451
147 467
147 477
148 165
148 187
148 190
148 205
148 262
148 300
148 401
148 411
148 413
148 436
148 439
148 456
148 458
148 486
149 208
149 212
149 238
149 241
149 299
149 310
149 341
149 369
149 373
149 406
149 447
150 164
150 210
150 329
150 338
150 407
150 437
151 169
151 177
151 220
151 261
151 273
151 398
151 417
151 448
151 451
152 167
152 175
152 240
152 263
152 320
152 365
152 397
152 422
152 435
152 454
152 474
153 164
153 210
153 337
153 338
153 362
153 390
153 394
153 405
153 483
153 493
154 162
154 207
154 219
154 235
154 258
154 319
154 372
154 387
154 467
154 477
155 195
155 199
155 214
155 272
155 290
155 334
155 412
155 428
155 462
155 488
155 496
156 211
156 213
156 307
156 332
156 352
156 374
156 375
156 380
156 399
156 419
156 430
156 481
157 178
157 204
157 219
157 269
157 306
157 328
157 359
157 433
157 446
157 455
158 188
158 215
158 216
158 221
158 237
158 257
158 325
158 350
158 370
159 171
159 185
159 217
159 239
159 256
159 283
159 288
159 301
159 312
159 364
159 376
159 409
159 476
159 484
160 191
160 202
160 226
160 273
160 278
160 294
160 322
160 469
160 491
161 170
161 193
161 200
161 265
161 291
161 353
161 371
161 382
161 424
161 438
161 464
161 479
162 207
162 219
162 225
162 235
162 249
162 258
162 319
162 328
162 372
162 383
162 467
163 166
163 173
163 194
163 228
163 242
163 309
163 318
163 356
163 358
163 414
163 421
163 492
164 183
164 186
164 210
164 264
164 337
164 338
164 348
164 390
164 394
164 407
164 483
164 493
165 184
165 187
165 190
165 192
165 205
165 311
165 401
165 413
165 439
165 456
165 458
165 490
166 168
166 194
166 228
166 277
166 298
166 305
166 414
166 421
166 449
166 450
167 385
167 397
167 422
167 435
167 474
168 213
168 277
168 298
168 332
168 358
168 414
168 481
169 177
169 207
169 261
169 362
169 398
169 417
169 431
169 448
169 451
169 477
170 182
170 193
170 200
170 287
170 353
170 371
170 382
170 426
170 432
170 438
170 442
170 464
170 475
170 479
171 283
171 288
171 301
171 364
171 376
171 379
171 484
172 173
172 197
172 274
172 293
172 309
172 318
172 323
172 356
172 421
172 492
173 194
173 203
173 274
173 293
173 309
173 356
173 421
173 449
173 466
173 492
174 217
174 231
174 234
174 255
174 280
174 281
174 295
174 315
174 324
174 325
174 360
174 416
174 476
175 240
175 320
175 357
175 391
175 397
175 435
175 454
175 460
175 480
175 489
176 218
176 246
176 346
176 352
176 366
176 375
176 380
176 384
176 396
176 399
176 419
177 220
177 227
177 261
177 273
177 394
177 417
177 448
178 328
178 359
178 372
178 383
178 400
178 433
178 441
178 446
179 184
179 196
179 327
179 331
179 340
179 357
179 361
179 386
179 391
179 460
179 489
179 494
180 216
180 254
180 284
180 285
180 340
180 388
180 434
180 468
181 199
181 264
181 329
181 334
181 351
181 407
181 410
181 462
182 197
182 243
182 287
182 323
182 371
182 382
182 423
182 432
182 442
182 464
182 475
183 186
183 264
183 270
183 348
183 351
183 407
183 465
183 470
183 483
184 192
184 205
184 263
184 311
184 377
184 391
184 401
184 413
184 460
184 489
184 494
185 239
185 250
185 256
185 283
185 288
185 312
185 364
185 409
185 476
185 484
186 264
186 270
186 292
186 337
186 348
186 363
186 465
186 470
186 483
187 190
187 205
187 262
187 300
187 311
187 401
187 411
187 429
187 439
187 458
188 215
188 221
188 251
188 255
188 281
188 315
188 325
188 347
188 349
188 416
189 236
189 247
189 282
189 314
189 355
189 386
189 466
189 471
189 485
189 490
190 262
190 300
190 311
190 401
190 411
190 429
190 458
191 202
191 230
191 260
191 322
191 395
191 469
192 205
192 247
192 314
192 327
192 386
192 401
192 413
192 460
192 489
192 490
192 494
193 209
193 224
193 353
193 363
193 381
193 424
193 426
193 464
193 465
193 479
194 203
194 228
194 242
194 305
194 309
194 414
194 421
194 449
194 450
195 199
195 290
195 334
195 410
195 412
195 428
195 462
195 488
195 496
196 244
196 268
196 285
196 327
196 331
196 340
196 357
196 391
196 434
196 480
196 489
197 243
197 274
197 282
197 287
197 293
197 323
197 382
197 423
197 432
197 475
198 214
198 253
198 272
198 313
198 499
199 290
199 334
199 351
199 410
199 462
200 232
200 265
200 266
200 291
200 316
200 392
200 418
200 424
200 438
200 444
200 479
201 206
201 243
201 245
201 257
201 344
201 367
201 378
201 402
201 423
201 432
201 487
202 220
202 260
202 273
202 278
202 294
202 322
202 417
202 469
202 491
203 236
203 274
203 293
203 309
203 449
203 466
203 485
204 219
204 230
204 260
204 269
204 306
204 398
204 433
204 455
205 263
205 311
205 377
205 401
205 413
205 429
205 443
205 458
205 460
205 494
206 257
206 321
206 342
206 367
206 370
206 378
206 402
206 426
206 452
207 219
207 235
207 261
207 372
207 398
207 451
207 467
207 477
208 212
208 218
208 299
208 369
209 223
209 224
209 270
209 292
209 321
209 381
209 408
209 409
209 465
210 222
210 227
210 329
210 338
210 394
210 405
210 437
210 473
211 213
211 332
211 352
211 358
211 374
211 375
211 380
211 399
211 430
211 481
212 241
212 279
212 299
212 341
212 369
212 373
212 406
213 332
213 358
213 374
213 375
213 380
213 399
213 430
213 481
214 253
214 272
214 313
214 376
214 428
214 496
215 216
215 221
215 251
215 255
215 315
215 325
215 347
215 349
215 350
215 416
216 237
216 254
216 257
216 284
216 350
216 370
216 420
216 459
216 487
217 231
217 233
217 234
217 280
217 288
217 312
217 324
217 379
217 425
217 476
217 484
218 246
218 299
218 346
218 463
219 328
219 372
219 398
219 433
219 451
219 467
220 227
220 273
220 278
220 286
220 294
220 417
221 234
221 250
221 255
221 295
221 312
221 325
221 350
221 370
222 227
222 286
222 338
222 405
222 437
222 473
223 256
223 270
223 292
223 303
223 364
223 393
223 408
223 409
223 462
223 470
223 488
224 321
224 353
224 371
224 381
224 402
224 426
224 464
224 479
225 249
225 258
225 276
225 319
225 345
225 383
225 389
225 415
225 418
225 444
226 278
226 294
226 322
226 469
226 491
227 286
227 394
227 405
227 417
227 437
227 473
228 277
228 298
228 305
228 354
228 414
228 449
228 450
228 485
229 233
229 280
229 379
229 425
229 472
229 497
230 260
230 306
230 398
230 455
231 233
231 234
231 255
231 280
231 288
231 295
231 312
231 324
231 360
231 379
231 425
231 476
232 265
232 266
232 337
232 363
232 390
232 392
232 424
232 465
232 479
232 483
233 280
233 288
233 379
233 425
233 476
233 484
233 497
234 255
234 280
234 295
234 312
234 324
234 325
234 416
234 476
235 258
235 261
235 266
235 316
235 319
235 387
235 389
235 418
235 431
235 444
235 467
235 477
236 282
236 293
236 314
236 355
236 449
236 466
236 471
236 485
236 490
237 254
237 257
237 284
237 350
237 367
237 370
237 378
237 420
237 459
237 487
238 241
238 310
238 330
238 333
238 341
238 406
238 445
238 447
238 478
238 482
239 250
239 256
239 312
239 321
239 342
239 364
239 408
239 409
240 320
240 365
240 397
240 422
240 435
240 454
240 474
240 480
241 299
241 310
241 341
241 369
241 406
241 445
241 447
242 275
242 309
242 318
242 343
242 356
242 358
242 421
242 453
242 478
242 492
243 245
243 282
243 293
243 367
243 371
243 423
243 432
243 475
244 268
244 388
244 434
244 461
244 480
245 282
245 293
245 296
245 344
245 355
245 367
245 378
245 423
245 471
245 487
246 336
246 384
246 396
246 463
247 296
247 314
247 327
247 344
247 355
247 361
247 386
247 471
248 263
248 300
248 311
248 385
248 429
248 443
248 474
249 258
249 276
249 289
249 319
249 372
249 383
249 389
249 415
249 441
250 295
250 312
250 321
250 342
250 350
250 370
250 452
251 315
251 347
251 349
251 416
251 457
251 468
252 279
252 308
252 310
252 330
252 341
252 373
252 400
252 406
252 441
253 271
253 272
253 313
253 376
253 499
254 284
254 285
254 331
254 340
254 361
254 420
254 459
255 281
255 295
255 315
255 324
255 325
255 347
255 350
255 416
256 283
256 312
256 364
256 408
256 409
256 484
257 284
257 296
257 344
257 367
257 370
257 378
257 420
257 459
257 487
258 319
258 383
258 389
258 415
258 418
258 444
259 262
259 297
259 304
259 339
259 368
259 436
259 439
260 273
260 398
260 451
260 455
261 266
261 362
261 387
261 431
261 448
261 451
261 477
262 297
262 411
262 436
262 439
263 311
263 320
263 377
263 385
263 397
263 429
263 443
263 454
263 474
264 270
264 348
264 351
264 393
264 407
264 410
264 470
265 266
265 291
265 316
265 337
265 363
265 387
265 392
265 424
265 438
265 479
266 316
266 362
266 387
266 392
266 418
266 431
266 448
266 477
267 307
267 374
267 430
267 498
268 285
268 388
268 434
268 440
268 461
268 468
269 306
269 359
269 433
269 455
270 292
270 348
270 363
270 393
270 465
270 470
271 313
271 472
271 497
271 499
272 428
272 496
273 278
273 294
273 417
273 469
274 287
274 293
274 309
274 318
274 323
274 421
274 475
274 492
275 332
275 333
275 343
275 356
275 358
275 399
275 445
275 453
275 478
275 482
276 289
276 317
276 326
276 330
276 333
276 415
276 427
277 298
277 304
277 305
277 339
277 368
277 414
278 286
278 294
278 417
278 469
278 491
279 373
279 406
280 281
280 324
280 360
280 425
281 315
281 324
281 347
281 360
281 416
282 293
282 344
282 355
282 423
282 466
282 471
283 301
283 303
283 364
283 376
283 409
283 412
283 484
283 488
284 296
284 327
284 340
284 344
284 361
284 367
284 420
284 459
284 487
285 340
285 388
285 434
285 440
285 468
286 294
286 473
287 323
287 382
287 438
287 442
287 464
287 475
288 301
288 312
288 364
288 379
288 476
288 484
289 308
289 310
289 326
289 330
289 333
289 415
289 427
289 447
290 303
290 334
290 393
290 410
290 412
290 428
290 462
290 488
290 496
291 316
291 319
291 345
291 389
291 418
291 438
291 442
291 444
292 303
292 348
292 393
292 408
292 409
292 465
292 470
293 323
293 355
293 423
293 449
293 466
293 475
294 491
295 312
295 325
295 350
295 476
296 327
296 344
296 355
296 361
296 367
296 386
296 420
296 459
296 471
296 487
297 436
297 439
298 305
298 339
298 358
298 368
298 414
298 481
299 346
299 369
300 311
300 385
300 411
300 429
300 443
300 458
301 364
301 376
301 428
301 484
302 307
302 335
302 375
302 403
302 404
302 419
302 430
303 348
303 364
303 393
303 408
303 409
303 462
303 470
303 488
304 339
304 368
304 498
305 339
305 354
305 368
305 414
305 450
306 455
307 374
307 375
307 404
307 419
307 430
308 310
308 330
308 341
308 373
308 406
308 441
308 447
309 318
309 323
309 343
309 356
309 421
309 492
310 330
310 341
310 406
310 447
311 377
311 385
311 401
311 429
311 443
311 454
311 458
311 474
312 476
312 484
313 472
313 499
314 355
314 386
314 413
314 471
314 485
314 490
315 324
315 347
315 349
315 416
316 319
316 387
316 392
316 418
316 438
316 444
317 318
317 326
317 333
317 343
317 345
317 415
317 427
317 492
318 326
318 333
318 343
318 356
318 421
318 427
318 492
319 387
319 389
319 418
319 444
319 477
320 357
320 377
320 391
320 397
320 435
320 454
320 460
320 474
320 480
320 489
321 342
321 353
321 381
321 402
321 408
321 426
321 452
322 395
322 469
322 491
323 382
323 442
323 475
324 360
324 416
325 350
325 370
325 416
326 333
326 343
326 345
326 415
326 427
326 492
327 331
327 340
327 357
327 361
327 386
327 391
327 460
327 489
327 494
328 359
328 372
328 383
328 400
328 433
328 441
328 467
329 338
329 407
330 341
330 406
330 415
330 427
330 441
330 447
331 340
331 357
331 361
331 391
331 489
332 358
332 374
332 375
332 380
332 399
332 445
332 453
332 481
333 343
333 356
333 427
333 447
333 478
333 482
334 351
334 393
334 410
334 412
334 462
334 488
335 336
335 366
335 384
335 396
335 403
335 404
335 419
335 495
336 366
336 384
336 396
336 463
336 495
337 362
337 363
337 390
337 392
337 424
337 465
337 483
338 394
338 405
338 437
338 493
339 368
339 414
340 361
340 388
340 434
341 369
341 373
341 406
341 447
342 370
342 402
342 452
343 356
343 421
343 427
343 478
343 492
344 355
344 367
344 378
344 420
344 423
344 459
344 471
344 487
345 389
345 415
345 418
345 442
345 444
346 352
346 380
346 399
346 445
347 349
347 416
347 457
348 351
348 393
348 407
348 462
348 465
348 470
349 416
349 457
349 468
350 370
350 452
351 393
351 407
351 410
351 462
351 470
352 375
352 380
352 396
352 399
352 419
353 371
353 381
353 402
353 426
353 432
353 464
353 479
354 450
354 456
354 485
354 486
354 490
355 423
355 466
355 471
356 421
356 478
356 492
357 391
357 460
357 480
357 489
357 494
358 453
358 481
359 400
359 433
359 446
360 425
361 386
361 420
361 459
362 390
362 392
362 394
362 431
362 448
362 483
362 493
363 392
363 424
363 465
363 479
363 483
364 408
364 409
364 484
365 422
365 435
365 480
366 384
366 396
366 403
366 404
366 419
366 463
366 495
367 378
367 420
367 423
367 459
367 487
368 498
369 406
370 378
370 452
371 382
371 402
371 426
371 432
371 464
371 475
372 383
372 433
372 467
373 406
374 375
374 430
374 481
375 380
375 396
375 404
375 419
375 430
376 412
376 428
376 484
377 391
377 397
377 401
377 413
377 429
377 443
377 454
377 458
377 460
377 474
377 494
378 402
378 420
378 452
378 459
378 487
379 425
379 472
379 484
379 497
380 399
380 445
380 481
381 408
381 426
381 465
381 479
382 432
382 438
382 442
382 464
382 475
383 400
383 415
383 441
383 467
384 396
384 404
384 419
384 463
384 495
385 397
385 429
385 443
385 474
386 471
386 489
386 494
387 392
387 418
387 431
387 444
387 477
388 434
388 440
388 457
388 461
388 468
389 415
389 418
389 444
390 392
390 394
390 431
390 448
390 483
390 493
391 454
391 460
391 480
391 489
391 494
392 424
392 431
392 448
392 483
393 410
393 462
393 470
393 488
394 405
394 448
394 483
394 493
395 469
396 404
396 419
396 463
397 422
397 435
397 443
397 454
397 474
398 451
398 467
398 477
399 445
399 453
399 481
399 482
400 433
400 441
400 446
401 413
401 458
402 426
402 432
402 452
403 404
403 419
403 495
404 419
404 495
405 437
405 473
405 493
406 447
407 410
408 409
410 462
411 436
411 439
411 458
412 428
412 462
412 488
412 496
413 458
413 460
413 490
413 494
414 450
415 427
418 444
420 459
420 487
421 492
422 435
423 432
424 465
424 479
425 472
425 497
426 432
426 464
426 479
428 496
429 443
429 458
429 474
431 448
431 477
431 493
432 464
432 475
433 446
433 467
434 440
434 461
434 468
435 454
435 474
435 480
436 439
436 486
437 473
438 442
438 444
438 464
438 479
439 456
439 458
439 486
440 457
440 461
440 468
442 444
442 475
443 454
443 474
445 453
445 478
445 482
448 477
448 493
449 450
449 466
449 485
450 456
450 485
450 486
450 490
451 467
451 477
453 478
453 481
453 482
454 460
454 474
456 485
456 486
456 490
457 468
459 487
460 489
460 494
462 470
462 488
463 495
464 475
464 479
465 470
466 485
467 477
469 491
472 497
476 484
478 482
483 493
485 490
489 494
