500
0 0.309331 0.812412
1 0.183612 0.073753
2 0.915170 0.736473
3 0.105628 0.486452
4 0.333205 0.205982
5 0.578192 0.776147
6 0.696664 0.783876
7 0.666728 0.929667
8 0.945132 0.261499
9 0.492778 0.514006
10 0.573981 0.432576
11 0.084947 0.954497
12 0.129449 0.135007
13 0.495114 0.664058
14 0.581392 0.091779
15 0.757552 0.542335
16 0.481421 0.775289
17 0.260700 0.182302
18 0.490306 0.369467
19 0.731199 0.759568
20 0.316539 0.494872
21 0.565932 0.373584
22 0.972234 0.609046
23 0.690223 0.560144
24 0.523018 0.897677
25 0.185332 0.031756
26 0.452077 0.119211
27 0.707587 0.381678
28 0.897880 0.267449
29 0.460858 0.151341
30 0.083184 0.592354
31 0.385251 0.388631
32 0.640333 0.293039
33 0.998500 0.444963
34 0.614283 0.102722
35 0.936020 0.527410
36 0.864168 0.298908
37 0.658063 0.746255
38 0.825883 0.570713
39 0.268335 0.108696
40 0.862559 0.751527
41 0.723797 0.072494
42 0.651492 0.424699
43 0.914813 0.584587
44 0.049413 0.298091
45 0.789879 0.913935
46 0.546349 0.190430
47 0.970104 0.906956
48 0.049923 0.730015
49 0.061380 0.372677
50 0.141721 0.913072
51 0.903822 0.138632
52 0.514276 0.047340
53 0.963774 0.779846
54 0.336250 0.735596
55 0.640710 0.244977
56 0.057074 0.079866
57 0.612836 0.686817
58 0.948767 0.306756
59 0.491782 0.921606
60 0.626583 0.794362
61 0.898618 0.956319
62 0.638693 0.357156
63 0.782147 0.989044
64 0.685849 0.188156
65 0.460542 0.799813
66 0.098464 0.714033
67 0.429109 0.886681
68 0.450020 0.761124
69 0.703141 0.602609
70 0.277412 0.712167
71 0.469687 0.561357
72 0.711850 0.299441
73 0.046133 0.693241
74 0.429672 0.820854
75 0.388259 0.718889
76 0.018348 0.977730
77 0.006919 0.883687
78 0.897091 0.822709
79 0.823296 0.304778
80 0.309897 0.898508
81 0.225188 0.440694
82 0.029516 0.802028
83 0.190380 0.294686
84 0.355251 0.526538
85 0.447370 0.345346
86 0.651751 0.970009
87 0.994921 0.370562
88 0.406252 0.635171
89 0.519697 0.822614
90 0.583024 0.975444
91 0.465782 0.962388
92 0.234517 0.952462
93 0.862192 0.967757
94 0.034078 0.133804
95 0.684324 0.466295
96 0.080169 0.869179
97 0.250935 0.309129
98 0.855867 0.105975
99 0.994807 0.665388
100 0.259834 0.494454
101 0.135474 0.685419
102 0.851999 0.868786
103 0.297655 0.383577
104 0.435547 0.712617
105 0.862551 0.709384
106 0.601288 0.866713
107 0.600857 0.003173
108 0.010466 0.036710
109 0.813831 0.692609
110 0.611262 0.756608
111 0.976373 0.173908
112 0.315047 0.634857
113 0.623787 0.950614
114 0.888012 0.042125
115 0.033510 0.835409
116 0.751660 0.852220
117 0.760357 0.698262
118 0.683361 0.077847
119 0.136533 0.772371
120 0.167497 0.602132
121 0.490974 0.227945
122 0.639491 0.596065
123 0.960862 0.813682
124 0.051438 0.555882
125 0.565326 0.813126
126 0.779423 0.408491
127 0.260234 0.579401
128 0.504053 0.400258
129 0.076761 0.003294
130 0.203759 0.760111
131 0.128925 0.220810
132 0.000815 0.147125
133 0.416695 0.675955
134 0.865289 0.536420
135 0.309478 0.777461
136 0.870357 0.435705
137 0.443776 0.591187
138 0.312090 0.937827
139 0.839485 0.171511
140 0.896642 0.090140
141 0.670499 0.646128
142 0.933415 0.792805
143 0.393099 0.766548
144 0.844688 0.053667
145 0.233433 0.644437
146 0.971460 0.724805
147 0.437145 0.938111
148 0.743320 0.365139
149 0.241559 0.246822
150 0.218321 0.909118
151 0.678660 0.027552
152 0.207872 0.247245
153 0.580092 0.684054
154 0.545176 0.766409
155 0.800248 0.079351
156 0.428454 0.976759
157 0.698936 0.998032
158 0.127591 0.635243
159 0.897071 0.005240
160 0.135863 0.465759
161 0.256685 0.873297
162 0.490342 0.278843
163 0.406745 0.518355
164 0.417425 0.458935
165 0.766041 0.611015
166 0.745393 0.123832
167 0.516514 0.700779
168 0.809156 0.871089
169 0.862814 0.234661
170 0.511061 0.449016
171 0.718002 0.194726
172 0.421489 0.105838
173 0.430233 0.545589
174 0.235901 0.795247
175 0.541630 0.471971
176 0.085780 0.249082
177 0.610492 0.418075
178 0.655804 0.699642
179 0.191461 0.800578
180 0.497492 0.598297
181 0.865200 0.575223
182 0.483476 0.701366
183 0.700272 0.847704
184 0.827658 0.813814
185 0.050428 0.513529
186 0.002389 0.652877
187 0.911198 0.180998
188 0.082029 0.116911
189 0.646630 0.866719
190 0.230106 0.539484
191 0.463663 0.885934
192 0.706718 0.896582
193 0.691901 0.956242
194 0.263652 0.272655
195 0.373070 0.133463
196 0.354140 0.305204
197 0.453355 0.430091
198 0.150469 0.292950
199 0.896297 0.877761
200 0.402149 0.593837
201 0.418744 0.268560
202 0.820838 0.273532
203 0.562373 0.560112
204 0.903614 0.380673
205 0.083203 0.662266
206 0.876525 0.616224
207 0.309280 0.558902
208 0.074135 0.799115
209 0.960144 0.031954
210 0.665265 0.153088
211 0.437349 0.057304
212 0.864918 0.338212
213 0.345390 0.023705
214 0.963763 0.359024
215 0.166229 0.645533
216 0.254492 0.820461
217 0.095904 0.210466
218 0.590919 0.348304
219 0.123711 0.086336
220 0.799699 0.120424
221 0.019357 0.223142
222 0.162517 0.855292
223 0.384680 0.967747
224 0.718620 0.339987
225 0.213868 0.608120
226 0.529953 0.953713
227 0.380706 0.657608
228 0.373804 0.263759
229 0.949946 0.959151
230 0.953023 0.421986
231 0.553769 0.994124
232 0.325847 0.417157
233 0.166184 0.529191
234 0.089126 0.534987
235 0.973889 0.217697
236 0.359335 0.575965
237 0.647902 0.817861
238 0.951868 0.661235
239 0.209201 0.166676
240 0.359749 0.494188
241 0.216033 0.377331
242 0.596310 0.139143
243 0.685099 0.716924
244 0.803943 0.751659
245 0.457226 0.213731
246 0.018572 0.267035
247 0.470872 0.472102
248 0.024765 0.390351
249 0.170969 0.570952
250 0.794633 0.342026
251 0.500756 0.853075
252 0.416840 0.313072
253 0.310361 0.987106
254 0.816683 0.606205
255 0.530283 0.669854
256 0.998153 0.122022
257 0.097515 0.309319
258 0.531397 0.508410
259 0.659317 0.503637
260 0.734032 0.955365
261 0.629728 0.633881
262 0.204991 0.850967
263 0.634561 0.464558
264 0.027760 0.578255
265 0.301469 0.295576
266 0.800427 0.528317
267 0.797766 0.251089
268 0.387882 0.050855
269 0.200825 0.130028
270 0.137296 0.397796
271 0.716120 0.728724
272 0.837189 0.517626
273 0.530448 0.300211
274 0.475793 0.327125
275 0.941369 0.477004
276 0.038747 0.441242
277 0.774081 0.101661
278 0.851920 0.643402
279 0.790151 0.464023
280 0.391292 0.490412
281 0.557280 0.898759
282 0.773273 0.271219
283 0.740417 0.409474
284 0.530361 0.234528
285 0.523550 0.088468
286 0.372635 0.877018
287 0.189863 0.990297
288 0.315288 0.456215
289 0.060706 0.999607
290 0.598660 0.529275
291 0.886985 0.675558
292 0.631452 0.069411
293 0.072588 0.763733
294 0.296631 0.590380
295 0.211257 0.100162
296 0.051408 0.946823
297 0.766444 0.314730
298 0.815787 0.384806
299 0.519824 0.998682
300 0.246428 0.981887
301 0.868845 0.791572
302 0.139574 0.959603
303 0.919431 0.219016
304 0.288420 0.749609
305 0.310554 0.032208
306 0.007724 0.109433
307 0.237619 0.133012
308 0.608922 0.491656
309 0.338662 0.854042
310 0.339349 0.093013
311 0.357534 0.705549
312 0.395656 0.213563
313 0.187627 0.936831
314 0.587256 0.921433
315 0.563413 0.515505
316 0.855883 0.836923
317 0.976649 0.558137
318 0.996734 0.986824
319 0.856727 0.199525
320 0.969617 0.524678
321 0.722310 0.466526
322 0.676802 0.325994
323 0.175543 0.335846
324 0.005849 0.493889
325 0.241627 0.051437
326 0.357513 0.437326
327 0.770582 0.170985
328 0.018616 0.730158
329 0.749244 0.485235
330 0.127658 0.046357
331 0.063569 0.621993
332 0.486845 0.818654
333 0.607657 0.600141
334 0.735712 0.655180
335 0.898537 0.421840
336 0.916530 0.449796
337 0.486945 0.113184
338 0.863926 0.143238
339 0.308781 0.148435
340 0.345279 0.238474
341 0.957795 0.139889
342 0.557788 0.046030
343 0.758962 0.003448
344 0.530247 0.158644
345 0.991225 0.255267
346 0.127143 0.582062
347 0.873150 0.470421
348 0.531520 0.587477
349 0.814711 0.646955
350 0.282090 0.217061
351 0.991551 0.874050
352 0.246654 0.004559
353 0.528912 0.342257
354 0.927005 0.048808
355 0.460123 0.296912
356 0.380029 0.550125
357 0.178759 0.379206
358 0.204540 0.517594
359 0.315001 0.670469
360 0.229458 0.485916
361 0.091845 0.076243
362 0.264701 0.399000
363 0.035367 0.765258
364 0.341299 0.174337
365 0.289340 0.349843
366 0.278069 0.665679
367 0.256603 0.917980
368 0.731618 0.245183
369 0.568429 0.640135
370 0.703211 0.231150
371 0.161589 0.133170
372 0.470668 0.996892
373 0.128037 0.334887
374 0.007674 0.420370
375 0.349586 0.799785
376 0.825147 0.206120
377 0.938618 0.838568
378 0.446172 0.249932
379 0.637290 0.178718
380 0.174900 0.907116
381 0.421480 0.373330
382 0.059521 0.898166
383 0.781731 0.201598
384 0.289439 0.005287
385 0.499905 0.011807
386 0.017594 0.531284
387 0.514427 0.747912
388 0.069471 0.477731
389 0.243669 0.677998
390 0.740059 0.903017
391 0.923660 0.615422
392 0.993796 0.831348
393 0.679287 0.260325
394 0.525153 0.543323
395 0.277330 0.546626
396 0.828650 0.725638
397 0.606536 0.279109
398 0.515465 0.195634
399 0.114528 0.440532
400 0.219604 0.570970
401 0.722207 0.523008
402 0.186692 0.723452
403 0.364648 0.199769
404 0.617181 0.034229
405 0.395819 0.174881
406 0.475503 0.042450
407 0.799875 0.152620
408 0.034103 0.351071
409 0.046877 0.249879
410 0.362887 0.911758
411 0.398199 0.803900
412 0.167559 0.248666
413 0.276581 0.629068
414 0.409827 0.020165
415 0.462433 0.663303
416 0.303894 0.103812
417 0.807218 0.964749
418 0.726200 0.573022
419 0.150243 0.190722
420 0.296796 0.853802
421 0.906734 0.304466
422 0.257774 0.449628
423 0.576056 0.239452
424 0.957467 0.080151
425 0.774895 0.503811
426 0.775071 0.641956
427 0.735882 0.807943
428 0.779731 0.835779
429 0.630781 0.326165
430 0.934426 0.872044
431 0.578823 0.200122
432 0.592189 0.061094
433 0.610302 0.234624
434 0.578348 0.480897
435 0.539285 0.429711
436 0.047875 0.868922
437 0.375929 0.340009
438 0.125894 0.000438
439 0.030013 0.618793
440 0.798290 0.027033
441 0.100388 0.378152
442 0.683075 0.125774
443 0.246267 0.717894
444 0.140563 0.999052
445 0.057889 0.179054
446 0.180581 0.423766
447 0.022356 0.172604
448 0.451918 0.632791
449 0.360989 0.621325
450 0.768340 0.573651
451 0.375377 0.080871
452 0.480075 0.735062
453 0.124266 0.827324
454 0.423352 0.139914
455 0.644685 0.546978
456 0.152513 0.737437
457 0.125789 0.272319
458 0.458422 0.512406
459 0.190075 0.473046
460 0.916317 0.650027
461 0.278858 0.980855
462 0.248154 0.364916
463 0.530902 0.120055
464 0.668017 0.582252
465 0.556921 0.321577
466 0.965151 0.988038
467 0.005158 0.314483
468 0.833862 0.927321
469 0.160022 0.011116
470 0.806366 0.436152
471 0.190610 0.200420
472 0.344089 0.342445
473 0.296716 0.245138
474 0.929153 0.340169
475 0.205299 0.682788
476 0.603751 0.456312
477 0.865348 0.901340
478 0.349987 0.378769
479 0.458126 0.014966
480 0.427614 0.189506
481 0.330026 0.598064
482 0.545567 0.717705
483 0.901373 0.784982
484 0.891925 0.922982
485 0.705640 0.687751
486 0.310901 0.326513
487 0.706465 0.042252
488 0.083936 0.413918
489 0.684445 0.404113
490 0.113005 0.896705
491 0.229140 0.200450
492 0.349806 0.984162
493 0.998272 0.923669
494 0.748900 0.440772
495 0.414246 0.855015
496 0.717003 0.000063
497 0.338556 0.277008
498 0.768731 0.061905
499 0.980472 0.329507
2500
0 54
0 80
0 135
0 161
0 174
0 216
0 304
0 309
0 375
0 420
1 12
1 25
1 219
1 269
1 295
1 307
1 325
1 330
1 371
1 469
2 40
2 53
2 105
2 142
2 146
2 238
2 291
2 301
2 460
2 483
3 160
3 185
3 233
3 234
3 276
3 388
3 399
3 459
3 488
4 17
4 195
4 228
4 312
4 339
4 340
4 350
4 364
4 403
4 405
4 473
4 497
5 37
5 60
5 89
5 110
5 125
5 154
5 237
5 387
5 482
6 19
6 37
6 60
6 183
6 237
6 243
6 271
6 427
7 86
7 113
7 157
7 189
7 192
7 193
7 260
7 314
7 390
8 28
8 58
8 169
8 235
8 303
8 345
8 421
8 474
8 499
9 71
9 163
9 170
9 173
9 175
9 180
9 203
9 247
9 258
9 315
9 348
9 394
9 458
10 21
10 42
10 128
10 170
10 175
10 177
10 218
10 263
10 308
10 315
10 434
10 435
10 476
11 50
11 76
11 96
11 289
11 296
11 302
11 382
11 444
11 490
12 131
12 188
12 217
12 219
12 239
12 269
12 361
12 371
12 419
12 445
13 104
13 133
13 167
13 180
13 182
13 255
13 348
13 369
13 387
13 415
13 448
13 452
13 482
14 34
14 52
14 242
14 285
14 292
14 342
14 344
14 404
14 432
14 463
15 23
15 38
15 69
15 165
15 266
15 272
15 279
15 321
15 329
15 401
15 418
15 425
15 450
16 65
16 68
16 74
16 89
16 104
16 154
16 167
16 182
16 251
16 332
16 387
16 452
16 482
17 39
17 149
17 152
17 239
17 269
17 307
17 339
17 350
17 364
17 471
17 473
17 491
18 21
18 85
18 128
18 170
18 197
18 273
18 274
18 353
18 355
18 381
18 435
18 465
19 37
19 117
19 243
19 244
19 271
19 427
19 485
20 84
20 100
20 207
20 232
20 240
20 280
20 288
20 326
20 356
20 395
20 422
21 62
21 128
21 177
21 218
21 273
21 353
21 429
21 435
21 465
22 43
22 99
22 238
22 317
22 320
22 391
22 460
23 69
23 122
23 259
23 401
23 418
23 450
23 455
23 464
24 59
24 89
24 91
24 106
24 191
24 226
24 251
24 281
24 314
25 219
25 295
25 325
25 330
25 352
25 438
25 469
26 29
26 172
26 195
26 211
26 285
26 337
26 405
26 406
26 451
26 454
26 463
26 480
27 42
27 62
27 72
27 126
27 148
27 224
27 283
27 321
27 322
27 489
27 494
28 36
28 58
28 79
28 169
28 202
28 212
28 303
28 319
28 421
28 474
29 121
29 172
29 245
29 337
29 344
29 398
29 405
29 454
29 463
29 480
30 120
30 124
30 158
30 185
30 205
30 234
30 264
30 331
30 346
30 439
31 85
31 164
31 197
31 232
31 252
31 326
31 381
31 437
31 472
31 478
32 55
32 62
32 72
32 218
32 322
32 393
32 397
32 423
32 429
32 433
33 87
33 230
33 275
33 320
33 336
34 118
34 210
34 242
34 292
34 342
34 379
34 404
34 432
34 442
34 463
35 43
35 134
35 181
35 275
35 317
35 320
35 336
35 347
36 58
36 79
36 169
36 202
36 212
36 250
36 267
36 421
36 474
37 57
37 60
37 110
37 178
37 237
37 243
37 271
37 485
38 134
38 165
38 181
38 206
38 254
38 266
38 272
38 278
38 349
38 425
38 450
39 239
39 269
39 295
39 307
39 310
39 325
39 339
39 416
40 78
40 105
40 109
40 142
40 184
40 244
40 291
40 301
40 316
40 396
40 483
41 118
41 151
41 155
41 166
41 277
41 343
41 442
41 487
41 496
41 498
42 62
42 95
42 177
42 259
42 263
42 308
42 321
42 476
42 489
43 134
43 181
43 206
43 238
43 278
43 317
43 320
43 391
43 460
44 49
44 176
44 221
44 246
44 257
44 373
44 408
44 409
44 457
44 467
45 63
45 102
45 116
45 168
45 192
45 260
45 390
45 417
45 428
45 468
45 477
46 121
46 242
46 284
46 344
46 398
46 423
46 431
46 433
46 463
47 199
47 229
47 318
47 351
47 377
47 392
47 430
47 466
47 484
47 493
48 66
48 73
48 82
48 205
48 208
48 293
48 328
48 363
49 248
49 257
49 270
49 276
49 373
49 374
49 399
49 408
49 441
49 467
49 488
50 96
50 150
50 222
50 302
50 313
50 380
50 382
50 444
50 490
51 98
51 111
51 139
51 140
51 187
51 303
51 319
51 338
51 341
51 424
52 211
52 285
52 337
52 342
52 385
52 406
52 432
52 463
52 479
53 78
53 123
53 142
53 146
53 377
53 392
53 483
54 70
54 75
54 135
54 143
54 304
54 311
54 359
54 375
55 64
55 370
55 379
55 393
55 397
55 423
55 429
55 431
55 433
56 94
56 108
56 129
56 188
56 219
56 306
56 330
56 361
57 110
57 141
57 153
57 178
57 243
57 255
57 261
57 333
57 369
57 482
58 87
58 204
58 214
58 345
58 421
58 474
58 499
59 67
59 91
59 147
59 156
59 191
59 226
59 251
59 281
59 299
59 372
60 106
60 110
60 125
60 154
60 189
60 237
61 93
61 199
61 229
61 466
61 468
61 477
61 484
62 177
62 218
62 224
62 322
62 397
62 429
62 489
63 93
63 157
63 260
63 417
63 468
64 171
64 210
64 327
64 368
64 370
64 379
64 393
64 442
65 68
65 74
65 89
65 143
65 191
65 251
65 332
65 387
65 411
65 452
65 495
66 73
66 101
66 119
66 158
66 205
66 293
66 328
66 363
66 456
67 74
67 91
67 147
67 191
67 251
67 286
67 410
67 495
68 74
68 75
68 104
68 143
68 182
68 332
68 387
68 411
68 452
69 122
69 141
69 165
69 261
69 334
69 401
69 418
69 426
69 450
69 455
69 464
69 485
70 112
70 135
70 145
70 304
70 311
70 359
70 366
70 389
70 413
70 443
70 475
71 137
71 163
71 173
71 180
71 200
71 258
71 348
71 394
71 448
71 458
72 148
72 224
72 282
72 297
72 322
72 368
72 370
72 393
72 429
73 186
73 205
73 293
73 328
73 331
73 363
73 439
74 143
74 191
74 251
74 286
74 332
74 375
74 411
74 495
75 88
75 104
75 133
75 143
75 227
75 311
75 411
76 289
76 296
77 82
77 96
77 115
77 296
77 382
77 436
78 102
78 123
78 142
78 184
78 199
78 301
78 316
78 377
78 430
78 477
78 483
79 169
79 202
79 212
79 250
79 267
79 282
79 297
79 298
79 421
80 138
80 161
80 286
80 309
80 367
80 410
80 420
81 100
81 241
81 357
81 358
81 360
81 362
81 422
81 446
81 459
81 462
82 96
82 115
82 208
82 293
82 328
82 363
82 436
83 97
83 149
83 152
83 194
83 198
83 241
83 323
83 357
83 373
83 412
83 457
84 163
84 173
84 200
84 207
84 236
84 240
84 280
84 288
84 294
84 356
84 395
84 481
85 128
85 162
85 197
85 201
85 252
85 274
85 353
85 355
85 381
85 437
86 90
86 113
86 157
86 193
86 260
86 314
87 214
87 230
87 474
87 499
88 104
88 133
88 137
88 200
88 227
88 236
88 311
88 415
88 448
88 449
88 481
89 125
89 154
89 191
89 251
89 281
89 332
89 387
90 113
90 226
90 231
90 281
90 299
90 314
91 147
91 156
91 191
91 223
91 226
91 299
91 372
92 138
92 150
92 161
92 253
92 287
92 300
92 313
92 367
92 380
92 461
93 417
93 468
93 477
93 484
94 132
94 188
94 306
94 361
94 445
94 447
95 259
95 263
95 283
95 308
95 321
95 329
95 401
95 476
95 489
95 494
96 115
96 208
96 222
96 296
96 382
96 436
96 453
96 490
97 149
97 152
97 194
97 241
97 265
97 323
97 365
97 462
97 473
97 486
98 114
98 139
98 140
98 144
98 155
98 220
98 277
98 338
98 407
99 146
99 238
99 460
100 127
100 190
100 207
100 288
100 358
100 360
100 395
100 400
100 422
100 459
101 158
101 205
101 215
101 402
101 456
101 475
102 168
102 184
102 199
102 301
102 316
102 428
102 430
102 468
102 477
102 484
103 232
103 241
103 288
103 326
103 362
103 365
103 422
103 462
103 472
103 478
103 486
104 133
104 143
104 167
104 182
104 227
104 311
104 387
104 415
104 448
104 452
105 109
105 244
105 278
105 291
105 301
105 349
105 396
105 460
105 483
106 125
106 189
106 237
106 281
106 314
107 151
107 292
107 342
107 404
107 432
108 129
108 306
109 117
109 244
109 254
109 278
109 291
109 334
109 349
109 396
109 426
110 125
110 153
110 154
110 178
110 237
110 243
110 482
111 187
111 235
111 256
111 303
111 341
111 345
112 127
112 145
112 207
112 227
112 236
112 294
112 311
112 359
112 366
112 389
112 413
112 449
112 481
113 193
113 231
113 281
113 314
114 140
114 144
114 159
114 209
114 354
114 424
115 208
115 293
115 363
115 382
115 436
116 168
116 183
116 184
116 192
116 390
116 427
116 428
117 243
117 244
117 271
117 334
117 349
117 396
117 426
117 485
118 151
118 166
118 210
118 292
118 404
118 442
118 487
118 496
119 130
119 179
119 208
119 293
119 402
119 453
119 456
120 145
120 158
120 215
120 225
120 233
120 249
120 346
120 400
121 162
121 201
121 245
121 273
121 284
121 344
121 355
121 378
121 398
121 423
121 480
122 141
122 203
122 261
122 290
122 333
122 369
122 455
122 464
123 142
123 351
123 377
123 392
123 430
123 483
124 185
124 234
124 264
124 324
124 331
124 346
124 386
124 388
124 439
125 154
125 237
125 251
125 281
125 332
125 387
126 148
126 250
126 279
126 283
126 298
126 321
126 329
126 470
126 494
127 145
127 190
127 207
127 225
127 294
127 358
127 395
127 400
127 413
127 481
128 170
128 175
128 197
128 247
128 274
128 353
128 435
129 330
129 361
129 438
129 469
130 174
130 179
130 216
130 304
130 402
130 443
130 456
130 475
131 152
131 176
131 198
131 217
131 412
131 419
131 445
131 457
131 471
132 188
132 221
132 306
132 445
132 447
133 182
133 200
133 227
133 311
133 415
133 448
133 449
133 452
134 181
134 206
134 254
134 266
134 272
134 347
135 143
135 174
135 216
135 304
135 309
135 311
135 375
135 420
136 204
136 230
136 275
136 279
136 298
136 335
136 336
136 347
136 470
137 163
137 173
137 180
137 200
137 236
137 356
137 415
137 448
137 458
138 161
138 223
138 253
138 286
138 300
138 367
138 410
138 420
138 461
138 492
139 169
139 187
139 220
139 319
139 327
139 338
139 376
139 383
139 407
140 144
140 159
140 209
140 338
140 341
140 354
140 424
141 178
141 243
141 261
141 333
141 334
141 464
141 485
142 146
142 301
142 377
142 392
142 430
142 483
143 311
143 375
143 411
144 155
144 159
144 220
144 277
144 354
144 440
144 498
145 215
145 225
145 294
145 359
145 366
145 389
145 400
145 413
145 443
145 475
146 238
147 156
147 191
147 223
147 372
147 410
147 495
148 224
148 250
148 283
148 297
148 298
148 322
148 489
148 494
149 152
149 194
149 239
149 265
149 350
149 412
149 471
149 473
149 491
150 161
150 222
150 262
150 287
150 300
150 313
150 367
150 380
151 292
151 343
151 404
151 487
151 496
152 194
152 198
152 239
152 350
152 412
152 419
152 457
152 471
152 491
153 167
153 178
153 255
153 261
153 369
153 482
154 167
154 332
154 387
154 452
154 482
155 166
155 220
155 277
155 343
155 407
155 440
155 498
156 223
156 372
156 492
157 193
157 260
158 205
158 215
158 249
158 331
158 346
159 209
159 354
160 233
160 234
160 270
160 358
160 388
160 399
160 446
160 459
160 488
161 174
161 216
161 262
161 309
161 367
161 420
162 201
162 245
162 252
162 273
162 274
162 284
162 353
162 355
162 378
162 465
163 164
163 173
163 200
163 236
163 240
163 247
163 280
163 356
163 458
164 197
164 240
164 247
164 280
164 326
164 381
164 458
165 254
165 334
165 349
165 418
165 426
165 450
166 171
166 210
166 220
166 277
166 327
166 383
166 407
166 442
166 498
167 182
167 255
167 369
167 387
167 415
167 452
167 482
168 184
168 316
168 390
168 428
168 468
168 477
169 187
169 202
169 267
169 303
169 319
169 376
169 421
170 175
170 197
170 247
170 258
170 315
170 434
170 435
170 458
171 210
171 327
171 368
171 370
171 379
171 383
171 393
171 442
172 195
172 211
172 268
172 310
172 337
172 405
172 406
172 414
172 451
172 454
172 480
173 180
173 200
173 236
173 247
173 280
173 356
173 458
174 179
174 216
174 262
174 304
174 420
174 443
175 247
175 258
175 290
175 308
175 315
175 394
175 434
175 435
175 476
176 198
176 217
176 221
176 246
176 257
176 409
176 412
176 445
176 457
177 218
177 263
177 308
177 434
177 435
177 476
177 489
178 243
178 261
178 271
178 485
179 216
179 222
179 262
179 402
179 453
179 456
180 203
180 255
180 348
180 369
180 394
180 415
180 448
181 206
181 254
181 266
181 272
181 278
181 391
182 255
182 387
182 415
182 448
182 452
182 482
183 189
183 192
183 237
183 390
183 427
183 428
184 244
184 301
184 316
184 428
184 483
185 234
185 264
185 276
185 324
185 386
185 388
186 205
186 264
186 328
186 331
186 439
187 235
187 303
187 319
187 338
187 341
188 219
188 306
188 330
188 361
188 371
188 445
188 447
189 192
189 237
189 314
190 207
190 225
190 233
190 249
190 294
190 358
190 360
190 395
190 400
190 459
191 251
191 332
191 495
192 193
192 260
192 390
193 260
193 390
194 265
194 350
194 365
194 473
194 486
194 491
194 497
195 268
195 310
195 312
195 339
195 364
195 403
195 405
195 416
195 451
195 454
195 480
196 201
196 228
196 252
196 265
196 340
196 365
196 437
196 472
196 473
196 478
196 486
196 497
197 247
197 280
197 381
197 435
197 458
198 257
198 323
198 373
198 412
198 457
199 316
199 377
199 430
199 468
199 477
199 484
200 227
200 236
200 356
200 448
200 449
200 481
201 228
201 245
201 252
201 274
201 312
201 340
201 355
201 378
201 437
201 480
201 497
202 212
202 250
202 267
202 282
202 297
202 319
202 376
202 383
203 258
203 290
203 308
203 315
203 333
203 348
203 369
203 394
203 434
203 455
204 212
204 214
204 230
204 335
204 336
204 421
204 474
205 215
205 331
205 439
206 254
206 278
206 291
206 349
206 391
206 460
207 236
207 240
207 294
207 356
207 395
207 413
207 449
207 481
208 293
208 363
208 436
208 453
209 354
209 424
210 242
210 370
210 379
210 442
211 268
211 337
211 385
211 406
211 414
211 451
211 454
211 479
212 250
212 298
212 421
212 474
213 268
213 305
213 310
213 384
213 414
213 451
214 230
214 421
214 474
214 499
215 225
215 249
215 346
215 389
215 402
215 475
216 262
216 304
216 420
217 221
217 409
217 412
217 419
217 445
217 447
217 457
218 273
218 353
218 397
218 429
218 465
219 330
219 361
219 371
219 438
219 469
220 277
220 327
220 338
220 383
220 407
220 498
221 246
221 409
221 445
221 447
222 262
222 313
222 380
222 453
222 490
223 253
223 410
223 492
224 250
224 283
224 297
224 322
224 489
225 249
225 294
225 366
225 389
225 400
225 413
225 475
226 231
226 281
226 299
226 314
226 372
227 236
227 311
227 359
227 415
227 448
227 449
227 481
228 252
228 265
228 312
228 340
228 378
228 403
228 437
228 472
228 473
228 497
229 318
229 466
229 484
229 493
230 275
230 335
230 336
230 474
231 299
231 314
231 372
232 240
232 288
232 326
232 362
232 365
232 422
232 472
232 478
233 234
233 249
233 346
233 358
233 360
233 400
233 459
234 264
234 346
234 386
234 388
235 303
235 341
235 345
236 240
236 294
236 356
236 449
236 481
238 291
238 391
238 460
239 269
239 295
239 307
239 371
239 419
239 471
239 491
240 280
240 288
240 326
240 356
241 270
241 323
241 357
241 362
241 365
241 422
241 446
241 462
242 292
242 344
242 379
242 431
242 432
242 463
243 271
243 334
243 485
244 301
244 396
245 284
245 312
245 355
245 378
245 398
245 405
245 454
245 480
246 408
246 409
246 467
247 258
247 280
247 435
247 458
248 276
248 374
248 408
248 441
248 467
248 488
249 346
249 358
249 400
250 282
250 283
250 297
250 298
251 281
251 332
251 495
252 274
252 355
252 378
252 381
252 437
252 472
252 497
253 300
253 461
253 492
254 266
254 278
254 349
254 426
254 450
255 348
255 369
255 387
255 415
255 448
255 452
255 482
256 341
256 424
257 323
257 373
257 408
257 409
257 441
257 457
258 290
258 308
258 315
258 348
258 394
258 434
258 435
258 458
259 263
259 290
259 308
259 321
259 401
259 434
259 455
259 464
259 476
260 390
260 417
261 333
261 369
261 464
262 367
262 380
262 453
263 290
263 308
263 434
263 455
263 476
263 489
264 331
264 386
264 439
265 340
265 350
265 365
265 437
265 472
265 473
265 486
265 497
266 272
266 279
266 329
266 401
266 418
266 425
266 450
267 282
267 297
267 319
267 327
267 368
267 376
267 383
268 305
268 310
268 414
268 451
268 479
269 295
269 307
269 371
269 419
269 471
269 491
270 323
270 357
270 373
270 399
270 441
270 446
270 488
271 334
271 427
271 485
272 279
272 347
272 425
273 274
273 284
273 353
273 355
273 397
273 423
273 465
274 353
274 355
274 378
274 381
274 465
275 320
275 335
275 336
275 347
276 324
276 374
276 388
276 399
276 488
277 327
277 407
277 440
277 498
278 291
278 349
278 391
278 396
278 426
278 460
279 283
279 298
279 321
279 329
279 347
279 425
279 470
279 494
280 288
280 326
280 356
280 458
281 314
282 297
282 368
282 370
282 376
282 383
283 298
283 321
283 329
283 470
283 489
283 494
284 344
284 378
284 398
284 423
284 431
284 433
285 337
285 342
285 344
285 385
285 406
285 432
285 463
286 309
286 375
286 410
286 411
286 420
286 495
287 300
287 302
287 313
287 380
287 444
288 326
288 362
288 422
288 478
289 296
289 444
290 308
290 315
290 333
290 394
290 434
290 455
290 476
291 349
291 391
291 396
291 460
292 342
292 404
292 432
292 442
292 487
293 328
293 363
293 453
293 456
294 359
294 366
294 395
294 400
294 413
294 449
294 481
295 307
295 325
295 371
296 382
296 436
296 490
297 298
297 368
298 470
299 372
300 313
300 367
300 461
301 316
301 377
301 396
301 483
302 313
302 380
302 444
302 490
303 319
303 345
303 421
304 311
304 359
304 366
304 375
304 389
304 443
305 310
305 325
305 352
305 384
305 416
305 451
306 445
306 447
307 325
307 339
307 371
307 416
307 471
307 491
308 315
308 434
308 455
308 476
309 375
309 410
309 411
309 420
309 495
310 339
310 364
310 416
310 451
311 359
311 449
312 340
312 364
312 378
312 403
312 405
312 454
312 480
312 497
313 367
313 380
313 444
313 490
315 348
315 394
315 434
315 476
316 377
316 428
316 430
316 477
316 483
317 320
317 391
318 466
318 493
319 338
319 376
319 383
319 407
321 329
321 401
321 425
321 489
321 494
322 393
322 397
322 429
322 489
323 357
323 373
323 441
323 457
323 462
324 374
324 386
324 388
325 352
325 384
325 416
326 478
327 368
327 376
327 383
327 407
328 363
329 401
329 425
329 470
329 494
330 361
330 438
330 469
331 346
331 439
332 387
332 452
332 495
333 348
333 369
333 455
333 464
334 349
334 418
334 426
334 485
335 336
335 347
336 347
337 344
337 406
337 454
337 463
338 376
338 407
339 350
339 364
339 403
339 416
340 350
340 364
340 403
340 405
340 473
340 497
341 424
342 385
342 404
342 406
342 432
342 463
343 440
343 487
343 496
343 498
344 398
344 431
344 463
345 499
347 470
348 369
348 394
349 396
349 426
349 450
350 364
350 403
350 473
350 491
350 497
351 377
351 392
351 430
351 493
352 384
353 355
353 465
354 424
355 378
355 381
356 449
356 481
357 373
357 441
357 446
357 462
358 360
358 395
358 400
358 422
358 459
359 366
359 389
359 413
359 443
359 449
359 481
360 395
360 400
360 422
360 446
360 459
361 438
362 365
362 422
362 462
362 486
364 403
364 405
364 416
364 473
365 462
365 472
365 478
365 486
366 389
366 413
366 443
366 475
366 481
367 380
367 420
367 461
368 370
368 383
368 393
369 482
370 379
370 383
370 393
371 419
371 471
373 441
373 457
374 388
374 408
374 488
375 411
375 420
375 495
376 383
376 407
377 392
377 430
377 483
378 480
379 423
379 431
379 433
379 442
380 490
381 437
381 472
381 478
382 436
382 490
383 407
385 406
385 479
386 388
387 452
387 482
388 399
388 488
389 402
389 413
389 443
389 475
390 428
391 460
392 430
393 397
393 429
393 433
394 434
394 458
395 400
395 413
395 481
397 423
397 429
397 431
397 433
397 465
398 423
398 431
398 463
399 441
399 446
399 459
399 488
400 413
401 418
401 425
401 450
401 455
401 464
401 494
402 443
402 456
402 475
403 405
403 454
403 473
403 480
403 497
404 432
405 454
405 480
406 414
406 479
408 441
408 467
408 488
409 445
409 447
409 457
409 467
410 492
410 495
411 495
412 419
412 457
412 471
412 491
413 449
413 481
414 451
414 479
415 448
415 452
416 451
417 468
417 477
418 425
418 426
418 450
418 455
418 464
419 457
419 471
419 491
421 474
421 499
422 446
422 459
422 462
423 431
423 433
423 465
425 450
425 470
425 494
426 450
426 485
427 428
429 465
430 477
430 484
430 493
431 433
432 463
434 435
434 476
435 476
436 490
437 472
437 478
437 486
437 497
438 469
440 496
440 498
441 488
442 487
443 475
445 447
446 459
449 481
451 454
452 482
453 490
454 480
455 464
456 475
461 492
462 486
466 493
468 477
468 484
470 494
471 491
472 478
472 486
472 497
473 486
473 491
473 497
474 499
477 484
478 486
486 497
487 496
487 498
489 494
496 498
