500
0 0.046174 0.482503
1 0.902833 0.214473
2 0.269952 0.905147
3 0.138346 0.861243
4 0.479311 0.274971
5 0.724117 0.070003
6 0.069066 0.344204
7 0.371019 0.401855
8 0.754791 0.345687
9 0.327530 0.774096
10 0.934916 0.407909
11 0.376409 0.013523
12 0.176676 0.057894
13 0.970919 0.341534
14 0.964016 0.827234
15 0.162930 0.801757
16 0.870238 0.100388
17 0.883322 0.936758
18 0.958863 0.379903
19 0.546402 0.097406
20 0.820784 0.305879
21 0.002730 0.077923
22 0.933461 0.633382
23 0.904689 0.590982
24 0.055578 0.523583
25 0.059763 0.095903
26 0.868215 0.574231
27 0.960427 0.210780
28 0.415417 0.193385
29 0.140701 0.539468
30 0.261679 0.964113
31 0.740129 0.287617
32 0.427359 0.679514
33 0.516804 0.398337
34 0.872363 0.817068
35 0.930488 0.514077
36 0.842259 0.352338
37 0.600436 0.512922
38 0.028365 0.842360
39 0.463023 0.020816
40 0.592030 0.565475
41 0.381037 0.610817
42 0.108180 0.517097
43 0.789503 0.366282
44 0.394358 0.229814
45 0.202168 0.106970
46 0.008846 0.711433
47 0.925110 0.276035
48 0.361108 0.055042
49 0.519679 0.680775
50 0.297405 0.643936
51 0.546709 0.775138
52 0.331820 0.331984
53 0.214861 0.819527
54 0.240075 0.336512
55 0.830759 0.736531
56 0.662038 0.387858
57 0.728172 0.820899
58 0.118562 0.033743
59 0.363204 0.853196
60 0.845276 0.142937
61 0.523147 0.137317
62 0.702043 0.037085
63 0.570299 0.713472
64 0.718527 0.864113
65 0.521927 0.885960
66 0.553673 0.248982
67 0.206110 0.593958
68 0.937214 0.905211
69 0.172771 0.438233
70 0.322795 0.025282
71 0.052853 0.427781
72 0.862950 0.535428
73 0.149894 0.720784
74 0.419529 0.801353
75 0.477321 0.912952
76 0.927515 0.344017
77 0.646949 0.313879
78 0.240216 0.507423
79 0.482259 0.084348
80 0.291973 0.304511
81 0.787934 0.968689
82 0.147285 0.766711
83 0.841705 0.505665
84 0.659883 0.113646
85 0.488638 0.781650
86 0.650919 0.261645
87 0.962332 0.469941
88 0.103124 0.093382
89 0.382413 0.655407
90 0.438714 0.715530
91 0.969633 0.674090
92 0.169930 0.676579
93 0.089459 0.169974
94 0.198778 0.895618
95 0.874742 0.709435
96 0.718903 0.918618
97 0.974543 0.927456
98 0.088456 0.738218
99 0.236154 0.861994
100 0.313187 0.847751
101 0.571658 0.205335
102 0.460195 0.171125
103 0.094727 0.437352
104 0.158555 0.106317
105 0.833700 0.629189
106 0.469350 0.725702
107 0.778628 0.850769
108 0.623005 0.746809
109 0.759268 0.746933
110 0.684362 0.322466
111 0.123847 0.575378
112 0.700775 0.239924
113 0.818169 0.680456
114 0.023844 0.124253
115 0.109767 0.898374
116 0.614952 0.045345
117 0.453912 0.372179
118 0.313427 0.138673
119 0.954038 0.738982
120 0.549644 0.367604
121 0.904057 0.907976
122 0.286284 0.415633
123 0.538976 0.583979
124 0.987811 0.895318
125 0.620759 0.979831
126 0.968050 0.041475
127 0.786124 0.046796
128 0.353252 0.273637
129 0.127681 0.252421
130 0.929471 0.795398
131 0.877938 0.388529
132 0.550562 0.164211
133 0.600594 0.600133
134 0.448018 0.297349
135 0.552380 0.283865
136 0.057180 0.219775
137 0.422243 0.543462
138 0.729028 0.458555
139 0.796909 0.127598
140 0.930360 0.712153
141 0.610729 0.696013
142 0.856568 0.789570
143 0.358555 0.131775
144 0.339889 0.894051
145 0.319118 0.568221
146 0.309913 0.922044
147 0.402386 0.758284
148 0.259761 0.028138
149 0.051737 0.919668
150 0.303241 0.095925
151 0.794409 0.728596
152 0.574930 0.069692
153 0.233010 0.125975
154 0.852247 0.474456
155 0.163041 0.881851
156 0.368782 0.578188
157 0.110365 0.206223
158 0.060076 0.029013
159 0.982119 0.279376
160 0.105904 0.380143
161 0.841647 0.947842
162 0.993321 0.797651
163 0.701724 0.107477
164 0.110425 0.308488
165 0.281041 0.189925
166 0.487911 0.965058
167 0.462579 0.498761
168 0.145774 0.341503
169 0.626243 0.663473
170 0.795260 0.924831
171 0.778992 0.421137
172 0.982994 0.496597
173 0.440478 0.926047
174 0.907646 0.432274
175 0.652302 0.979792
176 0.734205 0.202143
177 0.133974 0.960012
178 0.531276 0.849736
179 0.544409 0.321389
180 0.584386 0.801129
181 0.168475 0.976842
182 0.625268 0.341402
183 0.789253 0.259898
184 0.083187 0.062504
185 0.289493 0.011255
186 0.849510 0.041374
187 0.634896 0.530016
188 0.386562 0.948108
189 0.652320 0.177201
190 0.749620 0.241547
191 0.250236 0.377667
192 0.073745 0.968459
193 0.978754 0.544646
194 0.396634 0.116457
195 0.599264 0.090774
196 0.191262 0.348563
197 0.917620 0.092325
198 0.528190 0.925732
199 0.383862 0.828734
200 0.212579 0.261554
201 0.676145 0.938172
202 0.806953 0.187666
203 0.993983 0.136526
204 0.267906 0.729190
205 0.406209 0.334462
206 0.044034 0.635603
207 0.427757 0.094501
208 0.837330 0.090522
209 0.575162 0.473386
210 0.875438 0.627471
211 0.202872 0.036699
212 0.087570 0.823030
213 0.628556 0.581557
214 0.718058 0.733994
215 0.766202 0.104211
216 0.612525 0.466684
217 0.459949 0.118661
218 0.844380 0.214986
219 0.186884 0.134355
220 0.268570 0.084235
221 0.680189 0.426936
222 0.205285 0.680756
223 0.537947 0.057643
224 0.488547 0.429672
225 0.511055 0.606041
226 0.266189 0.837951
227 0.624519 0.921639
228 0.442116 0.601391
229 0.298068 0.365713
230 0.934009 0.848389
231 0.628316 0.236525
232 0.006420 0.804273
233 0.430497 0.994711
234 0.008064 0.654488
235 0.746663 0.975755
236 0.401986 0.703428
237 0.754109 0.783344
238 0.899340 0.157056
239 0.584586 0.343283
240 0.400302 0.496334
241 0.114479 0.789070
242 0.585599 0.148108
243 0.284843 0.763699
244 0.904843 0.987869
245 0.009451 0.014000
246 0.718060 0.157498
247 0.995676 0.713043
248 0.633950 0.848842
249 0.008415 0.533867
250 0.603599 0.314121
251 0.437964 0.891038
252 0.210534 0.973347
253 0.697418 0.989981
254 0.745389 0.563001
255 0.673629 0.643000
256 0.086349 0.862411
257 0.610210 0.634578
258 0.066873 0.253998
259 0.418960 0.267539
260 0.003773 0.213520
261 0.029974 0.281256
262 0.474115 0.814395
263 0.496641 0.164493
264 0.021568 0.504899
265 0.156670 0.398922
266 0.759045 0.017964
267 0.747189 0.428945
268 0.027825 0.335125
269 0.336352 0.218168
270 0.292070 0.474440
271 0.156661 0.612460
272 0.348100 0.616832
273 0.294289 0.534867
274 0.171339 0.915152
275 0.333838 0.709121
276 0.427925 0.425376
277 0.812474 0.821614
278 0.972639 0.411955
279 0.258868 0.640863
280 0.443373 0.646909
281 0.991567 0.198118
282 0.185902 0.491128
283 0.778921 0.690970
284 0.448245 0.066229
285 0.579816 0.660652
286 0.773995 0.188669
287 0.862653 0.271697
288 0.995632 0.449253
289 0.489745 0.569780
290 0.467600 0.991662
291 0.300487 0.266287
292 0.142936 0.136689
293 0.517497 0.238832
294 0.151521 0.015761
295 0.003346 0.969703
296 0.901026 0.254031
297 0.244512 0.231888
298 0.108431 0.343047
299 0.980884 0.641236
300 0.727689 0.675193
301 0.793641 0.617790
302 0.311887 0.680409
303 0.882471 0.351585
304 0.782719 0.805548
305 0.133780 0.459244
306 0.989346 0.959388
307 0.001128 0.437041
308 0.592407 0.002401
309 0.605253 0.385141
310 0.011750 0.168545
311 0.581117 0.974842
312 0.032363 0.574552
313 0.557827 0.536515
314 0.178419 0.311307
315 0.987387 0.850554
316 0.130373 0.646048
317 0.897391 0.774059
318 0.017897 0.893293
319 0.022222 0.605930
320 0.090001 0.995340
321 0.061849 0.293056
322 0.783436 0.652713
323 0.478560 0.878343
324 0.055040 0.877693
325 0.354910 0.449980
326 0.764027 0.910504
327 0.028474 0.057279
328 0.537172 0.021804
329 0.616853 0.205920
330 0.581730 0.440058
331 0.384760 0.467645
332 0.170232 0.556979
333 0.483437 0.526805
334 0.085346 0.125459
335 0.213624 0.222204
336 0.713045 0.602378
337 0.059316 0.669974
338 0.583825 0.930674
339 0.084821 0.776754
340 0.049418 0.996087
341 0.551035 0.647021
342 0.952153 0.113040
343 0.668587 0.893464
344 0.364195 0.306533
345 0.745548 0.513083
346 0.178000 0.758954
347 0.681360 0.145709
348 0.989255 0.094292
349 0.597459 0.842612
350 0.366821 0.207171
351 0.229774 0.746881
352 0.261395 0.462022
353 0.649720 0.449912
354 0.335344 0.420877
355 0.347583 0.513367
356 0.090147 0.488919
357 0.211739 0.164966
358 0.913914 0.473776
359 0.351008 0.751529
360 0.997618 0.584252
361 0.691578 0.575605
362 0.888892 0.669681
363 0.269010 0.556831
364 0.503749 0.307435
365 0.321244 0.059340
366 0.078800 0.619481
367 0.425360 0.142110
368 0.870580 0.175141
369 0.998940 0.053572
370 0.171140 0.840199
371 0.152029 0.287620
372 0.653245 0.708737
373 0.686968 0.784196
374 0.566285 0.850539
375 0.945841 0.165671
376 0.476047 0.603760
377 0.019624 0.745837
378 0.207511 0.644817
379 0.660608 0.497623
380 0.814855 0.458377
381 0.781496 0.498646
382 0.387762 0.887846
383 0.003272 0.360705
384 0.330369 0.807934
385 0.734729 0.385712
386 0.940811 0.582854
387 0.006962 0.398587
388 0.840602 0.415211
389 0.812499 0.868040
390 0.845863 0.987350
391 0.855383 0.653168
392 0.276104 0.149168
393 0.922209 0.744863
394 0.236086 0.938344
395 0.779360 0.546809
396 0.588511 0.252786
397 0.524611 0.814691
398 0.302676 0.996019
399 0.622922 0.429961
400 0.684698 0.212654
401 0.493042 0.484781
402 0.823916 0.557354
403 0.968514 0.996640
404 0.534900 0.979139
405 0.194266 0.003464
406 0.237282 0.700083
407 0.627873 0.004412
408 0.250411 0.994814
409 0.090040 0.278640
410 0.710589 0.492414
411 0.743081 0.710664
412 0.725845 0.316062
413 0.234984 0.438034
414 0.235020 0.086714
415 0.821849 0.018137
416 0.469602 0.674084
417 0.655512 0.799899
418 0.706741 0.700537
419 0.456075 0.221107
420 0.574474 0.884076
421 0.369213 0.086403
422 0.091557 0.680978
423 0.230911 0.571718
424 0.665240 0.015537
425 0.925360 0.941744
426 0.132983 0.422984
427 0.653431 0.756351
428 0.350716 0.377818
429 0.192648 0.191156
430 0.313276 0.176552
431 0.007154 0.936089
432 0.267838 0.279174
433 0.415657 0.962741
434 0.398020 0.038672
435 0.930935 0.054333
436 0.682678 0.678863
437 0.136335 0.074248
438 0.147567 0.214975
439 0.885563 0.033801
440 0.061026 0.715916
441 0.865407 0.759370
442 0.361616 0.804329
443 0.677225 0.073246
444 0.415884 0.868503
445 0.579634 0.769301
446 0.421092 0.394685
447 0.387953 0.274761
448 0.093739 0.236516
449 0.342976 0.161700
450 0.218432 0.387597
451 0.620424 0.157325
452 0.761746 0.596696
453 0.459443 0.411790
454 0.234057 0.009175
455 0.492485 0.001179
456 0.251297 0.780253
457 0.279474 0.676717
458 0.208407 0.301888
459 0.095183 0.939298
460 0.987336 0.014097
461 0.847888 0.863191
462 0.351270 0.660361
463 0.318079 0.454963
464 0.349452 0.968189
465 0.676486 0.539189
466 0.052240 0.185625
467 0.474376 0.457864
468 0.384107 0.527829
469 0.530848 0.508775
470 0.997112 0.761467
471 0.183709 0.946087
472 0.088241 0.586216
473 0.327278 0.292462
474 0.136598 0.829478
475 0.197706 0.791343
476 0.153586 0.177488
477 0.202619 0.852632
478 0.876905 0.422221
479 0.442507 0.753579
480 0.503009 0.740735
481 0.813522 0.771079
482 0.911934 0.824324
483 0.380649 0.996138
484 0.958725 0.874319
485 0.450472 0.854357
486 0.499583 0.996878
487 0.306540 0.727176
488 0.619576 0.813874
489 0.911378 0.372844
490 0.889328 0.498920
491 0.840564 0.596878
492 0.749325 0.139070
493 0.689696 0.284266
494 0.024793 0.246128
495 0.196571 0.521613
496 0.772075 0.463882
497 0.471748 0.320268
498 0.959799 0.782120
499 0.888851 0.311243
3000
0 24
0 42
0 71
0 103
0 249
0 264
0 305
0 307
0 312
0 356
0 387
1 27
1 47
1 60
1 218
1 238
1 281
1 287
1 296
1 368
1 375
2 30
2 94
2 99
2 100
2 144
2 146
2 226
2 252
2 394
2 408
2 471
2 477
3 15
3 53
3 82
3 94
3 115
3 155
3 212
3 241
3 256
3 274
3 324
3 370
3 459
3 474
3 475
3 477
4 66
4 134
4 135
4 179
4 205
4 259
4 293
4 364
4 419
4 447
4 497
5 62
5 84
5 127
5 139
5 163
5 215
5 246
5 266
5 347
5 424
5 443
5 492
6 71
6 160
6 164
6 168
6 258
6 261
6 268
6 298
6 321
6 383
6 387
6 409
7 52
7 117
7 122
7 205
7 229
7 276
7 325
7 331
7 344
7 354
7 428
7 446
7 453
7 463
8 20
8 31
8 36
8 43
8 110
8 171
8 183
8 267
8 385
8 412
8 493
9 59
9 100
9 147
9 199
9 204
9 226
9 243
9 275
9 302
9 359
9 384
9 442
9 456
9 487
10 13
10 18
10 76
10 87
10 131
10 174
10 278
10 288
10 303
10 358
10 388
10 478
10 489
11 39
11 48
11 70
11 185
11 284
11 365
11 421
11 434
12 45
12 58
12 88
12 104
12 148
12 153
12 184
12 211
12 219
12 220
12 292
12 294
12 405
12 414
12 437
12 454
13 18
13 47
13 76
13 159
13 278
13 303
13 489
13 499
14 34
14 68
14 119
14 124
14 130
14 162
14 230
14 315
14 317
14 393
14 470
14 482
14 484
14 498
15 53
15 73
15 82
15 99
15 155
15 212
15 241
15 339
15 346
15 351
15 370
15 456
15 474
15 475
15 477
16 60
16 139
16 186
16 197
16 208
16 238
16 342
16 368
16 415
16 435
16 439
17 68
17 97
17 121
17 161
17 170
17 244
17 390
17 425
17 461
18 76
18 87
18 131
18 174
18 278
18 288
18 303
18 478
18 489
19 61
19 79
19 116
19 132
19 152
19 195
19 217
19 223
19 242
19 263
19 328
19 451
20 31
20 36
20 43
20 183
20 218
20 287
20 296
20 303
20 412
20 499
21 25
21 114
21 158
21 184
21 245
21 310
21 327
21 334
22 23
22 26
22 91
22 140
22 210
22 299
22 360
22 362
22 386
22 391
23 26
23 35
23 72
23 105
23 193
23 210
23 299
23 360
23 362
23 386
23 391
23 402
23 490
23 491
24 29
24 42
24 103
24 111
24 249
24 264
24 312
24 319
24 356
24 472
25 58
25 88
25 93
25 114
25 158
25 184
25 292
25 310
25 327
25 334
25 437
25 466
26 35
26 72
26 83
26 105
26 210
26 301
26 386
26 391
26 395
26 402
26 490
26 491
27 47
27 159
27 203
27 238
27 281
27 296
27 375
28 44
28 102
28 143
28 194
28 217
28 259
28 263
28 269
28 350
28 367
28 419
28 447
28 449
29 42
29 67
29 111
29 271
29 282
29 305
29 332
29 356
29 472
29 495
30 94
30 146
30 181
30 252
30 394
30 398
30 408
30 464
30 471
31 43
31 86
31 110
31 112
31 176
31 183
31 190
31 400
31 412
31 493
32 41
32 49
32 89
32 90
32 106
32 147
32 228
32 236
32 280
32 376
32 416
32 462
32 479
33 117
33 120
33 179
33 209
33 224
33 239
33 276
33 309
33 330
33 364
33 401
33 453
33 467
33 497
34 55
34 130
34 142
34 230
34 277
34 304
34 317
34 389
34 393
34 441
34 461
34 481
34 482
34 498
35 72
35 83
35 87
35 154
35 172
35 174
35 193
35 288
35 358
35 386
35 490
36 43
36 76
36 131
36 171
36 287
36 303
36 388
36 478
36 489
36 499
37 40
37 123
37 133
37 187
37 209
37 213
37 216
37 313
37 330
37 353
37 379
37 399
37 465
37 469
38 149
38 212
38 232
38 256
38 318
38 324
38 339
39 79
39 207
39 223
39 284
39 328
39 434
39 455
40 123
40 133
40 187
40 209
40 213
40 225
40 257
40 313
40 341
40 465
40 469
41 50
41 89
41 137
41 145
41 156
41 228
41 236
41 272
41 280
41 376
41 462
41 468
42 103
42 111
42 264
42 282
42 305
42 312
42 332
42 356
42 472
42 495
43 131
43 171
43 267
43 303
43 380
43 385
43 388
43 412
44 102
44 128
44 134
44 259
44 269
44 344
44 350
44 367
44 419
44 447
44 449
44 473
45 104
45 153
45 211
45 219
45 220
45 292
45 357
45 392
45 414
45 429
45 437
45 476
46 98
46 206
46 232
46 234
46 337
46 377
46 422
46 440
47 76
47 159
47 287
47 296
47 303
47 499
48 70
48 143
48 150
48 185
48 194
48 207
48 284
48 365
48 421
48 434
49 63
49 90
49 106
49 141
49 225
49 280
49 285
49 341
49 376
49 416
49 480
50 89
50 145
50 204
50 272
50 275
50 279
50 302
50 363
50 378
50 406
50 457
50 462
50 487
51 63
51 85
51 106
51 108
51 178
51 180
51 262
51 349
51 374
51 397
51 445
51 480
51 488
52 54
52 80
52 122
52 128
52 191
52 205
52 229
52 291
52 344
52 354
52 428
52 432
52 447
52 473
53 82
53 94
53 99
53 155
53 226
53 243
53 346
53 351
53 370
53 456
53 474
53 475
53 477
54 80
54 122
54 168
54 191
54 196
54 200
54 229
54 291
54 314
54 432
54 450
54 458
55 95
55 109
55 113
55 142
55 151
55 237
55 277
55 283
55 304
55 317
55 362
55 391
55 393
55 411
55 441
55 481
56 77
56 110
56 182
56 216
56 221
56 239
56 250
56 267
56 309
56 353
56 385
56 399
57 64
57 107
57 109
57 214
57 237
57 277
57 304
57 343
57 373
57 417
58 88
58 104
58 158
58 184
58 211
58 294
58 327
58 405
58 437
59 74
59 100
59 144
59 146
59 199
59 251
59 382
59 384
59 442
59 444
59 485
60 139
60 197
60 202
60 208
60 215
60 218
60 238
60 286
60 368
61 79
61 101
61 102
61 132
61 152
61 195
61 217
61 223
61 242
61 263
62 84
62 116
62 127
62 163
62 215
62 266
62 407
62 424
62 443
63 108
63 141
63 169
63 180
63 257
63 285
63 341
63 372
63 427
63 445
63 480
64 96
64 107
64 201
64 237
64 248
64 304
64 326
64 343
64 373
64 389
64 417
65 75
65 166
65 173
65 178
65 198
65 251
65 262
65 323
65 338
65 349
65 374
65 397
65 404
65 420
65 485
66 101
66 132
66 135
66 179
66 231
66 250
66 293
66 329
66 364
66 396
67 78
67 92
67 111
67 222
67 271
67 279
67 316
67 332
67 363
67 378
67 423
67 495
68 97
68 121
68 124
68 230
68 244
68 306
68 315
68 425
68 482
68 484
69 103
69 160
69 196
69 265
69 282
69 305
69 352
69 413
69 426
69 450
69 495
70 148
70 150
70 185
70 220
70 365
70 421
70 434
70 454
71 103
71 160
71 264
71 305
71 307
71 356
71 383
71 387
71 426
72 83
72 154
72 210
72 358
72 380
72 381
72 386
72 395
72 402
72 490
72 491
73 82
73 92
73 98
73 222
73 241
73 316
73 339
73 346
73 351
73 378
73 406
73 422
73 440
73 475
74 85
74 90
74 106
74 147
74 199
74 251
74 262
74 359
74 382
74 384
74 442
74 444
74 479
74 485
75 166
75 173
75 178
75 198
75 233
75 251
75 290
75 323
75 382
75 404
75 433
75 444
75 485
75 486
76 131
76 159
76 174
76 278
76 296
76 303
76 478
76 489
76 499
77 86
77 110
77 112
77 182
77 231
77 239
77 250
77 309
77 396
77 412
77 493
78 270
78 273
78 282
78 332
78 352
78 363
78 413
78 423
78 463
78 495
79 102
79 152
79 194
79 207
79 217
79 223
79 263
79 284
79 328
79 367
79 455
80 128
80 191
80 200
80 229
80 291
80 297
80 344
80 428
80 432
80 458
80 473
81 96
81 161
81 170
81 235
81 253
81 326
81 390
82 92
82 98
82 212
82 241
82 339
82 346
82 351
82 370
82 474
82 475
83 154
83 358
83 380
83 381
83 388
83 395
83 402
83 478
83 490
83 491
83 496
84 116
84 163
84 189
84 195
84 242
84 246
84 347
84 443
84 451
84 492
85 90
85 106
85 147
85 178
85 262
85 397
85 445
85 479
85 480
85 485
86 110
86 112
86 182
86 189
86 231
86 250
86 329
86 396
86 400
86 412
86 493
87 172
87 174
87 193
87 278
87 288
87 358
87 490
88 93
88 104
88 114
88 158
88 184
88 219
88 292
88 294
88 327
88 334
88 437
89 90
89 156
89 228
89 236
89 272
89 275
89 280
89 302
89 416
89 462
90 106
90 147
90 236
90 280
90 359
90 416
90 479
90 480
91 119
91 140
91 247
91 299
91 360
91 362
91 393
91 470
92 222
92 271
92 316
92 346
92 351
92 378
92 406
92 422
93 104
93 114
93 129
93 136
93 157
93 258
93 292
93 310
93 334
93 438
93 448
93 466
93 476
94 99
94 115
94 155
94 177
94 181
94 226
94 252
94 274
94 370
94 394
94 471
94 474
94 477
95 105
95 113
95 119
95 140
95 142
95 151
95 210
95 317
95 362
95 391
95 393
95 441
95 481
96 107
96 170
96 175
96 201
96 227
96 235
96 253
96 326
96 343
97 121
97 124
97 230
97 244
97 306
97 315
97 403
97 425
97 484
98 212
98 241
98 337
98 339
98 346
98 377
98 422
98 440
99 100
99 146
99 155
99 226
99 274
99 370
99 394
99 456
99 475
99 477
100 144
100 146
100 199
100 226
100 243
100 382
100 384
100 442
100 456
101 132
101 135
101 189
101 231
101 242
101 263
101 293
101 329
101 396
101 451
102 132
102 194
102 207
102 217
102 263
102 293
102 367
102 419
103 160
103 265
103 298
103 305
103 307
103 356
103 426
104 153
104 184
104 211
104 219
104 292
104 294
104 334
104 357
104 414
104 429
104 437
104 476
105 113
105 210
105 283
105 301
105 322
105 362
105 391
105 402
105 452
105 491
106 147
106 236
106 262
106 280
106 416
106 479
106 480
107 170
107 237
107 277
107 304
107 326
107 389
107 461
107 481
108 141
108 169
108 180
108 372
108 373
108 417
108 427
108 436
108 445
108 488
109 113
109 151
109 214
109 237
109 277
109 283
109 300
109 304
109 373
109 411
109 418
109 481
110 112
110 182
110 250
110 385
110 412
110 493
111 271
111 312
111 316
111 332
111 356
111 366
111 472
111 495
112 176
112 183
112 189
112 190
112 231
112 246
112 286
112 329
112 400
112 412
112 493
113 151
113 210
113 283
113 300
113 301
113 322
113 362
113 391
113 411
113 441
113 481
113 491
114 184
114 260
114 310
114 327
114 334
114 466
115 149
115 155
115 177
115 192
115 212
115 256
115 274
115 318
115 324
115 370
115 459
115 471
115 474
116 152
116 195
116 223
116 308
116 328
116 407
116 424
116 443
117 134
117 205
117 224
117 276
117 364
117 446
117 453
117 467
117 497
118 143
118 150
118 153
118 165
118 194
118 220
118 269
118 350
118 365
118 392
118 414
118 421
118 430
118 449
119 130
119 140
119 162
119 247
119 317
119 362
119 393
119 441
119 470
119 482
119 498
120 135
120 179
120 182
120 224
120 239
120 250
120 309
120 330
120 364
120 497
121 124
121 161
121 230
121 244
121 425
121 461
121 482
121 484
122 191
122 229
122 270
122 325
122 352
122 354
122 413
122 428
122 450
122 463
123 133
123 213
123 225
123 257
123 285
123 289
123 313
123 333
123 341
123 376
123 469
124 230
124 306
124 315
124 425
124 484
125 175
125 201
125 227
125 253
125 311
125 338
125 404
126 197
126 342
126 348
126 369
126 435
126 439
126 460
127 139
127 186
127 208
127 215
127 266
127 415
128 205
128 259
128 269
128 291
128 344
128 350
128 432
128 447
128 473
129 136
129 157
129 164
129 168
129 200
129 258
129 298
129 314
129 321
129 335
129 371
129 409
129 429
129 438
129 448
129 458
129 476
130 140
130 142
130 162
130 230
130 315
130 317
130 393
130 441
130 470
130 482
130 484
130 498
131 154
131 174
131 303
131 358
131 380
131 388
131 478
131 489
131 499
132 195
132 242
132 263
132 293
132 329
132 451
133 169
133 187
133 213
133 225
133 255
133 257
133 285
133 313
133 341
133 361
134 205
134 259
134 293
134 344
134 364
134 419
134 447
134 497
135 179
135 182
135 231
135 239
135 250
135 293
135 364
135 396
135 497
136 157
136 258
136 260
136 261
136 310
136 321
136 409
136 438
136 448
136 466
136 494
137 156
137 167
137 228
137 240
137 289
137 331
137 333
137 355
137 376
137 401
137 468
138 171
138 221
138 267
138 345
138 353
138 379
138 380
138 381
138 385
138 410
138 496
139 202
139 208
139 215
139 246
139 286
139 368
139 492
140 247
140 299
140 317
140 362
140 391
140 393
140 441
140 470
140 498
141 169
141 255
141 257
141 285
141 341
141 372
141 427
141 436
141 445
142 151
142 277
142 304
142 317
142 389
142 393
142 441
142 461
142 481
142 482
143 150
143 194
143 207
143 269
143 350
143 365
143 367
143 392
143 421
143 430
143 449
144 146
144 188
144 199
144 226
144 382
144 384
144 442
144 444
144 464
145 156
145 272
145 273
145 279
145 355
145 363
145 423
145 468
146 188
146 226
146 382
146 394
146 398
146 408
146 464
147 199
147 236
147 262
147 275
147 359
147 384
147 442
147 479
148 150
148 185
148 211
148 220
148 365
148 405
148 414
148 454
149 177
149 192
149 256
149 295
149 318
149 320
149 324
149 340
149 431
149 459
150 153
150 185
150 194
150 220
150 365
150 392
150 414
150 421
150 430
150 449
151 214
151 237
151 277
151 283
151 300
151 304
151 322
151 411
151 418
151 441
151 481
152 195
152 223
152 242
152 308
152 328
152 407
153 165
153 211
153 219
153 220
153 292
153 357
153 392
153 414
153 429
153 430
153 476
154 171
154 174
154 358
154 380
154 381
154 388
154 402
154 478
154 490
154 496
155 177
155 181
155 256
155 274
155 370
155 394
155 459
155 471
155 474
155 477
156 228
156 240
156 272
156 273
156 355
156 462
156 468
157 258
157 292
157 334
157 371
157 409
157 429
157 438
157 448
157 466
157 476
157 494
158 184
158 245
158 294
158 327
158 437
159 281
159 296
160 164
160 168
160 196
160 265
160 268
160 298
160 305
160 426
161 170
161 244
161 326
161 389
161 390
161 425
161 461
162 230
162 247
162 315
162 393
162 470
162 482
162 484
162 498
163 189
163 215
163 246
163 347
163 443
163 451
163 492
164 168
164 196
164 258
164 261
164 268
164 298
164 314
164 321
164 371
164 409
164 448
165 269
165 291
165 297
165 335
165 350
165 357
165 392
165 429
165 430
165 432
165 449
166 173
166 198
166 233
166 251
166 290
166 311
166 323
166 404
166 433
166 486
167 224
167 240
167 276
167 289
167 331
167 333
167 401
167 453
167 467
167 468
167 469
168 196
168 265
168 298
168 314
168 371
168 409
168 426
168 450
168 458
169 213
169 255
169 257
169 285
169 341
169 372
169 418
169 436
170 235
170 326
170 389
170 390
170 461
171 267
171 380
171 381
171 385
171 388
171 496
172 193
172 278
172 288
172 358
172 360
172 490
173 188
173 198
173 233
173 251
173 290
173 323
173 382
173 433
173 444
173 483
173 485
173 486
174 278
174 288
174 303
174 358
174 388
174 478
174 489
174 490
175 201
175 227
175 235
175 253
175 311
175 338
175 343
176 183
176 189
176 190
176 202
176 246
176 286
176 347
176 400
176 492
176 493
177 181
177 192
177 252
177 274
177 320
177 340
177 459
177 471
178 180
178 198
178 262
178 323
178 349
178 374
178 397
178 420
178 445
178 485
178 488
179 182
179 239
179 250
179 293
179 309
179 364
179 396
179 497
180 248
180 349
180 374
180 397
180 417
180 420
180 427
180 445
180 488
181 192
181 252
181 274
181 320
181 394
181 408
181 459
181 471
182 239
182 250
182 309
182 399
182 493
183 190
183 202
183 218
183 286
183 287
183 412
184 245
184 292
184 294
184 327
184 334
184 437
185 211
185 220
185 365
185 405
185 414
185 454
186 197
186 208
186 266
186 415
186 435
186 439
187 209
187 213
187 216
187 313
187 353
187 361
187 379
187 410
187 465
188 233
188 251
188 290
188 382
188 433
188 444
188 464
188 483
189 231
189 242
189 246
189 329
189 347
189 400
189 451
190 202
190 246
190 286
190 400
190 412
190 493
191 196
191 229
191 352
191 354
191 413
191 450
191 458
192 295
192 318
192 320
192 324
192 340
192 431
192 459
193 360
193 386
194 207
194 217
194 284
194 350
194 365
194 367
194 421
194 434
194 449
195 223
195 242
195 308
195 328
195 407
195 443
195 451
196 200
196 265
196 298
196 314
196 371
196 426
196 450
196 458
197 203
197 208
197 238
197 342
197 348
197 368
197 369
197 375
197 435
197 439
198 290
198 311
198 323
198 338
198 374
198 404
198 420
198 486
199 251
199 262
199 359
199 382
199 384
199 442
199 444
199 479
199 485
200 291
200 297
200 314
200 335
200 371
200 429
200 432
200 438
200 458
201 227
201 235
201 253
201 326
201 338
201 343
202 215
202 218
202 246
202 286
202 368
202 492
203 281
203 342
203 348
203 369
203 375
204 222
204 243
204 275
204 279
204 302
204 346
204 351
204 359
204 406
204 456
204 457
204 475
204 487
205 259
205 276
205 344
205 428
205 446
205 447
205 453
205 473
205 497
206 234
206 312
206 316
206 319
206 337
206 366
206 422
206 440
206 472
207 217
207 284
207 367
207 421
207 434
208 215
208 238
208 368
208 415
208 439
209 216
209 309
209 313
209 330
209 353
209 379
209 399
209 401
209 469
210 301
210 322
210 362
210 386
210 391
210 402
210 491
211 220
211 294
211 405
211 414
211 437
211 454
212 232
212 241
212 256
212 324
212 339
212 370
212 474
213 255
213 257
213 285
213 313
213 336
213 361
213 379
213 465
214 237
214 283
214 300
214 372
214 373
214 411
214 417
214 418
214 427
214 436
215 246
215 266
215 286
215 347
215 443
215 492
216 221
216 309
216 313
216 330
216 353
216 379
216 399
216 469
217 263
217 284
217 367
218 238
218 286
218 287
218 296
218 368
219 292
219 335
219 357
219 392
219 414
219 429
219 437
219 438
219 476
220 365
220 392
220 414
220 454
221 267
221 309
221 353
221 379
221 385
221 399
221 410
222 271
222 279
222 316
222 346
222 351
222 378
222 406
222 457
223 284
223 308
223 328
223 455
224 276
224 330
224 401
224 446
224 453
224 467
224 469
225 228
225 280
225 285
225 289
225 313
225 333
225 341
225 376
225 416
226 243
226 370
226 384
226 456
226 475
226 477
227 248
227 311
227 338
227 343
227 349
227 374
227 420
228 272
228 280
228 289
228 333
228 376
228 416
228 468
229 344
229 354
229 428
229 432
229 450
229 463
229 473
230 315
230 317
230 425
230 461
230 482
230 484
230 498
231 250
231 329
231 396
231 400
231 451
231 493
232 318
232 324
232 339
232 377
233 290
233 433
233 464
233 483
233 486
234 312
234 319
234 337
234 366
234 377
234 422
234 440
235 253
235 326
236 275
236 280
236 302
236 359
236 416
236 462
236 479
237 277
237 304
237 373
237 411
237 418
237 481
238 342
238 368
238 375
239 250
239 309
239 364
239 396
239 399
240 276
240 325
240 331
240 333
240 355
240 401
240 463
240 467
240 468
241 256
241 339
241 346
241 370
241 440
241 474
241 475
242 263
242 329
242 451
243 275
243 302
243 351
243 359
243 384
243 406
243 442
243 456
243 457
243 475
243 487
244 306
244 390
244 403
244 425
245 327
246 286
246 347
246 400
246 443
246 492
247 299
247 393
247 470
247 498
248 343
248 349
248 373
248 374
248 417
248 420
248 427
248 488
249 264
249 312
249 319
249 356
249 472
250 309
250 396
250 493
251 262
251 323
251 382
251 433
251 444
251 485
252 274
252 394
252 398
252 408
252 471
254 301
254 336
254 345
254 361
254 381
254 395
254 402
254 410
254 452
254 465
255 257
255 285
255 300
255 336
255 361
255 372
255 418
255 436
256 318
256 324
256 339
256 370
256 459
256 474
257 285
257 341
257 372
257 436
258 260
258 261
258 268
258 321
258 371
258 409
258 438
258 448
258 466
258 494
259 344
259 350
259 364
259 419
259 447
259 473
259 497
260 261
260 310
260 448
260 466
260 494
261 268
261 321
261 383
261 409
261 448
261 494
262 323
262 397
262 444
262 479
262 480
262 485
263 293
263 367
263 419
264 307
264 312
264 356
265 298
265 305
265 314
265 413
265 426
265 450
266 415
266 424
267 345
267 380
267 381
267 385
267 388
267 410
267 496
268 298
268 321
268 383
268 387
268 409
268 494
269 291
269 297
269 344
269 350
269 392
269 430
269 432
269 447
269 449
269 473
270 273
270 325
270 331
270 352
270 354
270 355
270 363
270 413
270 463
271 316
271 332
271 366
271 378
271 422
271 423
271 472
272 275
272 279
272 302
272 457
272 462
273 352
273 355
273 363
273 423
273 463
273 468
274 370
274 394
274 459
274 471
274 474
274 477
275 302
275 359
275 457
275 462
275 487
276 325
276 331
276 354
276 401
276 428
276 446
276 453
276 467
277 304
277 389
277 441
277 461
277 481
278 288
278 358
278 489
279 302
279 363
279 378
279 406
279 423
279 457
279 462
280 289
280 376
280 416
280 462
281 342
281 375
282 305
282 332
282 352
282 413
282 423
282 426
282 495
283 300
283 301
283 322
283 391
283 411
283 418
283 481
284 367
284 421
284 434
284 455
285 341
285 372
286 400
286 492
287 296
287 303
287 499
288 358
289 313
289 333
289 376
289 401
289 469
290 404
290 433
290 483
290 486
291 297
291 344
291 350
291 430
291 432
291 447
291 473
292 334
292 357
292 429
292 437
292 438
292 476
293 364
293 396
293 419
293 497
294 405
294 437
294 454
295 318
295 320
295 340
295 431
296 368
296 499
297 335
297 357
297 392
297 429
297 430
297 432
297 458
298 314
298 321
298 371
298 409
298 426
299 360
299 386
300 301
300 322
300 336
300 372
300 411
300 418
300 436
300 452
301 322
301 336
301 391
301 395
301 402
301 452
301 491
302 359
302 406
302 457
302 462
302 487
303 388
303 478
303 489
303 499
304 389
304 441
304 461
304 481
305 356
305 426
305 495
306 403
306 425
306 484
307 383
307 387
308 328
308 407
308 424
309 330
309 353
309 399
310 334
310 466
310 494
311 338
311 404
311 420
311 486
312 319
312 366
312 472
313 333
313 401
313 469
314 371
314 409
314 432
314 450
314 458
315 470
315 482
315 484
315 498
316 337
316 366
316 378
316 422
316 472
317 393
317 441
317 481
317 482
317 498
318 324
318 431
318 459
319 337
319 366
319 472
320 340
320 459
321 371
321 383
321 409
321 448
321 494
322 336
322 391
322 411
322 418
322 452
322 491
323 374
323 382
323 397
323 444
323 485
324 431
324 459
324 474
325 331
325 352
325 354
325 355
325 428
325 446
325 463
325 468
326 389
327 334
328 407
328 455
329 347
329 396
329 400
329 451
330 353
330 399
330 469
331 354
331 355
331 446
331 453
331 463
331 467
331 468
332 378
332 423
332 472
332 495
333 376
333 401
333 467
333 469
334 437
334 466
334 476
335 357
335 371
335 429
335 432
335 438
335 458
335 476
336 345
336 361
336 395
336 436
336 452
336 465
337 366
337 377
337 422
337 440
337 472
338 343
338 349
338 374
338 404
338 420
339 346
339 377
339 440
339 474
340 431
340 459
341 376
341 416
342 348
342 369
342 375
342 435
343 349
343 417
343 420
343 488
344 428
344 447
344 473
345 361
345 379
345 380
345 381
345 395
345 402
345 410
345 452
345 465
345 496
346 351
346 370
346 406
346 456
346 474
346 475
347 400
347 443
347 451
347 492
348 369
348 375
348 435
348 460
349 374
349 397
349 417
349 420
349 445
349 488
350 367
350 419
350 430
350 447
350 449
350 473
351 406
351 456
351 457
351 475
351 487
352 354
352 363
352 413
352 450
352 463
352 495
353 379
353 399
353 410
353 465
354 355
354 428
354 446
354 463
355 363
355 463
355 468
356 426
357 392
357 414
357 429
357 438
357 476
358 388
358 478
358 490
359 384
359 442
359 462
359 479
359 487
360 386
361 379
361 395
361 410
361 452
361 465
362 391
362 393
362 441
362 491
363 423
363 495
364 497
365 414
365 421
365 434
366 422
366 472
367 419
367 421
367 449
368 375
369 435
369 460
370 474
370 475
370 477
371 409
371 438
371 448
371 458
372 373
372 411
372 417
372 418
372 427
372 436
372 445
373 411
373 417
373 418
373 427
373 488
374 397
374 420
374 445
374 488
376 416
377 440
378 406
378 423
378 457
379 399
379 410
379 465
380 381
380 388
380 395
380 478
380 490
380 496
381 395
381 402
381 410
381 496
382 433
382 442
382 444
382 464
382 485
383 387
384 442
384 456
384 487
385 412
385 496
388 478
388 489
388 496
389 461
390 425
391 491
392 414
392 429
392 430
392 449
393 441
393 470
393 482
393 498
394 398
394 408
394 471
394 477
395 402
395 410
395 452
395 491
395 496
397 420
397 445
397 480
397 485
397 488
398 408
398 464
398 483
400 451
400 493
401 453
401 467
401 469
402 452
402 490
402 491
403 425
404 486
405 414
405 437
405 454
406 456
406 457
406 487
407 424
407 443
408 471
409 438
409 448
409 494
410 465
410 496
411 418
411 436
411 481
412 493
413 450
413 463
413 495
414 454
415 439
416 479
416 480
417 427
417 445
417 488
418 427
418 436
419 447
420 488
421 434
421 449
422 440
422 472
423 495
424 443
425 484
426 450
427 436
427 445
427 488
428 446
428 463
428 473
429 438
429 476
430 449
431 459
432 458
432 473
433 444
433 464
433 483
433 486
435 439
435 460
438 448
438 476
441 481
441 482
442 444
442 479
442 487
444 485
445 480
445 488
446 453
446 467
446 497
447 473
447 497
448 466
448 476
448 494
450 458
452 491
453 467
453 497
456 475
456 477
456 487
457 462
457 487
459 471
461 482
462 487
464 483
466 494
467 469
470 498
471 477
474 475
474 477
475 477
478 489
478 490
479 480
482 484
482 498
484 498
489 499
