500
0 0.092417 0.526702
1 0.616098 0.807581
2 0.679169 0.792647
3 0.930982 0.758988
4 0.170573 0.555027
5 0.612851 0.713660
6 0.667982 0.203568
7 0.168189 0.996137
8 0.419364 0.741027
9 0.499976 0.936347
10 0.928415 0.984299
11 0.802162 0.077617
12 0.235812 0.557078
13 0.926420 0.009684
14 0.817847 0.187882
15 0.563370 0.772643
16 0.068171 0.980594
17 0.179105 0.134260
18 0.255116 0.134244
19 0.180117 0.054543
20 0.971723 0.329847
21 0.837115 0.558139
22 0.832479 0.757777
23 0.298240 0.871492
24 0.090747 0.244732
25 0.401598 0.173202
26 0.586787 0.353927
27 0.619027 0.192487
28 0.563008 0.589816
29 0.072796 0.354969
30 0.064187 0.648098
31 0.380076 0.876625
32 0.656782 0.575852
33 0.531020 0.128414
34 0.896761 0.879141
35 0.149167 0.782877
36 0.485390 0.068319
37 0.112383 0.043136
38 0.676103 0.398456
39 0.738926 0.941370
40 0.635004 0.042541
41 0.297337 0.635676
42 0.810768 0.385173
43 0.080068 0.679535
44 0.959371 0.848994
45 0.376619 0.581117
46 0.123617 0.976909
47 0.267655 0.193367
48 0.256941 0.037625
49 0.742345 0.996265
50 0.327847 0.265382
51 0.044912 0.463000
52 0.529622 0.196293
53 0.952144 0.065632
54 0.320079 0.012930
55 0.042864 0.863192
56 0.624237 0.119004
57 0.142389 0.404278
58 0.209607 0.725521
59 0.379850 0.938954
60 0.326779 0.445654
61 0.457428 0.353667
62 0.197240 0.767620
63 0.797894 0.818102
64 0.825872 0.803170
65 0.210519 0.864351
66 0.595269 0.506449
67 0.383580 0.498242
68 0.991352 0.052295
69 0.043846 0.279652
70 0.968556 0.460149
71 0.639325 0.468646
72 0.211027 0.382394
73 0.627455 0.079733
74 0.222707 0.450213
75 0.795662 0.020375
76 0.601010 0.566464
77 0.134536 0.818485
78 0.337159 0.797943
79 0.932137 0.355270
80 0.988510 0.740117
81 0.517084 0.046095
82 0.930803 0.110640
83 0.458584 0.962876
84 0.690163 0.694046
85 0.004130 0.374769
86 0.705258 0.747475
87 0.345395 0.540595
88 0.789805 0.544145
89 0.270323 0.803889
90 0.596057 0.048701
91 0.831155 0.680776
92 0.499212 0.612684
93 0.448167 0.283379
94 0.452043 0.914525
95 0.611747 0.903525
96 0.716143 0.676301
97 0.594089 0.097707
98 0.497165 0.144463
99 0.444108 0.318402
100 0.911123 0.840340
101 0.790852 0.251312
102 0.201721 0.275172
103 0.084131 0.615642
104 0.405886 0.207524
105 0.845702 0.384897
106 0.314590 0.905040
107 0.690418 0.020910
108 0.633540 0.282535
109 0.057699 0.176954
110 0.036708 0.422801
111 0.752364 0.599501
112 0.911475 0.299219
113 0.921879 0.495289
114 0.338912 0.708439
115 0.479470 0.503564
116 0.007528 0.794169
117 0.773142 0.729398
118 0.367701 0.613864
119 0.983690 0.641585
120 0.858298 0.454441
121 0.654946 0.309977
122 0.157304 0.082684
123 0.252070 0.477402
124 0.415141 0.399628
125 0.624722 0.420188
126 0.307508 0.376992
127 0.804099 0.443596
128 0.983217 0.960873
129 0.066891 0.719662
130 0.948291 0.164992
131 0.831635 0.935974
132 0.778001 0.486366
133 0.252578 0.924747
134 0.385152 0.044761
135 0.720720 0.124573
136 0.245553 0.281045
137 0.405073 0.128309
138 0.260722 0.624012
139 0.849923 0.848414
140 0.558397 0.083881
141 0.129624 0.741109
142 0.493156 0.541822
143 0.875456 0.560347
144 0.806561 0.627742
145 0.902990 0.171213
146 0.282429 0.330706
147 0.099189 0.451282
148 0.677314 0.873918
149 0.918769 0.648490
150 0.161752 0.304152
151 0.834269 0.500388
152 0.081403 0.934636
153 0.313188 0.108983
154 0.214394 0.180635
155 0.181241 0.684740
156 0.483199 0.206571
157 0.003821 0.033544
158 0.771265 0.307080
159 0.267758 0.529212
160 0.366226 0.425452
161 0.417982 0.847974
162 0.997013 0.493730
163 0.716394 0.852386
164 0.759726 0.245803
165 0.443888 0.006927
166 0.872940 0.252965
167 0.196353 0.013166
168 0.528445 0.688097
169 0.564012 0.225458
170 0.484043 0.677052
171 0.751088 0.045839
172 0.179292 0.589506
173 0.437165 0.167368
174 0.576552 0.444048
175 0.967153 0.803718
176 0.297471 0.250950
177 0.300414 0.693480
178 0.173292 0.640390
179 0.941075 0.231232
180 0.070332 0.119633
181 0.669156 0.046234
182 0.536694 0.886999
183 0.577782 0.721805
184 0.453913 0.867967
185 0.766453 0.111547
186 0.135295 0.486623
187 0.469408 0.034370
188 0.908809 0.445193
189 0.347232 0.374787
190 0.515924 0.010662
191 0.697180 0.348352
192 0.687281 0.935805
193 0.704915 0.159312
194 0.453129 0.251911
195 0.279164 0.957838
196 0.533663 0.616120
197 0.283520 0.834492
198 0.639874 0.691614
199 0.756367 0.159758
200 0.888685 0.797214
201 0.685686 0.656367
202 0.833107 0.223095
203 0.546638 0.848048
204 0.408462 0.330980
205 0.291488 0.725118
206 0.137507 0.621572
207 0.070132 0.063021
208 0.067468 0.214911
209 0.007299 0.981184
210 0.489027 0.901389
211 0.050708 0.919576
212 0.521471 0.799173
213 0.683431 0.612436
214 0.129985 0.160649
215 0.635656 0.152091
216 0.221795 0.934644
217 0.426558 0.451213
218 0.561520 0.664973
219 0.033995 0.015573
220 0.829763 0.112609
221 0.003428 0.449440
222 0.881417 0.389665
223 0.762841 0.832723
224 0.148621 0.957975
225 0.296848 0.601429
226 0.599087 0.400107
227 0.397620 0.297604
228 0.931067 0.712456
229 0.402023 0.801718
230 0.211619 0.111042
231 0.794275 0.698736
232 0.596491 0.653682
233 0.169185 0.848776
234 0.549463 0.527318
235 0.572793 0.897313
236 0.574096 0.629527
237 0.864389 0.709656
238 0.018401 0.248374
239 0.103254 0.376223
240 0.012798 0.145305
241 0.745125 0.690992
242 0.309631 0.507720
243 0.041565 0.779895
244 0.694624 0.458741
245 0.071734 0.575366
246 0.406979 0.096901
247 0.303290 0.067305
248 0.997425 0.092580
249 0.669430 0.162977
250 0.421364 0.586002
251 0.008700 0.739419
252 0.148612 0.208039
253 0.462940 0.800580
254 0.228043 0.077288
255 0.331692 0.587467
256 0.104702 0.201284
257 0.251419 0.716887
258 0.753797 0.372927
259 0.301649 0.295073
260 0.749891 0.785518
261 0.438300 0.421478
262 0.551484 0.467369
263 0.629171 0.872690
264 0.492936 0.240079
265 0.034802 0.634736
266 0.133466 0.317966
267 0.423112 0.678894
268 0.534014 0.344073
269 0.066349 0.309373
270 0.020783 0.535351
271 0.101905 0.410656
272 0.645740 0.635974
273 0.171539 0.247041
274 0.132071 0.262942
275 0.882117 0.506839
276 0.436163 0.118105
277 0.530539 0.285288
278 0.709620 0.255419
279 0.759378 0.202607
280 0.545411 0.166717
281 0.121022 0.859013
282 0.253504 0.315869
283 0.210182 0.222657
284 0.374475 0.006481
285 0.729094 0.566272
286 0.498566 0.178079
287 0.834756 0.324513
288 0.981075 0.254399
289 0.947338 0.594986
290 0.180982 0.436033
291 0.463861 0.833285
292 0.295521 0.210252
293 0.213657 0.986194
294 0.934673 0.409184
295 0.109940 0.081399
296 0.957196 0.564836
297 0.592923 0.212989
298 0.953790 0.028618
299 0.464982 0.571177
300 0.983350 0.589660
301 0.021972 0.687885
302 0.967971 0.104216
303 0.465966 0.455861
304 0.591228 0.978552
305 0.389897 0.994446
306 0.263439 0.251038
307 0.409433 0.522926
308 0.663551 0.989095
309 0.157743 0.357746
310 0.998894 0.225574
311 0.959406 0.278133
312 0.754856 0.874070
313 0.116925 0.554469
314 0.682507 0.271866
315 0.806465 0.870041
316 0.810007 0.346478
317 0.832033 0.723118
318 0.967255 0.521815
319 0.802048 0.954070
320 0.718983 0.073166
321 0.974649 0.696070
322 0.349886 0.334808
323 0.582814 0.164013
324 0.245263 0.856432
325 0.877640 0.621522
326 0.524109 0.483947
327 0.358196 0.085459
328 0.689330 0.087121
329 0.974945 0.145184
330 0.633634 0.776613
331 0.986313 0.998600
332 0.004753 0.192155
333 0.889432 0.003461
334 0.907448 0.596030
335 0.564606 0.016335
336 0.124907 0.697212
337 0.611715 0.018384
338 0.821734 0.047190
339 0.114818 0.113810
340 0.157212 0.516823
341 0.773103 0.912450
342 0.921926 0.953410
343 0.620881 0.367039
344 0.259308 0.990401
345 0.894382 0.689437
346 0.334588 0.303605
347 0.208594 0.506106
348 0.008972 0.089719
349 0.228339 0.681994
350 0.357919 0.978573
351 0.260848 0.590565
352 0.572432 0.323127
353 0.775500 0.668854
354 0.864395 0.651430
355 0.335056 0.182858
356 0.142107 0.905642
357 0.211977 0.795558
358 0.494759 0.971197
359 0.508404 0.427365
360 0.997925 0.168491
361 0.026787 0.329197
362 0.167901 0.478396
363 0.182910 0.918416
364 0.457579 0.762104
365 0.981800 0.380973
366 0.092564 0.831518
367 0.539346 0.413219
368 0.396264 0.238046
369 0.827679 0.898738
370 0.287548 0.567299
371 0.893752 0.353519
372 0.851364 0.085501
373 0.222756 0.341409
374 0.729029 0.629953
375 0.729081 0.480880
376 0.320208 0.742674
377 0.671988 0.520181
378 0.009170 0.583255
379 0.726304 0.208419
380 0.893643 0.995544
381 0.967285 0.917291
382 0.293921 0.467320
383 0.390877 0.755521
384 0.979137 0.882068
385 0.467076 0.998663
386 0.635815 0.246121
387 0.801927 0.511282
388 0.849397 0.998172
389 0.330796 0.644483
390 0.454314 0.704593
391 0.018797 0.502855
392 0.366571 0.256632
393 0.448780 0.624781
394 0.083938 0.027059
395 0.140130 0.583661
396 0.627493 0.516582
397 0.709849 0.994676
398 0.905874 0.040904
399 0.238444 0.011552
400 0.259383 0.088740
401 0.414154 0.916528
402 0.219758 0.897476
403 0.236304 0.753253
404 0.232510 0.411350
405 0.872533 0.424257
406 0.543368 0.729284
407 0.877839 0.952518
408 0.366226 0.176811
409 0.730595 0.445363
410 0.909843 0.532780
411 0.624539 0.971404
412 0.317281 0.836726
413 0.493668 0.300674
414 0.875675 0.748895
415 0.509652 0.714699
416 0.025169 0.895956
417 0.758760 0.517517
418 0.832602 0.156397
419 0.362284 0.128512
420 0.163619 0.751830
421 0.730237 0.336966
422 0.550007 0.959251
423 0.389878 0.653399
424 0.673990 0.745897
425 0.317586 0.407914
426 0.440814 0.380910
427 0.219838 0.143415
428 0.659539 0.827088
429 0.422747 0.484059
430 0.800553 0.145083
431 0.354978 0.677832
432 0.679273 0.125592
433 0.906684 0.236490
434 0.992117 0.844833
435 0.316717 0.997157
436 0.372957 0.215453
437 0.885897 0.197558
438 0.940657 0.896217
439 0.093571 0.326812
440 0.216785 0.630477
441 0.370019 0.456604
442 0.824570 0.468884
443 0.793836 0.753430
444 0.597503 0.767800
445 0.442613 0.068547
446 0.201629 0.317214
447 0.318443 0.153993
448 0.493864 0.855835
449 0.880876 0.831108
450 0.574760 0.828070
451 0.006628 0.285359
452 0.284151 0.399557
453 0.730175 0.812257
454 0.847805 0.278183
455 0.771136 0.411226
456 0.012899 0.843096
457 0.737674 0.402262
458 0.728815 0.527012
459 0.585382 0.536342
460 0.893085 0.912875
461 0.939000 0.324009
462 0.438238 0.538307
463 0.918143 0.073137
464 0.053331 0.504628
465 0.700828 0.583110
466 0.144229 0.664412
467 0.573633 0.864805
468 0.592151 0.278354
469 0.724886 0.893270
470 0.413748 0.022586
471 0.080016 0.863363
472 0.348570 0.766743
473 0.051712 0.383064
474 0.865168 0.590665
475 0.930407 0.191017
476 0.154029 0.037074
477 0.746177 0.753196
478 0.776074 0.994475
479 0.299523 0.777395
480 0.768444 0.453498
481 0.334013 0.228260
482 0.684882 0.552509
483 0.427407 0.957656
484 0.543105 0.380612
485 0.002119 0.924231
486 0.852932 0.786887
487 0.663238 0.911916
488 0.620456 0.311984
489 0.782800 0.783435
490 0.850637 0.026588
491 0.352273 0.036406
492 0.805627 0.581468
493 0.611971 0.451455
494 0.081894 0.782968
495 0.056163 0.816414
496 0.926262 0.680232
497 0.521005 0.567009
498 0.129783 0.442938
499 0.899440 0.116697
1500
0 186
0 245
0 313
0 340
0 464
1 2
1 15
1 263
1 330
1 428
1 444
1 450
2 86
2 330
2 424
2 428
2 453
3 80
3 175
3 200
3 228
3 414
4 12
4 172
4 313
4 340
4 347
4 395
5 183
5 198
5 232
5 330
5 444
6 27
6 193
6 215
6 249
6 278
6 379
6 386
7 46
7 224
7 293
8 229
8 267
8 364
8 383
8 390
9 83
9 94
9 182
9 210
9 358
9 422
10 128
10 331
10 342
10 380
10 407
11 75
11 171
11 185
11 220
11 338
11 372
11 430
12 159
12 172
12 347
12 351
12 370
13 53
13 298
13 333
13 398
13 463
14 101
14 199
14 202
14 279
14 418
14 430
14 437
15 183
15 212
15 406
15 444
15 450
16 46
16 152
16 209
16 211
17 122
17 154
17 214
17 230
17 339
17 427
18 47
18 153
18 154
18 230
18 254
18 400
18 427
18 447
19 37
19 122
19 167
19 230
19 254
19 476
20 79
20 112
20 311
20 365
20 461
21 88
21 143
21 151
21 275
21 387
21 474
21 492
22 64
22 117
22 200
22 237
22 317
22 414
22 443
22 486
22 489
23 106
23 197
23 324
23 412
24 69
24 208
24 252
24 256
24 274
25 104
25 137
25 173
25 276
25 355
25 368
25 408
25 419
25 436
26 226
26 268
26 343
26 352
26 484
26 488
27 169
27 215
27 249
27 297
27 323
27 386
28 76
28 92
28 196
28 234
28 236
28 459
28 497
29 239
29 269
29 271
29 361
29 439
29 473
30 43
30 103
30 265
30 301
31 59
31 161
31 401
32 76
32 213
32 272
32 377
32 396
32 465
32 482
33 52
33 98
33 140
33 280
33 286
33 323
34 100
34 139
34 438
34 449
34 460
35 62
35 77
35 141
35 233
35 357
35 420
35 494
36 81
36 187
36 190
36 445
37 122
37 207
37 295
37 394
37 476
38 125
38 191
38 244
38 343
38 457
39 49
39 192
39 319
39 341
39 397
39 469
39 478
40 73
40 90
40 97
40 107
40 181
40 337
41 138
41 177
41 225
41 255
41 351
41 389
42 105
42 127
42 258
42 287
42 316
42 455
43 103
43 129
43 265
43 301
43 336
43 466
44 100
44 175
44 381
44 384
44 434
44 438
45 87
45 118
45 250
45 255
45 307
46 152
46 224
47 154
47 176
47 283
47 292
47 306
47 355
47 447
48 54
48 167
48 247
48 254
48 399
48 400
49 397
49 478
50 176
50 259
50 292
50 306
50 346
50 392
50 436
50 481
51 110
51 147
51 221
51 391
51 464
52 98
52 156
52 169
52 264
52 280
52 286
52 297
52 323
53 68
53 82
53 248
53 298
53 302
53 398
53 463
54 247
54 284
54 491
55 211
55 366
55 416
55 456
55 471
55 495
56 73
56 97
56 215
56 249
56 323
56 432
57 147
57 239
57 271
57 290
57 309
57 498
58 62
58 155
58 257
58 349
58 403
58 420
59 305
59 350
59 401
59 483
60 160
60 242
60 382
60 425
60 441
60 452
61 99
61 124
61 204
61 413
61 426
62 357
62 403
62 420
63 64
63 139
63 223
63 260
63 315
63 443
63 453
63 486
63 489
64 139
64 200
64 443
64 449
64 486
64 489
65 233
65 324
65 357
65 363
65 402
66 71
66 76
66 174
66 234
66 262
66 396
66 459
66 493
67 87
67 217
67 307
67 429
67 441
67 462
68 248
68 298
68 302
69 208
69 238
69 269
69 361
69 439
69 451
70 113
70 162
70 188
70 294
70 318
71 125
71 174
71 244
71 377
71 396
71 493
72 74
72 290
72 309
72 373
72 404
72 446
73 90
73 97
73 181
73 328
73 337
74 123
74 290
74 347
74 362
74 404
75 171
75 338
75 490
76 234
76 236
76 396
76 459
77 233
77 281
77 366
77 494
78 89
78 197
78 229
78 376
78 383
78 412
78 472
78 479
79 112
79 222
79 294
79 365
79 371
79 461
80 175
80 228
80 321
81 140
81 187
81 190
81 335
82 130
82 145
82 302
82 329
82 463
82 499
83 94
83 210
83 358
83 385
83 401
83 483
84 86
84 96
84 198
84 201
84 241
84 424
85 110
85 361
85 473
86 260
86 424
86 477
87 242
87 255
87 307
87 370
88 111
88 132
88 151
88 285
88 387
88 417
88 458
88 492
89 197
89 324
89 357
89 403
89 412
89 479
90 97
90 140
90 335
90 337
91 144
91 231
91 237
91 317
91 345
91 353
91 354
92 170
92 196
92 299
92 393
92 497
93 99
93 194
93 204
93 227
93 264
93 368
93 413
94 184
94 210
94 401
94 483
95 235
95 263
95 467
95 487
96 201
96 241
96 353
96 374
97 140
97 215
97 323
98 156
98 173
98 276
98 280
98 286
99 194
99 204
99 227
99 413
99 426
100 139
100 175
100 200
100 438
100 449
101 158
101 164
101 202
101 279
101 454
102 136
102 150
102 273
102 282
102 283
102 306
102 446
103 206
103 245
103 265
103 395
104 173
104 194
104 368
104 392
104 408
104 436
105 222
105 287
105 316
105 371
105 405
106 133
106 195
106 412
107 171
107 181
107 320
107 328
108 121
108 314
108 386
108 468
108 488
109 180
109 208
109 240
109 256
109 332
110 147
110 221
110 271
110 473
111 144
111 285
111 374
111 465
111 492
112 166
112 311
112 371
112 433
112 454
112 461
113 188
113 275
113 318
113 410
114 177
114 205
114 376
114 389
114 431
114 472
115 142
115 303
115 326
115 429
115 462
116 243
116 251
116 456
116 495
117 231
117 241
117 260
117 317
117 353
117 443
117 477
117 489
118 250
118 255
118 389
118 423
118 431
119 149
119 289
119 300
119 321
120 127
120 151
120 188
120 222
120 275
120 405
120 442
121 191
121 314
121 343
121 386
121 488
122 230
122 295
122 339
122 476
123 159
123 242
123 347
123 382
123 404
124 160
124 204
124 217
124 261
124 426
125 174
125 226
125 343
125 493
126 146
126 189
126 322
126 425
126 452
127 132
127 151
127 387
127 442
127 455
127 480
128 331
128 342
128 381
129 141
129 243
129 251
129 301
129 336
129 494
130 145
130 179
130 302
130 329
130 360
130 475
130 499
131 319
131 341
131 369
131 388
131 407
131 460
132 151
132 375
132 387
132 409
132 417
132 442
132 458
132 480
133 195
133 216
133 324
133 344
133 402
134 246
134 284
134 327
134 445
134 470
134 491
135 185
135 193
135 199
135 249
135 320
135 328
135 432
136 146
136 176
136 259
136 282
136 283
136 306
136 373
136 446
137 173
137 246
137 276
137 327
137 408
137 419
138 225
138 349
138 351
138 370
138 440
139 200
139 315
139 369
139 449
139 486
140 335
141 336
141 420
141 494
142 234
142 299
142 326
142 462
142 497
143 275
143 325
143 334
143 410
143 474
144 353
144 354
144 492
145 433
145 437
145 475
145 499
146 259
146 282
146 322
146 346
146 373
146 452
147 186
147 271
147 498
148 163
148 192
148 263
148 428
148 469
148 487
149 228
149 289
149 325
149 334
149 345
149 354
149 496
150 266
150 273
150 274
150 309
150 446
151 275
151 387
151 442
152 211
152 356
152 416
153 247
153 327
153 400
153 419
153 447
154 283
154 427
155 178
155 336
155 349
155 440
155 466
156 173
156 194
156 264
156 286
157 219
157 348
158 164
158 258
158 287
158 316
158 421
159 242
159 347
159 351
159 370
159 382
160 189
160 217
160 425
160 441
161 184
161 229
161 253
161 291
161 401
162 318
163 223
163 312
163 428
163 453
163 469
164 278
164 279
164 379
165 187
165 445
165 470
166 202
166 433
166 437
166 454
167 399
167 476
168 170
168 183
168 218
168 406
168 415
169 277
169 280
169 297
169 323
169 468
170 267
170 390
170 393
170 415
171 185
171 320
172 178
172 206
172 395
172 440
173 276
173 286
174 226
174 262
174 326
174 367
174 493
175 434
176 259
176 292
176 306
176 346
176 481
177 205
177 257
177 376
177 389
177 431
178 206
178 349
178 395
178 440
178 466
179 288
179 310
179 311
179 433
179 437
179 475
180 207
180 240
180 295
180 339
180 348
181 320
181 328
181 337
182 203
182 210
182 235
182 448
182 467
183 218
183 406
183 415
183 444
184 210
184 253
184 291
184 401
184 448
185 199
185 220
185 320
185 430
186 290
186 340
186 362
186 498
187 190
187 445
187 470
188 222
188 275
188 294
188 405
189 322
189 425
189 452
190 335
191 258
191 421
191 457
192 308
192 397
192 469
192 487
193 199
193 249
193 379
193 432
194 264
194 368
194 413
195 216
195 344
195 435
196 218
196 236
196 497
197 324
197 412
197 479
198 201
198 232
198 272
198 424
199 279
199 379
199 430
200 414
200 449
200 486
201 213
201 241
201 272
201 374
202 418
202 437
202 454
203 212
203 235
203 448
203 450
203 467
204 227
204 322
204 426
205 257
205 376
205 403
205 479
206 395
206 466
207 219
207 295
207 339
207 348
207 394
208 238
208 256
208 332
209 485
210 448
211 416
211 471
211 485
212 253
212 291
212 448
212 450
213 272
213 285
213 374
213 465
213 482
214 252
214 256
214 339
215 249
215 323
215 432
216 293
216 344
216 363
216 402
217 261
217 303
217 429
217 441
218 232
218 236
218 406
219 394
220 338
220 372
220 418
220 430
221 391
222 294
222 371
222 405
223 260
223 312
223 315
223 453
223 489
224 356
224 363
225 255
225 351
225 370
225 389
226 343
226 367
226 484
226 493
227 322
227 346
227 368
227 392
228 237
228 321
228 345
228 414
228 496
229 253
229 364
229 383
229 472
230 254
230 400
230 427
231 241
231 317
231 353
231 443
232 236
232 272
233 281
233 356
233 357
234 262
234 326
234 459
234 497
235 263
235 422
235 467
237 317
237 345
237 354
237 414
237 496
238 332
238 451
239 266
239 271
239 309
239 439
239 473
240 332
240 348
241 353
241 374
241 477
242 370
242 382
243 251
243 494
243 495
244 375
244 377
244 409
245 270
245 313
245 378
245 395
246 276
246 327
246 419
246 445
247 327
247 400
247 491
248 302
248 329
249 432
250 299
250 307
250 393
250 462
251 301
252 256
252 273
252 274
252 283
253 291
253 364
253 448
254 399
254 400
254 427
255 370
255 389
256 274
257 349
257 403
258 316
258 421
258 455
258 457
259 282
259 306
259 322
259 346
260 443
260 453
260 477
260 489
261 303
261 426
261 429
262 326
262 359
262 367
262 493
263 428
263 467
263 487
264 277
264 286
264 413
265 301
265 378
266 269
266 274
266 309
266 439
266 446
267 390
267 393
267 423
267 431
268 277
268 352
268 413
268 484
269 361
269 439
269 451
270 378
270 391
270 464
271 473
271 498
273 274
273 283
275 410
275 442
276 445
277 352
277 413
277 468
278 314
278 379
279 379
280 286
280 297
280 323
281 356
281 366
281 471
282 306
282 373
282 446
283 306
284 470
284 491
285 374
285 417
285 458
285 465
285 482
287 316
287 371
287 454
288 310
288 311
289 296
289 300
289 334
290 362
290 404
290 498
291 448
292 306
292 355
292 447
292 481
293 344
294 365
294 405
295 339
295 394
295 476
296 300
296 318
296 334
296 410
297 323
297 386
297 468
298 398
298 463
299 393
299 462
299 497
302 329
302 463
303 326
303 359
303 429
304 411
304 422
305 350
305 483
307 429
307 462
308 397
308 411
309 373
309 446
310 311
310 360
311 433
311 461
312 315
312 341
312 453
312 469
313 340
313 395
314 386
315 341
315 369
317 414
317 443
317 486
318 410
319 341
319 369
319 388
319 478
320 328
320 432
321 496
322 346
324 402
325 334
325 354
325 474
326 359
327 419
327 491
328 432
329 360
329 475
330 424
330 428
330 444
333 398
333 490
334 410
334 474
335 337
336 420
336 466
338 372
338 490
340 347
340 362
340 395
341 369
341 469
342 380
342 381
342 407
342 438
342 460
343 352
343 488
344 435
345 354
345 414
345 496
346 392
347 362
349 440
350 435
351 370
351 440
352 468
352 484
352 488
353 374
354 474
354 496
355 408
355 419
355 436
355 447
355 481
356 363
357 403
357 420
358 385
358 422
358 483
359 367
359 484
361 439
361 451
361 473
362 498
363 402
364 383
364 390
366 471
366 494
366 495
367 484
368 392
368 408
368 436
368 481
369 460
371 461
372 463
372 490
372 499
373 446
374 465
375 409
375 417
375 458
375 480
376 472
376 479
377 396
377 458
377 482
380 388
380 407
381 384
381 438
382 425
382 452
383 472
384 434
384 438
385 483
386 468
386 488
387 417
387 442
387 480
388 407
389 423
389 431
390 415
391 464
392 436
392 481
393 423
396 459
396 482
396 493
397 478
398 463
398 490
400 427
401 483
403 479
404 452
405 442
406 415
406 444
407 460
408 419
408 436
408 447
408 481
409 455
409 457
409 480
412 479
414 486
416 456
416 471
416 485
417 458
417 480
418 430
418 437
419 447
421 457
423 431
425 452
429 441
429 462
433 437
433 475
436 481
437 475
438 460
442 480
443 477
443 486
443 489
444 450
445 470
449 486
450 467
453 477
453 489
455 457
455 480
456 495
457 480
458 465
458 482
463 499
465 482
468 488
469 487
470 491
471 495
472 479
474 492
477 489
494 495
