100
0 0.195155 0.442428
1 0.535535 0.849427
2 0.053408 0.181043
3 0.741885 0.355042
4 0.005203 0.563680
5 0.063421 0.982335
6 0.442183 0.040842
7 0.882410 0.051986
8 0.444164 0.504579
9 0.724814 0.877465
10 0.905475 0.971760
11 0.517207 0.530940
12 0.877481 0.400488
13 0.095198 0.309782
14 0.472037 0.253845
15 0.205900 0.968310
16 0.059561 0.476278
17 0.163869 0.332457
18 0.245202 0.257409
19 0.522386 0.140859
20 0.835521 0.624299
21 0.360895 0.296029
22 0.019972 0.747866
23 0.517041 0.751484
24 0.321155 0.766535
25 0.679604 0.673258
26 0.028965 0.891152
27 0.643370 0.193959
28 0.220372 0.735605
29 0.102123 0.382292
30 0.593216 0.767299
31 0.178819 0.575553
32 0.973959 0.739844
33 0.532003 0.070705
34 0.300543 0.180833
35 0.399329 0.930048
36 0.368930 0.472391
37 0.535101 0.662502
38 0.709116 0.953239
39 0.252472 0.500174
40 0.673504 0.590471
41 0.015117 0.673195
42 0.246207 0.658118
43 0.802040 0.907641
44 0.471724 0.387081
45 0.706902 0.441620
46 0.996915 0.065174
47 0.966983 0.297204
48 0.572284 0.395674
49 0.988273 0.661723
50 0.262024 0.395401
51 0.589530 0.912448
52 0.174671 0.244594
53 0.752954 0.037627
54 0.857244 0.544010
55 0.267493 0.089102
56 0.880472 0.897748
57 0.879590 0.127195
58 0.742709 0.520206
59 0.594152 0.106114
60 0.990354 0.148537
61 0.936570 0.462827
62 0.397460 0.099828
63 0.077442 0.040538
64 0.244125 0.009880
65 0.611719 0.262189
66 0.823878 0.805759
67 0.986577 0.813487
68 0.486040 0.992181
69 0.014117 0.276164
70 0.044483 0.106642
71 0.602561 0.573194
72 0.655125 0.048271
73 0.692445 0.790835
74 0.313888 0.992396
75 0.932988 0.233090
76 0.648563 0.375439
77 0.805239 0.262326
78 0.391270 0.404777
79 0.101250 0.850127
80 0.796934 0.144791
81 0.796860 0.456994
82 0.134037 0.715779
83 0.713967 0.127863
84 0.903829 0.327453
85 0.593723 0.987284
86 0.442723 0.840588
87 0.728347 0.277904
88 0.909009 0.682941
89 0.515564 0.331851
90 0.462740 0.655754
91 0.296887 0.332656
92 0.329621 0.038860
93 0.352720 0.624060
94 0.161789 0.042013
95 0.424217 0.329491
96 0.303193 0.914264
97 0.143690 0.923212
98 0.894235 0.784484
99 0.177310 0.846035
400
0 13
0 16
0 17
0 29
0 31
0 36
0 39
0 50
0 91
1 23
1 30
1 35
1 37
1 51
1 68
1 73
1 85
1 86
2 13
2 17
2 52
2 63
2 69
2 70
2 94
3 12
3 45
3 48
3 58
3 65
3 76
3 77
3 81
3 84
3 87
4 16
4 22
4 31
4 41
5 15
5 26
5 79
5 97
5 99
6 19
6 33
6 55
6 59
6 62
6 92
7 46
7 53
7 57
7 60
7 80
7 83
8 11
8 36
8 37
8 44
8 48
8 71
8 78
8 89
8 90
8 93
8 95
9 30
9 38
9 43
9 51
9 56
9 66
9 73
9 85
10 43
10 56
10 66
10 67
10 98
11 36
11 37
11 40
11 44
11 48
11 71
11 78
11 90
12 45
12 47
12 54
12 58
12 61
12 75
12 77
12 81
12 84
13 16
13 17
13 18
13 29
13 50
13 52
13 69
14 19
14 21
14 27
14 34
14 44
14 48
14 62
14 65
14 78
14 89
14 95
15 74
15 79
15 96
15 97
15 99
16 17
16 29
16 31
17 18
17 29
17 50
17 52
17 69
17 91
18 21
18 34
18 50
18 52
18 55
18 91
19 27
19 33
19 59
19 62
19 65
19 72
20 25
20 32
20 40
20 49
20 54
20 58
20 66
20 81
20 88
20 98
21 34
21 36
21 44
21 50
21 78
21 89
21 91
21 95
22 26
22 41
22 79
22 82
22 99
23 25
23 30
23 37
23 51
23 73
23 86
23 90
24 28
24 35
24 42
24 86
24 90
24 93
24 96
24 99
25 30
25 37
25 40
25 58
25 71
25 73
26 79
26 97
26 99
27 33
27 59
27 65
27 72
27 76
27 77
27 80
27 83
27 87
27 89
28 31
28 42
28 79
28 82
28 93
28 99
29 50
29 52
29 69
30 37
30 51
30 73
30 86
30 90
31 39
31 42
31 82
31 93
32 49
32 56
32 66
32 67
32 88
32 98
33 59
33 62
33 72
34 52
34 55
34 62
34 64
34 91
34 92
35 68
35 74
35 86
35 96
36 39
36 44
36 50
36 78
36 91
36 93
36 95
37 40
37 71
37 90
37 93
38 43
38 51
38 56
38 66
38 73
38 85
39 42
39 50
39 78
39 91
39 93
40 45
40 58
40 71
40 81
41 82
42 82
42 93
43 56
43 66
43 73
43 98
44 48
44 65
44 76
44 78
44 89
44 91
44 95
45 48
45 54
45 58
45 71
45 76
45 81
45 87
46 57
46 60
46 75
47 60
47 61
47 75
47 77
47 84
48 65
48 71
48 76
48 78
48 89
48 95
49 54
49 67
49 88
49 98
50 52
50 78
50 91
50 95
51 68
51 73
51 85
51 86
52 55
52 69
52 91
53 57
53 59
53 72
53 80
53 83
54 58
54 61
54 81
54 88
55 62
55 64
55 92
55 94
56 66
56 67
56 98
57 60
57 75
57 77
57 80
57 83
58 71
58 76
58 81
59 65
59 72
59 83
60 75
61 81
61 84
62 64
62 92
63 64
63 70
63 94
64 92
64 94
65 76
65 83
65 87
65 89
66 67
66 73
66 88
66 98
67 88
67 98
68 74
68 85
68 86
69 70
70 94
71 90
72 80
72 83
74 96
74 97
75 77
75 80
75 84
76 81
76 87
76 89
77 80
77 83
77 84
77 87
78 89
78 91
78 95
79 82
79 97
79 99
80 83
80 87
81 84
82 99
83 87
84 87
86 90
86 96
88 98
89 95
90 93
91 95
92 94
96 97
96 99
97 99
