1000
0 0.190503 0.286897
1 0.173947 0.502425
2 0.724032 0.836202
3 0.699104 0.838987
4 0.501601 0.586613
5 0.211132 0.582237
6 0.661396 0.597622
7 0.111431 0.396092
8 0.440341 0.348703
9 0.678038 0.342771
10 0.426764 0.421194
11 0.451804 0.697083
12 0.040569 0.788448
13 0.922520 0.249283
14 0.679661 0.221616
15 0.620406 0.298965
16 0.141019 0.641746
17 0.151814 0.001788
18 0.333543 0.043966
19 0.837396 0.261696
20 0.714833 0.698618
21 0.416614 0.455995
22 0.330349 0.694557
23 0.619430 0.156676
24 0.274125 0.668548
25 0.193473 0.390567
26 0.019655 0.643258
27 0.621594 0.247984
28 0.338107 0.841354
29 0.352622 0.368568
30 0.240872 0.497885
31 0.392886 0.421642
32 0.720532 0.413285
33 0.185664 0.437913
34 0.051306 0.978222
35 0.036724 0.346711
36 0.486791 0.157032
37 0.094715 0.247493
38 0.104760 0.009766
39 0.456287 0.479055
40 0.050558 0.380853
41 0.726755 0.069853
42 0.152252 0.479733
43 0.435722 0.702901
44 0.153732 0.367086
45 0.026328 0.003475
46 0.236815 0.826808
47 0.699104 0.668804
48 0.547362 0.646571
49 0.465570 0.055696
50 0.358150 0.553731
51 0.801625 0.198017
52 0.261426 0.732352
53 0.373004 0.776978
54 0.524249 0.737184
55 0.587057 0.509436
56 0.286835 0.515975
57 0.740277 0.456092
58 0.685176 0.168660
59 0.467671 0.994127
60 0.603345 0.636039
61 0.753986 0.222553
62 0.959380 0.224475
63 0.535588 0.664830
64 0.368027 0.830921
65 0.429230 0.583492
66 0.173373 0.624341
67 0.288348 0.429611
68 0.083081 0.482026
69 0.655662 0.208109
70 0.419706 0.928142
71 0.696019 0.705200
72 0.928569 0.298439
73 0.822908 0.314060
74 0.678313 0.555204
75 0.599332 0.208830
76 0.603174 0.029641
77 0.220941 0.412569
78 0.244463 0.465702
79 0.272514 0.829567
80 0.484947 0.724596
81 0.113304 0.473434
82 0.452990 0.115041
83 0.122521 0.818640
84 0.321936 0.212219
85 0.445257 0.798002
86 0.699803 0.338043
87 0.551593 0.435110
88 0.056721 0.414461
89 0.739877 0.097267
90 0.759789 0.182740
91 0.218993 0.700570
92 0.054504 0.798801
93 0.765781 0.234876
94 0.942188 0.487767
95 0.722845 0.270671
96 0.537395 0.377377
97 0.774744 0.524235
98 0.444746 0.571534
99 0.399620 0.682971
100 0.292144 0.998960
101 0.172494 0.644885
102 0.379657 0.102889
103 0.372618 0.958620
104 0.408991 0.395554
105 0.603017 0.574099
106 0.530484 0.889147
107 0.985032 0.502141
108 0.745905 0.896932
109 0.193059 0.935375
110 0.449897 0.193944
111 0.758732 0.923515
112 0.257277 0.483760
113 0.636186 0.572978
114 0.760501 0.131346
115 0.567492 0.164659
116 0.143238 0.760690
117 0.743191 0.167742
118 0.635407 0.116292
119 0.377269 0.747128
120 0.496191 0.985887
121 0.431351 0.912907
122 0.047036 0.322832
123 0.479331 0.970356
124 0.462709 0.679495
125 0.453347 0.068796
126 0.643301 0.704726
127 0.133114 0.149474
128 0.177062 0.751735
129 0.588668 0.397980
130 0.364736 0.159584
131 0.341411 0.184491
132 0.579520 0.745639
133 0.732245 0.815680
134 0.882665 0.254563
135 0.054902 0.278355
136 0.441207 0.587626
137 0.897941 0.518835
138 0.739373 0.227190
139 0.502508 0.511731
140 0.159150 0.131175
141 0.834712 0.245417
142 0.314110 0.273722
143 0.776530 0.476718
144 0.848715 0.451101
145 0.301467 0.126503
146 0.560018 0.151538
147 0.511646 0.736007
148 0.115441 0.643993
149 0.603780 0.723937
150 0.232630 0.532057
151 0.560436 0.584948
152 0.367609 0.224879
153 0.143563 0.542314
154 0.341182 0.273745
155 0.303427 0.980697
156 0.360679 0.066811
157 0.082438 0.766534
158 0.799946 0.256439
159 0.349701 0.310585
160 0.550524 0.726185
161 0.615094 0.623506
162 0.391560 0.330387
163 0.164073 0.220566
164 0.293429 0.776556
165 0.538012 0.922130
166 0.674601 0.770309
167 0.405009 0.909263
168 0.378348 0.208909
169 0.802234 0.587523
170 0.627345 0.348138
171 0.180540 0.034977
172 0.483682 0.886116
173 0.378513 0.373208
174 0.831770 0.187069
175 0.865455 0.325824
176 0.515090 0.267479
177 0.350203 0.669978
178 0.777594 0.390680
179 0.666405 0.251491
180 0.116384 0.260643
181 0.783341 0.100574
182 0.462329 0.302762
183 0.297835 0.721715
184 0.777873 0.076094
185 0.529010 0.002952
186 0.668399 0.085148
187 0.109604 0.326188
188 0.549507 0.760042
189 0.509033 0.491979
190 0.490632 0.466447
191 0.168147 0.723984
192 0.553045 0.536797
193 0.420104 0.309250
194 0.232029 0.518264
195 0.580024 0.857003
196 0.968928 0.201570
197 0.595665 0.356825
198 0.954087 0.198748
199 0.599403 0.080977
200 0.524709 0.338642
201 0.416249 0.959542
202 0.133142 0.180432
203 0.594220 0.854014
204 0.371026 0.143883
205 0.093840 0.826037
206 0.756459 0.956224
207 0.382524 0.932764
208 0.373283 0.886744
209 0.728582 0.146359
210 0.906259 0.468447
211 0.453885 0.661820
212 0.291946 0.957369
213 0.204487 0.216160
214 0.121171 0.158977
215 0.430262 0.159984
216 0.744966 0.132725
217 0.348628 0.453770
218 0.310660 0.816561
219 0.578566 0.218443
220 0.082321 0.182917
221 0.155822 0.178176
222 0.850296 0.218336
223 0.280185 0.216020
224 0.241934 0.904276
225 0.595015 0.177711
226 0.081116 0.209409
227 0.219808 0.885699
228 0.559874 0.844786
229 0.525524 0.186594
230 0.500820 0.664644
231 0.157377 0.529336
232 0.572992 0.047064
233 0.008483 0.469039
234 0.274230 0.432169
235 0.107549 0.551183
236 0.385713 0.131559
237 0.434455 0.658525
238 0.662353 0.757136
239 0.138186 0.334401
240 0.714168 0.436262
241 0.437492 0.323999
242 0.324258 0.746681
243 0.138831 0.906222
244 0.079781 0.990826
245 0.228497 0.559093
246 0.661982 0.813615
247 0.522070 0.709248
248 0.449967 0.952626
249 0.857828 0.487290
250 0.777912 0.943851
251 0.523693 0.366200
252 0.175237 0.564825
253 0.266519 0.011655
254 0.098808 0.066562
255 0.343205 0.888835
256 0.950840 0.503304
257 0.106043 0.276773
258 0.264635 0.115720
259 0.389961 0.653094
260 0.476207 0.397464
261 0.263838 0.204386
262 0.218296 0.903475
263 0.553511 0.616280
264 0.642770 0.280095
265 0.304693 0.866664
266 0.415931 0.477021
267 0.431031 0.785533
268 0.276140 0.890804
269 0.998461 0.456015
270 0.717917 0.374566
271 0.043344 0.648547
272 0.147929 0.155764
273 0.160239 0.037375
274 0.933666 0.222285
275 0.042741 0.716576
276 0.896922 0.347952
277 0.723074 0.852430
278 0.366195 0.356722
279 0.410108 0.051473
280 0.760147 0.158377
281 0.565595 0.529458
282 0.162153 0.452756
283 0.897609 0.211230
284 0.204235 0.766492
285 0.483981 0.507476
286 0.372606 0.329607
287 0.470440 0.325303
288 0.431268 0.739436
289 0.422440 0.175828
290 0.603687 0.058033
291 0.744967 0.623871
292 0.067591 0.682279
293 0.640123 0.655974
294 0.381126 0.442147
295 0.604023 0.266928
296 0.100265 0.213422
297 0.296447 0.104396
298 0.374101 0.920818
299 0.627673 0.698014
300 0.387313 0.835433
301 0.566289 0.507261
302 0.025840 0.975481
303 0.669413 0.708934
304 0.315631 0.101602
305 0.260061 0.453295
306 0.176854 0.102007
307 0.417980 0.661367
308 0.006078 0.823090
309 0.134167 0.687592
310 0.275802 0.576029
311 0.528095 0.043785
312 0.589863 0.841530
313 0.813055 0.165462
314 0.605931 0.409344
315 0.196667 0.781445
316 0.599828 0.122956
317 0.064992 0.468692
318 0.336678 0.084308
319 0.922646 0.534955
320 0.711101 0.210082
321 0.513381 0.047220
322 0.268605 0.060710
323 0.744298 0.421237
324 0.275903 0.050215
325 0.662884 0.139431
326 0.871382 0.527193
327 0.248367 0.101766
328 0.629413 0.444926
329 0.287981 0.588738
330 0.351322 0.227696
331 0.699604 0.571772
332 0.521863 0.977936
333 0.560443 0.245041
334 0.841426 0.427103
335 0.995979 0.260635
336 0.471071 0.704062
337 0.439790 0.078420
338 0.781660 0.187601
339 0.288080 0.707173
340 0.548681 0.018088
341 0.512177 0.388332
342 0.115701 0.836946
343 0.462141 0.099485
344 0.025380 0.398648
345 0.218226 0.539647
346 0.923873 0.457885
347 0.195765 0.178689
348 0.069871 0.606264
349 0.511762 0.911782
350 0.064366 0.195115
351 0.708388 0.310814
352 0.604551 0.243287
353 0.349719 0.966950
354 0.103168 0.304362
355 0.482794 0.328531
356 0.475053 0.306098
357 0.663872 0.479119
358 0.558662 0.450398
359 0.856318 0.548155
360 0.750807 0.688149
361 0.295995 0.347928
362 0.106521 0.233285
363 0.136448 0.801550
364 0.201653 0.802272
365 0.301481 0.830018
366 0.457444 0.128073
367 0.659501 0.671264
368 0.262450 0.690480
369 0.443671 0.182279
370 0.063564 0.038354
371 0.573127 0.345286
372 0.291925 0.207382
373 0.790632 0.273671
374 0.034554 0.736826
375 0.698753 0.594272
376 0.648197 0.030128
377 0.675047 0.661604
378 0.365490 0.490495
379 0.294555 0.441846
380 0.078950 0.331653
381 0.774728 0.334694
382 0.693615 0.458331
383 0.928298 0.487591
384 0.182381 0.215471
385 0.421193 0.505995
386 0.963762 0.507831
387 0.705243 0.383576
388 0.379486 0.973236
389 0.273649 0.489173
390 0.280148 0.614176
391 0.597997 0.609429
392 0.294706 0.663812
393 0.357729 0.739960
394 0.544246 0.190815
395 0.320274 0.164962
396 0.252726 0.623835
397 0.187418 0.533138
398 0.135472 0.068047
399 0.069570 0.863746
400 0.757340 0.082082
401 0.470768 0.468120
402 0.773639 0.432111
403 0.269514 0.032552
404 0.000781 0.915984
405 0.493257 0.003558
406 0.070291 0.841027
407 0.049158 0.461361
408 0.686813 0.540732
409 0.079304 0.355070
410 0.439629 0.150292
411 0.732695 0.254799
412 0.602550 0.166206
413 0.596998 0.334734
414 0.699582 0.730270
415 0.424479 0.688274
416 0.117169 0.027391
417 0.833077 0.412012
418 0.678771 0.306641
419 0.368686 0.023723
420 0.796683 0.451138
421 0.006378 0.704866
422 0.024146 0.886277
423 0.136358 0.927630
424 0.438935 0.364087
425 0.093545 0.562640
426 0.618683 0.075656
427 0.844548 0.368671
428 0.416833 0.095006
429 0.528588 0.442321
430 0.570840 0.683925
431 0.150184 0.789879
432 0.692966 0.689386
433 0.099530 0.448408
434 0.344858 0.022464
435 0.184705 0.858151
436 0.535025 0.419691
437 0.534614 0.293671
438 0.279010 0.527236
439 0.481890 0.449093
440 0.980202 0.265503
441 0.140123 0.974643
442 0.229663 0.852913
443 0.861760 0.259761
444 0.038494 0.394479
445 0.105114 0.343853
446 0.297018 0.039541
447 0.300747 0.703925
448 0.635383 0.593175
449 0.353939 0.595488
450 0.010794 0.867931
451 0.128711 0.777568
452 0.586519 0.195773
453 0.123947 0.305734
454 0.165704 0.349570
455 0.704060 0.822894
456 0.908734 0.294484
457 0.731336 0.537513
458 0.563935 0.740956
459 0.268064 0.765985
460 0.291362 0.071941
461 0.327153 0.656756
462 0.336371 0.903221
463 0.385211 0.504786
464 0.335085 0.352433
465 0.276971 0.729425
466 0.248730 0.211790
467 0.238901 0.546099
468 0.672694 0.114335
469 0.145071 0.411889
470 0.621264 0.731476
471 0.203271 0.014072
472 0.258661 0.222456
473 0.105161 0.903596
474 0.079057 0.275801
475 0.580957 0.814862
476 0.740320 0.554935
477 0.046022 0.927110
478 0.734988 0.489235
479 0.027830 0.321317
480 0.373162 0.844913
481 0.677070 0.426599
482 0.742283 0.337398
483 0.464193 0.165474
484 0.371798 0.194042
485 0.754564 0.347736
486 0.251824 0.703247
487 0.466210 0.945024
488 0.453966 0.716212
489 0.160691 0.196594
490 0.261047 0.180870
491 0.563020 0.015826
492 0.540539 0.573153
493 0.739679 0.681061
494 0.370660 0.281241
495 0.558829 0.316614
496 0.332733 0.012117
497 0.652675 0.785622
498 0.615228 0.386008
499 0.828607 0.576320
500 0.491444 0.564764
501 0.488384 0.594199
502 0.936738 0.451410
503 0.577517 0.605011
504 0.527877 0.318785
505 0.193434 0.198027
506 0.211989 0.257725
507 0.689174 0.316753
508 0.356579 0.650739
509 0.162173 0.064494
510 0.274267 0.133123
511 0.219610 0.130840
512 0.103344 0.673624
513 0.666716 0.275224
514 0.258009 0.346756
515 0.633886 0.186736
516 0.525048 0.947889
517 0.019867 0.800068
518 0.290393 0.261079
519 0.477159 0.644544
520 0.910342 0.315735
521 0.593264 0.093118
522 0.449022 0.917554
523 0.192214 0.111126
524 0.502067 0.340712
525 0.326745 0.177284
526 0.653637 0.130082
527 0.158791 0.890388
528 0.294116 0.857884
529 0.067029 0.587500
530 0.537080 0.856888
531 0.260063 0.804194
532 0.092294 0.913620
533 0.262016 0.547132
534 0.445744 0.527748
535 0.193276 0.828395
536 0.321200 0.879641
537 0.295075 0.327299
538 0.207283 0.446103
539 0.309874 0.176865
540 0.618832 0.359190
541 0.750757 0.873023
542 0.882748 0.496516
543 0.183812 0.954056
544 0.905858 0.551545
545 0.093985 0.702171
546 0.848759 0.295943
547 0.093661 0.737092
548 0.649639 0.425644
549 0.123137 0.099584
550 0.737849 0.854791
551 0.462895 0.396451
552 0.027608 0.017669
553 0.231095 0.243773
554 0.159115 0.687599
555 0.509188 0.546900
556 0.362560 0.128799
557 0.071829 0.439788
558 0.588001 0.256112
559 0.865142 0.344804
560 0.279968 0.349823
561 0.615987 0.227416
562 0.035825 0.200159
563 0.585797 0.716223
564 0.130749 0.747451
565 0.504347 0.208214
566 0.433299 0.138631
567 0.087599 0.082184
568 0.463908 0.267344
569 0.802573 0.956865
570 0.727607 0.594765
571 0.187759 0.655161
572 0.157384 0.833384
573 0.075526 0.884319
574 0.722178 0.392177
575 0.401200 0.955186
576 0.209904 0.384517
577 0.713394 0.670473
578 0.045774 0.032330
579 0.518269 0.288889
580 0.532203 0.233860
581 0.753028 0.409460
582 0.412083 0.348397
583 0.443355 0.972872
584 0.854134 0.527063
585 0.491177 0.053983
586 0.955299 0.312094
587 0.661778 0.528340
588 0.744103 0.526781
589 0.627980 0.745414
590 0.250654 0.031568
591 0.943272 0.291755
592 0.177958 0.343671
593 0.598816 0.008646
594 0.724967 0.127378
595 0.145527 0.581350
596 0.770653 0.114385
597 0.655799 0.636499
598 0.448852 0.293751
599 0.573748 0.276056
600 0.244790 0.185358
601 0.379292 0.044792
602 0.532662 0.531618
603 0.255206 0.257723
604 0.312774 0.333309
605 0.473112 0.370251
606 0.731745 0.311813
607 0.546215 0.472081
608 0.607935 0.792734
609 0.145087 0.228713
610 0.665281 0.333936
611 0.304181 0.078983
612 0.973663 0.216980
613 0.625926 0.024160
614 0.229044 0.287595
615 0.720806 0.180456
616 0.502091 0.153126
617 0.439062 0.763846
618 0.253099 0.413886
619 0.086797 0.096449
620 0.245988 0.778196
621 0.907440 0.259131
622 0.800293 0.415849
623 0.029596 0.457623
624 0.822028 0.343364
625 0.399684 0.125521
626 0.726199 0.104444
627 0.120968 0.919130
628 0.875291 0.281164
629 0.666245 0.683455
630 0.523483 0.672540
631 0.076935 0.068486
632 0.717507 0.557119
633 0.105608 0.507858
634 0.434148 0.721380
635 0.804429 0.438928
636 0.540915 0.709040
637 0.279594 0.983272
638 0.767077 0.607173
639 0.642930 0.773062
640 0.390986 0.724022
641 0.765433 0.836380
642 0.466384 0.901010
643 0.689368 0.470766
644 0.701034 0.235424
645 0.141525 0.606972
646 0.313041 0.036700
647 0.507476 0.474666
648 0.081873 0.395363
649 0.353519 0.190063
650 0.453555 0.555544
651 0.683600 0.441193
652 0.039569 0.823993
653 0.776307 0.138795
654 0.554293 0.330543
655 0.440260 0.430556
656 0.834088 0.334641
657 0.719647 0.880416
658 0.183189 0.809782
659 0.067906 0.949740
660 0.957380 0.274993
661 0.122121 0.053902
662 0.082301 0.931189
663 0.825201 0.290631
664 0.488169 0.915431
665 0.136543 0.732077
666 0.492734 0.681205
667 0.340356 0.420999
668 0.724912 0.867080
669 0.399815 0.074045
670 0.407596 0.195257
671 0.165851 0.436514
672 0.457547 0.425251
673 0.963899 0.450657
674 0.557901 0.568357
675 0.541103 0.506175
676 0.856121 0.462773
677 0.275244 0.091725
678 0.069433 0.620744
679 0.668450 0.795531
680 0.277247 0.862340
681 0.244770 0.391132
682 0.561885 0.192113
683 0.226838 0.025015
684 0.908700 0.525640
685 0.976383 0.448322
686 0.764696 0.488457
687 0.518364 0.927145
688 0.171946 0.964971
689 0.475522 0.040894
690 0.313988 0.758227
691 0.458466 0.530367
692 0.232158 0.316294
693 0.156083 0.807637
694 0.015488 0.944032
695 0.036148 0.307565
696 0.788345 0.559901
697 0.226625 0.575583
698 0.582329 0.559347
699 0.583421 0.654271
700 0.350675 0.527448
701 0.217924 0.152793
702 0.274737 0.936259
703 0.697063 0.265283
704 0.498352 0.739456
705 0.796854 0.307058
706 0.410516 0.591510
707 0.380824 0.610341
708 0.128080 0.451712
709 0.020431 0.342013
710 0.069213 0.968605
711 0.260230 0.313882
712 0.239984 0.055592
713 0.020124 0.669224
714 0.161995 0.411952
715 0.351822 0.162490
716 0.039109 0.284434
717 0.406426 0.158099
718 0.799696 0.935259
719 0.325775 0.257164
720 0.244473 0.232725
721 0.533236 0.998465
722 0.102716 0.587724
723 0.009133 0.733684
724 0.189681 0.079123
725 0.048360 0.203417
726 0.697695 0.157471
727 0.943914 0.340141
728 0.333650 0.114586
729 0.426685 0.945405
730 0.290137 0.800207
731 0.797418 0.400772
732 0.034956 0.230569
733 0.888350 0.270039
734 0.047046 0.889284
735 0.215924 0.657809
736 0.588760 0.229137
737 0.168953 0.306717
738 0.136909 0.514555
739 0.227478 0.193915
740 0.465307 0.931806
741 0.263481 0.927836
742 0.026115 0.358683
743 0.916975 0.349228
744 0.426552 0.568008
745 0.671381 0.823721
746 0.735269 0.401097
747 0.117178 0.873660
748 0.121805 0.999604
749 0.343964 0.500824
750 0.644241 0.317989
751 0.135182 0.468529
752 0.380244 0.532619
753 0.384009 0.904502
754 0.353542 0.829362
755 0.656275 0.649901
756 0.492005 0.439027
757 0.358140 0.391954
758 0.015099 0.383687
759 0.554398 0.889324
760 0.344888 0.097423
761 0.000906 0.971534
762 0.598885 0.514088
763 0.369047 0.989772
764 0.316040 0.453236
765 0.495393 0.480716
766 0.642885 0.718858
767 0.030498 0.048093
768 0.359898 0.038592
769 0.341307 0.252288
770 0.650675 0.043890
771 0.014348 0.776556
772 0.209801 0.187636
773 0.227223 0.672021
774 0.412020 0.802361
775 0.335119 0.465348
776 0.168577 0.085476
777 0.101106 0.375937
778 0.698713 0.093087
779 0.014982 0.223568
780 0.388959 0.558764
781 0.250129 0.438164
782 0.029757 0.679480
783 0.847429 0.564845
784 0.185855 0.160884
785 0.266122 0.290966
786 0.305650 0.747533
787 0.131919 0.000516
788 0.713030 0.082187
789 0.225578 0.763939
790 0.440735 0.107420
791 0.398541 0.462182
792 0.442106 0.676860
793 0.194755 0.628923
794 0.509085 0.426308
795 0.631693 0.203238
796 0.172873 0.884525
797 0.229581 0.716175
798 0.216449 0.618504
799 0.092786 0.783729
800 0.911302 0.240539
801 0.187848 0.767955
802 0.871966 0.246793
803 0.789657 0.588939
804 0.185922 0.131929
805 0.256793 0.003231
806 0.413701 0.126482
807 0.069364 0.723996
808 0.314552 0.829239
809 0.025362 0.870850
810 0.712924 0.470421
811 0.125506 0.948634
812 0.315673 0.930754
813 0.072124 0.545406
814 0.323064 0.721989
815 0.323829 0.476683
816 0.385706 0.785931
817 0.085438 0.650845
818 0.081364 0.799973
819 0.570790 0.476224
820 0.682987 0.499977
821 0.106495 0.813665
822 0.391375 0.993615
823 0.099201 0.723834
824 0.655362 0.505526
825 0.472065 0.562444
826 0.640065 0.297874
827 0.295833 0.481891
828 0.621922 0.606691
829 0.697614 0.291433
830 0.825851 0.158331
831 0.246802 0.268043
832 0.388284 0.189391
833 0.661085 0.849427
834 0.915748 0.444026
835 0.812251 0.229724
836 0.813575 0.480426
837 0.099467 0.132600
838 0.337133 0.961985
839 0.669549 0.623653
840 0.483334 0.242815
841 0.047056 0.608432
842 0.761689 0.373990
843 0.857015 0.307994
844 0.736664 0.839485
845 0.897773 0.322945
846 0.423097 0.634926
847 0.161982 0.999656
848 0.340390 0.589727
849 0.613511 0.048404
850 0.262877 0.531409
851 0.120077 0.574062
852 0.114998 0.110661
853 0.555002 0.413083
854 0.732104 0.606738
855 0.126908 0.428486
856 0.283894 0.158438
857 0.544125 0.955648
858 0.111350 0.042933
859 0.311097 0.964954
860 0.211348 0.778896
861 0.356648 0.945372
862 0.650023 0.451372
863 0.798754 0.382639
864 0.241118 0.672649
865 0.718458 0.905164
866 0.416242 0.406838
867 0.611868 0.195822
868 0.119982 0.486060
869 0.094958 0.950006
870 0.877462 0.189185
871 0.158507 0.574965
872 0.293721 0.818370
873 0.408576 0.084147
874 0.171556 0.014401
875 0.778524 0.490926
876 0.667835 0.448031
877 0.911931 0.567486
878 0.787809 0.349705
879 0.590417 0.269204
880 0.175906 0.185411
881 0.600733 0.813641
882 0.138376 0.944893
883 0.230098 0.735392
884 0.597801 0.667306
885 0.162745 0.947316
886 0.184520 0.607875
887 0.403033 0.793330
888 0.787895 0.421524
889 0.127124 0.619907
890 0.132668 0.366358
891 0.504701 0.956604
892 0.253456 0.332219
893 0.443561 0.601873
894 0.548806 0.037214
895 0.760639 0.904924
896 0.316578 0.640053
897 0.623352 0.764578
898 0.048457 0.998770
899 0.412011 0.831793
900 0.515588 0.512025
901 0.340490 0.339820
902 0.250194 0.863546
903 0.187699 0.228111
904 0.450530 0.087599
905 0.443738 0.626986
906 0.667858 0.873715
907 0.349482 0.412094
908 0.358550 0.626779
909 0.114286 0.085925
910 0.757631 0.281881
911 0.775774 0.706224
912 0.312894 0.692514
913 0.275091 0.264311
914 0.889840 0.474531
915 0.901437 0.581023
916 0.105355 0.185719
917 0.092348 0.048362
918 0.120443 0.767366
919 0.193988 0.906783
920 0.331915 0.301422
921 0.170151 0.699041
922 0.357489 0.690561
923 0.527474 0.914322
924 0.062087 0.761185
925 0.405147 0.335173
926 0.528738 0.204268
927 0.595341 0.460520
928 0.196390 0.316305
929 0.704856 0.364554
930 0.779263 0.222556
931 0.343284 0.991720
932 0.901347 0.190040
933 0.326832 0.283086
934 0.337893 0.622065
935 0.545815 0.168883
936 0.269533 0.518178
937 0.411633 0.322093
938 0.654281 0.265986
939 0.066475 0.921702
940 0.023541 0.704877
941 0.857249 0.425177
942 0.007056 0.415895
943 0.325150 0.682119
944 0.219636 0.176499
945 0.521785 0.015460
946 0.405450 0.996973
947 0.542748 0.909003
948 0.166435 0.539702
949 0.292398 0.839341
950 0.812742 0.575090
951 0.138464 0.709137
952 0.767079 0.890120
953 0.893849 0.379566
954 0.531418 0.389947
955 0.042844 0.841828
956 0.279895 0.630523
957 0.856414 0.392644
958 0.140626 0.487941
959 0.233887 0.807222
960 0.734290 0.972837
961 0.946127 0.255382
962 0.982785 0.187917
963 0.645991 0.063262
964 0.545177 0.239604
965 0.884880 0.399056
966 0.340039 0.821122
967 0.624845 0.542848
968 0.481035 0.547668
969 0.507823 0.690463
970 0.155906 0.856948
971 0.294311 0.527843
972 0.204759 0.335083
973 0.626974 0.315127
974 0.396132 0.012212
975 0.290384 0.282573
976 0.930428 0.407395
977 0.644873 0.242200
978 0.403373 0.262605
979 0.231749 0.381486
980 0.189542 0.883283
981 0.820530 0.530969
982 0.399077 0.291682
983 0.639125 0.836908
984 0.927701 0.434265
985 0.740449 0.272706
986 0.594979 0.870561
987 0.719277 0.938504
988 0.808794 0.457054
989 0.382584 0.765149
990 0.583605 0.886877
991 0.685183 0.379514
992 0.800990 0.556425
993 0.340800 0.944432
994 0.236032 0.930435
995 0.810477 0.081188
996 0.680773 0.747055
997 0.339037 0.720839
998 0.059149 0.069294
999 0.330208 0.384605
2000
0 737
0 928
1 42
1 231
1 397
2 3
2 133
2 277
2 455
2 550
2 668
2 844
3 277
3 455
3 745
4 500
4 501
5 245
5 697
6 448
6 839
7 648
7 777
8 241
8 424
8 582
9 86
9 507
9 610
9 929
10 31
10 104
10 655
10 672
10 866
11 43
11 124
11 336
11 415
11 488
11 634
11 792
12 92
12 517
12 771
13 274
13 621
13 800
13 961
14 69
14 179
14 320
14 644
15 264
15 750
15 826
15 973
16 101
16 148
16 889
17 787
17 874
18 434
18 496
18 646
18 768
19 141
19 443
19 663
20 47
20 71
20 432
20 493
20 577
21 266
21 791
22 177
22 447
22 814
22 912
22 922
22 943
22 997
23 225
23 412
23 515
24 368
24 392
24 864
25 576
26 271
26 713
27 295
27 352
27 558
27 561
27 977
28 64
28 754
28 808
28 966
29 173
29 278
29 464
29 757
29 901
29 999
30 78
30 112
30 194
30 389
31 104
31 294
31 866
32 240
32 323
32 387
32 574
32 581
32 746
33 282
33 538
33 671
34 244
34 302
34 659
34 710
34 898
35 122
35 479
35 709
35 742
36 483
36 616
37 180
37 257
37 296
37 362
37 474
38 416
38 787
38 858
39 401
40 88
40 344
40 444
40 648
40 742
41 89
41 400
41 626
41 788
42 282
42 751
42 868
42 958
43 415
43 488
43 634
43 792
44 454
44 592
44 890
45 552
46 442
46 531
46 959
47 377
47 432
47 577
48 63
48 263
49 125
49 337
49 585
49 689
50 700
50 752
50 780
51 174
51 313
51 338
51 835
51 930
52 459
52 465
52 486
52 883
53 119
53 816
53 887
53 989
54 147
54 160
54 188
54 247
54 636
54 704
55 281
55 301
55 762
56 389
56 438
56 850
56 936
56 971
57 240
57 478
57 810
58 726
59 120
59 123
59 583
60 161
60 391
60 699
60 884
61 93
61 138
61 930
62 196
62 198
62 274
62 612
62 961
63 630
64 300
64 480
64 754
64 966
65 98
65 136
65 706
65 744
65 893
66 101
66 571
66 793
66 886
67 234
67 379
68 81
68 317
68 633
69 515
69 795
70 121
70 167
70 201
70 522
70 575
70 729
71 303
71 414
71 432
72 456
72 520
72 586
72 591
73 546
73 624
73 656
73 663
73 705
73 843
74 331
74 408
74 587
75 219
75 225
75 452
75 561
75 736
75 795
75 867
76 290
76 593
76 613
76 849
77 576
77 618
77 681
77 979
78 112
78 305
78 781
79 365
79 531
79 680
79 730
79 872
79 949
80 147
80 336
80 488
80 704
81 433
81 708
81 751
81 868
81 958
82 343
82 366
82 566
82 790
82 904
83 205
83 342
83 363
83 821
84 131
84 330
84 372
85 267
85 617
85 774
86 351
86 507
86 929
87 358
87 429
87 436
87 853
88 444
88 557
88 648
89 400
89 594
89 626
89 788
90 117
90 280
90 338
91 486
91 773
91 797
92 517
92 652
92 818
93 138
93 930
94 256
94 383
94 386
95 411
95 703
95 829
95 985
96 251
96 341
96 954
97 588
97 875
98 136
98 650
98 744
98 825
98 893
99 259
99 307
99 415
100 155
100 637
101 571
101 793
102 236
102 556
102 625
102 873
103 207
103 353
103 388
103 575
103 763
103 861
104 866
105 113
105 698
106 165
106 349
106 530
106 759
106 923
106 947
107 256
107 386
108 111
108 541
108 657
108 865
108 895
108 952
109 543
109 885
109 919
110 289
110 369
110 483
111 206
111 250
111 895
111 952
112 305
112 389
113 448
113 967
114 216
114 280
114 596
114 653
115 146
115 225
115 682
115 935
116 431
116 451
116 564
116 665
116 918
117 209
117 280
117 615
118 526
119 393
119 640
119 989
120 123
120 332
120 891
121 167
121 522
121 729
122 380
122 479
122 695
122 709
123 248
123 487
123 891
124 211
124 336
124 666
124 792
125 337
125 343
125 904
126 299
126 303
126 470
126 629
126 766
127 140
127 202
127 214
127 272
128 191
128 284
128 801
129 314
129 498
130 131
130 204
130 556
130 649
130 715
131 395
131 484
131 525
131 539
131 649
131 715
132 149
132 188
132 458
132 563
133 455
133 844
134 443
134 621
134 628
134 733
134 800
134 802
135 474
135 695
135 716
136 650
136 706
136 744
136 893
137 319
137 326
137 542
137 544
137 684
138 320
138 411
139 189
139 285
139 765
139 900
140 272
140 306
140 804
141 222
141 443
141 835
142 154
142 518
142 719
142 769
142 920
142 933
142 975
143 420
143 686
143 875
144 334
144 676
144 941
145 297
145 304
145 510
145 728
146 935
147 247
147 704
148 512
148 817
148 889
149 470
149 563
149 589
150 194
150 245
150 345
150 467
150 533
150 850
151 263
151 492
151 503
151 674
151 698
152 168
152 330
152 484
153 231
153 738
153 948
154 494
154 719
154 769
154 920
154 933
155 212
155 637
155 859
156 318
156 601
156 760
156 768
157 547
157 799
157 818
157 924
158 373
158 835
159 286
159 901
159 920
160 188
160 247
160 458
160 636
161 391
161 828
162 286
162 582
162 925
162 937
163 384
163 489
163 609
163 903
164 459
164 690
164 730
164 786
165 349
165 516
165 687
165 857
165 923
165 947
166 238
166 497
166 639
166 679
166 996
167 207
167 298
167 753
168 330
168 484
168 649
168 670
168 832
169 499
169 696
169 803
169 950
169 992
170 197
170 413
170 540
170 750
170 973
171 273
171 471
171 874
172 642
172 664
173 278
173 757
174 313
174 830
175 546
175 559
175 656
175 843
175 845
176 437
176 579
177 461
177 508
177 922
177 943
178 581
178 622
178 731
178 842
178 863
178 888
179 513
179 703
179 938
179 977
180 257
180 362
181 184
181 400
181 596
181 995
182 241
182 287
182 355
182 356
182 598
183 339
183 447
183 465
183 786
183 814
183 912
184 400
184 995
185 340
185 945
186 468
186 778
186 963
187 239
187 354
187 380
187 445
187 453
188 458
189 190
189 285
189 647
189 765
189 900
190 401
190 439
190 647
190 756
190 765
191 665
191 921
191 951
192 281
192 301
192 602
192 674
192 675
193 241
193 598
193 925
193 937
193 982
194 345
194 467
194 850
195 203
195 228
195 312
195 986
195 990
196 198
196 612
196 962
197 371
197 413
197 540
198 274
198 612
198 962
199 290
199 426
199 521
200 251
200 504
200 524
200 654
201 248
201 575
201 583
201 729
202 214
202 221
202 272
202 489
202 916
203 312
203 986
203 990
204 236
204 556
204 625
204 715
205 342
205 406
205 818
205 821
206 250
206 960
207 298
207 575
207 753
207 861
208 255
208 298
208 753
209 216
209 280
209 594
209 726
210 346
210 383
210 834
210 914
211 237
211 519
211 792
212 637
212 702
212 859
213 384
213 505
213 739
213 772
213 903
214 272
214 837
214 916
215 289
215 369
215 410
215 483
215 566
215 717
216 280
216 594
216 596
216 626
216 653
217 294
217 667
217 764
217 775
217 815
218 365
218 730
218 808
218 872
218 949
218 966
219 333
219 452
219 682
219 736
220 226
220 350
220 916
221 272
221 489
221 784
221 880
223 261
223 372
223 466
223 472
224 227
224 262
224 741
224 994
225 412
225 452
225 867
226 296
226 350
226 725
226 916
227 262
227 442
227 919
227 980
228 312
228 530
229 394
229 565
229 926
229 935
230 519
230 630
230 666
230 969
231 397
231 738
231 948
232 290
232 491
232 894
233 623
234 305
234 379
234 618
234 781
235 425
235 851
236 556
236 625
236 717
236 806
237 307
237 415
237 792
237 846
237 905
238 497
238 639
238 996
239 445
239 453
239 454
239 890
240 323
240 382
240 651
240 810
241 287
241 598
241 925
241 937
242 393
242 690
242 786
242 814
242 997
243 423
243 473
243 527
243 627
244 710
244 898
245 345
245 467
245 697
246 497
246 679
246 745
246 983
247 636
247 969
248 487
248 583
248 729
248 740
249 542
249 676
249 914
250 569
250 718
251 341
251 524
251 954
252 397
252 595
252 871
252 948
253 403
253 590
253 805
254 567
254 619
254 631
254 661
254 858
254 909
254 917
255 462
255 536
256 383
256 386
257 354
257 453
257 474
258 297
258 327
258 510
258 677
259 307
259 508
260 551
260 605
260 672
261 372
261 466
261 472
261 490
261 600
261 720
262 919
262 994
263 503
264 513
264 826
264 938
265 528
265 536
265 680
265 949
266 385
266 791
267 617
267 774
267 887
268 680
269 685
270 387
270 574
270 746
270 929
270 991
271 713
271 782
273 509
273 874
274 800
275 374
275 807
275 940
276 559
276 743
276 845
276 953
277 541
277 550
277 657
277 668
277 844
278 286
278 464
278 901
279 601
279 669
279 873
280 653
281 301
281 602
281 675
281 698
282 671
282 708
282 751
283 800
283 870
283 932
284 315
284 789
284 801
284 860
285 691
285 765
285 900
286 901
286 925
287 355
287 356
288 488
288 617
288 634
289 369
289 410
289 670
289 717
290 426
290 849
291 570
291 638
291 854
292 545
293 367
293 597
293 755
294 791
295 352
295 558
295 599
295 879
296 362
296 916
297 304
297 460
297 611
297 677
298 753
298 861
299 470
299 766
300 480
300 754
300 899
301 675
301 762
301 819
302 694
302 761
302 898
303 432
303 629
303 766
304 318
304 611
304 728
304 760
305 781
306 523
306 724
306 776
306 804
307 415
307 792
307 846
308 517
308 652
309 512
309 554
309 951
310 329
310 533
311 321
311 340
311 894
311 945
312 475
312 881
312 986
313 830
314 498
315 364
315 658
315 789
315 801
315 860
316 521
317 407
317 557
318 611
318 728
318 760
319 544
319 684
319 877
320 615
320 644
321 585
321 945
322 324
322 403
322 460
322 590
322 677
322 712
323 402
323 581
323 746
324 403
324 446
324 460
324 590
325 468
325 526
326 359
326 542
326 584
327 677
328 548
328 862
329 390
330 769
331 375
331 408
331 632
332 516
332 721
332 857
332 891
333 558
333 580
333 599
333 736
333 964
334 417
334 941
335 440
336 488
336 666
337 343
337 428
337 790
337 873
337 904
339 368
339 447
339 465
339 912
340 491
340 894
340 945
341 954
342 821
343 366
343 790
343 904
344 444
344 758
344 942
345 397
345 467
346 383
346 502
346 834
346 984
347 505
347 701
347 772
347 784
347 880
347 944
348 529
348 678
348 841
349 664
349 687
349 923
349 947
350 562
350 725
351 418
351 507
351 606
351 829
352 558
352 561
352 736
352 879
353 388
353 763
353 838
353 861
353 931
353 993
354 453
355 356
355 524
356 598
357 643
357 820
357 824
357 862
357 876
358 429
358 607
358 819
359 584
359 783
360 493
360 911
361 537
361 560
361 604
363 431
363 451
363 693
363 821
364 535
364 658
364 860
364 959
365 528
365 730
365 808
365 872
365 949
366 410
366 566
366 790
367 377
367 629
367 755
368 486
368 864
369 410
369 483
370 578
370 631
370 767
370 917
370 998
371 413
371 495
371 654
373 705
373 910
374 723
374 940
375 570
376 613
376 770
376 963
377 432
377 597
377 629
377 755
378 463
378 749
379 764
380 409
380 445
381 482
381 485
381 878
382 643
382 651
382 810
382 876
384 489
384 505
384 880
384 903
385 534
387 574
387 929
387 991
388 575
388 763
388 822
389 827
389 936
390 396
390 956
391 503
391 828
392 461
392 896
392 912
393 997
394 682
394 926
394 935
395 525
395 539
395 715
396 956
397 948
398 509
398 549
398 661
398 909
399 406
399 573
399 734
399 955
401 439
401 765
402 420
402 581
402 622
402 635
402 888
403 446
403 590
403 805
404 694
405 945
406 955
407 557
407 623
408 587
409 445
409 777
410 483
410 566
410 717
411 985
412 452
412 867
413 540
414 996
415 634
415 792
416 661
416 787
416 858
416 917
417 622
417 941
417 957
418 507
418 513
418 610
418 829
419 434
419 601
419 768
419 974
420 635
420 836
420 888
420 988
421 723
421 782
421 940
422 450
422 734
422 809
423 627
423 811
423 882
423 885
424 582
424 605
425 722
425 813
425 851
426 521
426 849
426 963
427 559
427 624
427 957
428 669
428 790
428 806
428 873
428 904
429 436
429 607
429 794
430 699
430 884
431 451
431 693
432 577
432 629
433 557
433 708
433 855
434 496
434 768
435 535
435 796
435 970
435 980
436 794
436 853
436 954
437 495
437 504
437 579
438 533
438 850
438 936
438 971
439 672
439 756
439 765
440 660
441 688
441 748
441 811
441 847
441 882
442 902
443 628
443 733
443 802
444 758
445 777
446 460
446 646
447 814
447 912
447 943
448 828
449 707
449 848
449 908
449 934
450 809
451 564
451 918
452 682
452 736
452 867
454 592
455 745
456 520
456 591
456 733
456 845
457 476
457 588
457 632
458 563
459 620
460 611
460 677
461 508
461 896
461 943
462 536
462 812
463 752
464 604
464 901
464 999
465 786
466 472
466 490
466 600
466 720
466 739
467 533
467 697
467 850
468 526
468 778
469 671
469 714
469 855
470 589
470 766
470 897
471 683
471 874
472 720
473 532
473 627
473 747
475 881
476 588
476 632
477 659
477 939
478 686
478 810
479 695
479 709
480 754
481 548
481 651
481 876
482 485
482 606
484 649
484 832
485 842
485 878
486 797
486 864
487 522
487 740
488 634
489 505
489 880
490 600
490 856
491 894
492 674
493 577
494 982
495 504
495 654
496 646
497 639
497 679
498 540
499 783
499 950
499 992
500 501
500 555
500 825
500 968
502 673
502 834
502 984
504 524
504 579
504 654
505 739
505 772
505 880
505 903
505 944
506 553
506 614
507 610
507 829
508 908
508 934
509 724
509 776
510 856
511 523
511 701
511 804
512 545
512 817
513 703
513 938
514 560
514 711
514 892
515 795
515 867
516 687
516 857
516 891
516 923
517 652
517 771
518 913
518 975
520 743
520 845
522 642
522 740
523 724
523 804
525 539
525 649
525 715
527 796
527 970
527 980
528 680
528 949
529 678
529 841
531 620
531 730
531 959
532 573
532 627
532 662
532 939
533 850
533 936
534 650
534 691
535 658
537 560
537 604
539 856
541 550
541 657
541 668
541 895
541 952
542 914
543 688
543 885
544 684
544 877
544 915
545 807
545 823
546 628
546 663
546 843
547 807
547 823
548 862
548 876
549 852
549 909
550 641
550 657
550 668
550 844
551 605
551 672
552 578
552 767
553 603
553 720
553 831
554 921
554 951
555 602
555 968
556 728
558 599
558 736
558 879
559 656
560 892
561 736
561 795
561 867
561 977
562 725
562 732
562 779
564 665
564 918
565 926
566 717
566 790
566 806
567 619
567 631
567 909
567 917
567 998
568 598
568 840
569 718
570 854
571 735
571 793
572 693
572 970
573 734
574 746
574 929
575 729
576 979
578 767
580 926
580 964
581 746
582 925
582 937
583 729
584 981
585 689
586 591
586 727
587 824
589 639
589 766
589 897
590 683
590 712
590 805
591 660
592 928
592 972
593 613
594 626
595 645
595 851
595 871
596 653
597 755
597 839
599 879
600 739
600 944
601 768
602 675
602 900
603 720
603 831
603 913
604 901
607 675
607 819
608 881
608 897
610 750
611 677
612 962
613 770
613 849
614 692
614 831
615 726
618 681
618 781
619 631
619 852
619 909
620 789
620 860
620 959
621 733
621 800
622 635
622 731
622 863
622 888
624 656
625 717
625 806
626 778
626 788
627 811
627 882
628 733
628 802
628 843
630 666
630 969
631 917
631 998
633 738
633 868
635 888
635 988
638 803
639 679
639 897
641 844
642 664
642 740
643 651
643 810
643 820
643 876
644 703
645 889
647 765
648 777
649 715
650 691
650 744
650 825
650 968
651 876
652 955
655 672
655 866
657 668
657 865
658 693
659 662
659 710
659 869
659 939
660 961
661 858
661 909
661 917
662 869
662 939
663 705
664 687
664 740
665 951
666 969
667 757
667 907
668 844
669 873
670 832
671 714
673 685
674 698
675 900
678 817
678 841
679 745
680 902
680 949
681 979
682 935
683 712
686 875
687 891
687 923
687 947
688 885
690 786
691 968
692 711
692 892
692 972
694 761
695 716
696 803
696 950
696 992
699 884
700 749
700 752
701 784
701 944
702 741
703 829
706 744
706 893
707 908
708 751
708 855
709 742
710 869
711 785
711 892
713 782
717 806
719 769
719 933
722 851
723 940
724 776
725 732
727 743
728 760
730 872
731 863
731 888
732 779
733 802
734 809
735 773
735 864
737 928
738 868
738 958
739 772
739 944
741 994
742 758
743 845
745 833
749 815
750 826
750 973
751 868
751 958
752 780
754 966
755 839
756 794
757 907
757 999
758 942
759 947
759 990
763 822
763 931
764 775
764 815
769 933
770 963
772 880
772 944
773 864
774 816
774 887
774 899
775 815
777 890
778 788
782 940
784 804
784 880
785 831
785 913
785 975
786 814
789 860
789 883
790 806
790 904
793 798
793 886
795 867
796 919
796 970
796 980
797 883
798 886
799 818
799 821
799 918
801 860
803 950
803 992
807 823
808 872
808 949
808 966
809 955
811 869
811 882
812 859
812 993
814 912
814 997
815 827
816 887
816 989
818 821
819 927
820 824
822 946
825 968
826 973
831 913
833 906
833 983
834 984
835 930
836 988
837 852
838 859
838 861
838 931
838 993
846 905
848 934
850 936
850 971
852 909
853 954
858 917
861 993
862 876
863 878
865 987
868 958
870 932
872 949
877 915
882 885
893 905
894 945
895 952
896 934
907 999
908 934
910 985
912 943
913 975
919 980
920 933
921 951
922 943
923 947
925 937
928 972
929 991
936 971
937 982
938 977
941 957
950 992
953 965
957 965
976 984
978 982
981 992
986 990
