1000
0 0.339786 0.070860
1 0.508021 0.135789
2 0.623147 0.633885
3 0.296107 0.407877
4 0.728510 0.380567
5 0.758549 0.788344
6 0.034309 0.252282
7 0.421940 0.614146
8 0.514328 0.939771
9 0.251309 0.636734
10 0.750838 0.091899
11 0.678074 0.717483
12 0.933074 0.427868
13 0.345160 0.744950
14 0.041253 0.354736
15 0.465294 0.684887
16 0.815803 0.130533
17 0.228552 0.878024
18 0.042080 0.833035
19 0.266508 0.186004
20 0.142808 0.395204
21 0.063614 0.750532
22 0.961465 0.695024
23 0.990348 0.964644
24 0.261455 0.417252
25 0.016568 0.450032
26 0.234323 0.773905
27 0.515206 0.033111
28 0.365241 0.295498
29 0.012799 0.154677
30 0.433824 0.595349
31 0.337327 0.838625
32 0.405973 0.324688
33 0.667145 0.291138
34 0.950087 0.067717
35 0.633343 0.602697
36 0.449941 0.245721
37 0.628137 0.768565
38 0.819695 0.559109
39 0.064476 0.771368
40 0.592943 0.432533
41 0.000998 0.140731
42 0.780244 0.843422
43 0.355475 0.703832
44 0.811727 0.483634
45 0.035059 0.882815
46 0.834431 0.336308
47 0.937203 0.341314
48 0.379218 0.214634
49 0.454106 0.506717
50 0.897816 0.145132
51 0.606676 0.777060
52 0.804265 0.025902
53 0.958444 0.284872
54 0.820141 0.819383
55 0.015505 0.935060
56 0.619167 0.649539
57 0.905497 0.059870
58 0.746765 0.441211
59 0.030047 0.402268
60 0.268307 0.639080
61 0.049571 0.138218
62 0.921721 0.534579
63 0.433986 0.354406
64 0.938331 0.746962
65 0.527796 0.116418
66 0.688941 0.757712
67 0.519775 0.199107
68 0.909208 0.284606
69 0.215566 0.863741
70 0.366038 0.680893
71 0.103949 0.967610
72 0.111663 0.951143
73 0.959174 0.628455
74 0.122187 0.122723
75 0.439933 0.734344
76 0.022527 0.390380
77 0.091867 0.820589
78 0.760667 0.195655
79 0.673799 0.670579
80 0.497867 0.815623
81 0.832626 0.086581
82 0.505865 0.598923
83 0.816838 0.605721
84 0.917786 0.331783
85 0.614927 0.546636
86 0.632483 0.663962
87 0.861438 0.861710
88 0.780573 0.860609
89 0.707358 0.838543
90 0.638028 0.861931
91 0.843143 0.893887
92 0.171542 0.491209
93 0.698180 0.328725
94 0.350072 0.202495
95 0.301010 0.149122
96 0.873743 0.824693
97 0.952357 0.877212
98 0.152576 0.049879
99 0.279456 0.513910
100 0.616599 0.059192
101 0.925604 0.394828
102 0.416445 0.821244
103 0.497055 0.838106
104 0.582362 0.020838
105 0.288753 0.421346
106 0.629057 0.317840
107 0.541826 0.637121
108 0.506061 0.965273
109 0.780277 0.448493
110 0.585694 0.326935
111 0.934088 0.544864
112 0.236921 0.233887
113 0.290597 0.082507
114 0.817722 0.268710
115 0.590392 0.123225
116 0.110151 0.685178
117 0.625906 0.748112
118 0.567798 0.769739
119 0.901208 0.793242
120 0.891391 0.021282
121 0.386919 0.881272
122 0.941176 0.823099
123 0.463632 0.329987
124 0.405409 0.350974
125 0.384513 0.606893
126 0.207179 0.256002
127 0.225854 0.150232
128 0.931700 0.298478
129 0.541522 0.798992
130 0.822360 0.982135
131 0.134010 0.699965
132 0.862428 0.141430
133 0.214645 0.429913
134 0.599984 0.597217
135 0.413204 0.197174
136 0.499145 0.246511
137 0.177099 0.135120
138 0.439926 0.172064
139 0.490052 0.585427
140 0.406034 0.809117
141 0.579213 0.900075
142 0.313369 0.717121
143 0.263555 0.320464
144 0.799219 0.000576
145 0.344542 0.274236
146 0.650394 0.229437
147 0.974111 0.452997
148 0.867266 0.805028
149 0.050657 0.771760
150 0.116715 0.621095
151 0.499727 0.925370
152 0.484870 0.842936
153 0.561406 0.425372
154 0.391961 0.394734
155 0.886501 0.974427
156 0.892779 0.873947
157 0.071284 0.861073
158 0.111256 0.747028
159 0.018170 0.831294
160 0.079323 0.161043
161 0.684610 0.159563
162 0.201535 0.851826
163 0.595791 0.907449
164 0.387929 0.136672
165 0.437017 0.678103
166 0.432371 0.317379
167 0.144458 0.757916
168 0.590679 0.587761
169 0.013059 0.227202
170 0.925984 0.469770
171 0.491365 0.399797
172 0.898241 0.507190
173 0.438515 0.814440
174 0.771112 0.516418
175 0.859472 0.880655
176 0.682472 0.684229
177 0.127991 0.258534
178 0.443298 0.775900
179 0.339696 0.009056
180 0.823736 0.707893
181 0.187405 0.515705
182 0.359604 0.052738
183 0.165850 0.257257
184 0.359251 0.871954
185 0.399299 0.281243
186 0.542723 0.594870
187 0.015140 0.345915
188 0.837291 0.073154
189 0.593070 0.269993
190 0.698345 0.767911
191 0.274621 0.403399
192 0.588615 0.636842
193 0.737187 0.135001
194 0.437004 0.005865
195 0.418827 0.336583
196 0.646737 0.663866
197 0.411490 0.454048
198 0.509548 0.715479
199 0.114012 0.904025
200 0.792365 0.712728
201 0.959013 0.415542
202 0.390863 0.930083
203 0.110094 0.067399
204 0.939778 0.284115
205 0.217812 0.163222
206 0.596426 0.567389
207 0.668595 0.808939
208 0.527747 0.446889
209 0.849281 0.954109
210 0.468142 0.773406
211 0.869951 0.604012
212 0.960881 0.300803
213 0.207655 0.772647
214 0.028244 0.335908
215 0.705892 0.919649
216 0.595036 0.094097
217 0.433378 0.746871
218 0.013117 0.401830
219 0.342753 0.469024
220 0.833727 0.169691
221 0.439409 0.845796
222 0.716419 0.131765
223 0.225018 0.056521
224 0.255610 0.118209
225 0.399306 0.108174
226 0.949383 0.096286
227 0.895568 0.683944
228 0.363259 0.806794
229 0.654266 0.964927
230 0.604693 0.478101
231 0.545327 0.335353
232 0.456615 0.367017
233 0.580603 0.139004
234 0.426942 0.441017
235 0.100083 0.784691
236 0.740939 0.817896
237 0.256901 0.075562
238 0.503110 0.637641
239 0.071037 0.138529
240 0.309807 0.346450
241 0.623814 0.134683
242 0.648533 0.539573
243 0.250523 0.143076
244 0.226639 0.514023
245 0.571021 0.822255
246 0.141231 0.289778
247 0.649299 0.831582
248 0.323964 0.645561
249 0.919258 0.599530
250 0.265837 0.451094
251 0.797806 0.584025
252 0.308679 0.659702
253 0.467962 0.862168
254 0.697681 0.494037
255 0.720451 0.902597
256 0.405872 0.765338
257 0.589957 0.351138
258 0.600870 0.454500
259 0.570494 0.391838
260 0.707120 0.751799
261 0.152492 0.272564
262 0.839592 0.060273
263 0.539839 0.411977
264 0.564064 0.327319
265 0.025916 0.714603
266 0.244746 0.663740
267 0.453940 0.581088
268 0.076951 0.585494
269 0.164491 0.242349
270 0.270646 0.370607
271 0.841857 0.469143
272 0.710904 0.412715
273 0.165958 0.568115
274 0.607442 0.317519
275 0.976379 0.609383
276 0.547610 0.113600
277 0.555578 0.444111
278 0.665904 0.409006
279 0.673928 0.512489
280 0.937593 0.388482
281 0.277345 0.244215
282 0.037779 0.649651
283 0.598576 0.243113
284 0.148065 0.947321
285 0.700988 0.961078
286 0.442088 0.539990
287 0.298710 0.952827
288 0.467045 0.266332
289 0.928995 0.096216
290 0.818250 0.514965
291 0.023408 0.782244
292 0.796820 0.974315
293 0.679912 0.356666
294 0.074150 0.933144
295 0.515065 0.767101
296 0.790705 0.812937
297 0.163465 0.923232
298 0.673224 0.831506
299 0.564818 0.372018
300 0.038180 0.930592
301 0.759226 0.135270
302 0.105807 0.843691
303 0.308265 0.082093
304 0.221481 0.270844
305 0.818632 0.631451
306 0.900509 0.423390
307 0.383325 0.685062
308 0.668029 0.546360
309 0.451619 0.301132
310 0.366639 0.511066
311 0.568116 0.854140
312 0.506677 0.396415
313 0.067541 0.837889
314 0.764155 0.552887
315 0.398220 0.970263
316 0.430221 0.761971
317 0.410294 0.530700
318 0.478461 0.795902
319 0.214630 0.240398
320 0.727184 0.828597
321 0.214355 0.311628
322 0.852868 0.838285
323 0.934764 0.248620
324 0.017938 0.280769
325 0.278703 0.346553
326 0.169749 0.506972
327 0.853685 0.235186
328 0.899198 0.377235
329 0.050843 0.204583
330 0.799731 0.919018
331 0.175472 0.020434
332 0.215626 0.463347
333 0.393398 0.474768
334 0.779983 0.471799
335 0.596265 0.002934
336 0.536476 0.879808
337 0.592828 0.484435
338 0.994251 0.205163
339 0.070065 0.982885
340 0.324555 0.768335
341 0.915010 0.413691
342 0.838771 0.488927
343 0.924094 0.699583
344 0.308401 0.628320
345 0.840560 0.399850
346 0.787985 0.495955
347 0.249510 0.868693
348 0.295811 0.981706
349 0.772599 0.061987
350 0.189511 0.358961
351 0.537880 0.203929
352 0.131728 0.825568
353 0.973923 0.040822
354 0.337139 0.687382
355 0.108114 0.113563
356 0.396224 0.176285
357 0.058742 0.380704
358 0.697810 0.537026
359 0.199933 0.010601
360 0.651955 0.577466
361 0.495737 0.333538
362 0.943490 0.789568
363 0.199556 0.136557
364 0.680794 0.883044
365 0.179265 0.621652
366 0.866902 0.736547
367 0.479040 0.547904
368 0.443836 0.945443
369 0.222450 0.104630
370 0.022231 0.743040
371 0.016187 0.130680
372 0.861273 0.212193
373 0.604485 0.163215
374 0.635364 0.543133
375 0.644945 0.426477
376 0.409819 0.144570
377 0.505494 0.751605
378 0.666992 0.874270
379 0.552261 0.644485
380 0.622221 0.574869
381 0.171707 0.374805
382 0.461732 0.941273
383 0.267881 0.507672
384 0.893212 0.461649
385 0.257969 0.495520
386 0.272765 0.159406
387 0.240545 0.201978
388 0.785388 0.642087
389 0.931405 0.329453
390 0.286335 0.305468
391 0.225081 0.194905
392 0.105035 0.587748
393 0.802836 0.840315
394 0.561249 0.837233
395 0.628793 0.947362
396 0.369009 0.091711
397 0.614047 0.383825
398 0.558208 0.473596
399 0.128389 0.630193
400 0.238499 0.729443
401 0.693945 0.819997
402 0.105761 0.733031
403 0.946602 0.620937
404 0.088113 0.979717
405 0.334930 0.980563
406 0.157278 0.743875
407 0.432074 0.799957
408 0.077247 0.408241
409 0.593887 0.397521
410 0.652014 0.066074
411 0.604293 0.499307
412 0.256971 0.682236
413 0.179743 0.337907
414 0.361260 0.830965
415 0.388909 0.354023
416 0.505751 0.542318
417 0.481151 0.749466
418 0.459195 0.730614
419 0.646888 0.378105
420 0.137927 0.850869
421 0.584860 0.256486
422 0.930197 0.728422
423 0.016369 0.621357
424 0.994341 0.945936
425 0.429066 0.244155
426 0.766135 0.889951
427 0.558441 0.163095
428 0.656999 0.654777
429 0.939435 0.902489
430 0.748972 0.027586
431 0.618208 0.866585
432 0.961172 0.003357
433 0.376134 0.165931
434 0.858649 0.897162
435 0.320396 0.112696
436 0.938999 0.364917
437 0.604108 0.211378
438 0.294449 0.895698
439 0.933440 0.623172
440 0.525592 0.345458
441 0.787987 0.183056
442 0.659770 0.194130
443 0.446978 0.016059
444 0.802362 0.557987
445 0.338509 0.230091
446 0.360967 0.020363
447 0.212515 0.664889
448 0.640553 0.167443
449 0.433166 0.581305
450 0.332017 0.496754
451 0.449510 0.200006
452 0.456457 0.030008
453 0.680765 0.970634
454 0.420342 0.595191
455 0.421279 0.683692
456 0.153608 0.091445
457 0.017832 0.167837
458 0.468482 0.846161
459 0.495255 0.771464
460 0.232318 0.471182
461 0.084180 0.699095
462 0.396206 0.075502
463 0.989400 0.765511
464 0.804090 0.320496
465 0.906968 0.908363
466 0.685288 0.015132
467 0.449724 0.994073
468 0.811900 0.683036
469 0.672423 0.914159
470 0.913005 0.470509
471 0.004748 0.185987
472 0.514445 0.095564
473 0.332639 0.434094
474 0.455786 0.145672
475 0.948150 0.731984
476 0.452151 0.566560
477 0.864383 0.076785
478 0.744771 0.557617
479 0.765160 0.455840
480 0.320917 0.888327
481 0.195167 0.612262
482 0.001701 0.263456
483 0.525301 0.221812
484 0.424804 0.047093
485 0.928752 0.685255
486 0.289744 0.625444
487 0.608980 0.090671
488 0.133052 0.089541
489 0.633007 0.822854
490 0.284444 0.955531
491 0.475497 0.249161
492 0.600530 0.039470
493 0.011348 0.322789
494 0.561087 0.683220
495 0.693815 0.380020
496 0.203372 0.529480
497 0.662201 0.463019
498 0.995743 0.981537
499 0.000781 0.594268
500 0.808110 0.942512
501 0.618672 0.500749
502 0.379275 0.242799
503 0.876560 0.054748
504 0.920674 0.019691
505 0.047791 0.789465
506 0.988498 0.188299
507 0.359152 0.949065
508 0.423562 0.165823
509 0.742495 0.414127
510 0.514126 0.702742
511 0.430185 0.641493
512 0.198431 0.231575
513 0.444852 0.290363
514 0.134433 0.235224
515 0.992398 0.037802
516 0.908428 0.312087
517 0.325467 0.260228
518 0.057961 0.650924
519 0.472992 0.669387
520 0.280699 0.006718
521 0.452705 0.906359
522 0.537348 0.493947
523 0.045369 0.393352
524 0.888457 0.918364
525 0.166242 0.290601
526 0.405999 0.748193
527 0.827072 0.651377
528 0.804721 0.641676
529 0.859247 0.946058
530 0.468644 0.563225
531 0.197074 0.785024
532 0.066041 0.290257
533 0.292012 0.200957
534 0.054881 0.156533
535 0.817216 0.084400
536 0.352480 0.596580
537 0.668909 0.891773
538 0.824410 0.759178
539 0.893382 0.804866
540 0.144455 0.616062
541 0.320145 0.870792
542 0.404079 0.677874
543 0.880695 0.696193
544 0.838656 0.599056
545 0.864527 0.104340
546 0.054292 0.587925
547 0.593392 0.051071
548 0.247582 0.443836
549 0.391702 0.224421
550 0.872996 0.668432
551 0.132660 0.174258
552 0.146416 0.205499
553 0.877637 0.427126
554 0.553484 0.141802
555 0.464517 0.100875
556 0.350795 0.161137
557 0.395286 0.088256
558 0.138074 0.801561
559 0.121765 0.731217
560 0.176401 0.607885
561 0.162614 0.401449
562 0.053877 0.248949
563 0.367619 0.434258
564 0.990170 0.508054
565 0.001554 0.419345
566 0.744503 0.834924
567 0.780334 0.785803
568 0.880643 0.125079
569 0.536835 0.838935
570 0.233539 0.498053
571 0.519851 0.501644
572 0.646769 0.456052
573 0.172548 0.846543
574 0.247087 0.358894
575 0.470569 0.353225
576 0.271969 0.062467
577 0.983425 0.684838
578 0.362798 0.190127
579 0.624715 0.717669
580 0.894723 0.572621
581 0.458241 0.226536
582 0.046769 0.905957
583 0.926367 0.060783
584 0.487080 0.144247
585 0.988987 0.275979
586 0.519324 0.738383
587 0.751998 0.630126
588 0.541320 0.780700
589 0.417400 0.713941
590 0.060156 0.119005
591 0.201147 0.692162
592 0.313995 0.911564
593 0.641561 0.615907
594 0.727583 0.797487
595 0.863590 0.981154
596 0.373869 0.750370
597 0.529839 0.007455
598 0.496117 0.320349
599 0.918851 0.117218
600 0.229888 0.384253
601 0.937989 0.644145
602 0.482115 0.894502
603 0.582400 0.226444
604 0.559947 0.750661
605 0.902691 0.641176
606 0.265495 0.733218
607 0.157720 0.340118
608 0.445874 0.071818
609 0.365981 0.270112
610 0.117589 0.037162
611 0.985278 0.299504
612 0.142003 0.303725
613 0.063989 0.620820
614 0.386169 0.824691
615 0.367609 0.391411
616 0.858587 0.411821
617 0.466215 0.464511
618 0.134040 0.475248
619 0.295777 0.167566
620 0.147390 0.431502
621 0.316943 0.669451
622 0.139306 0.445903
623 0.421724 0.542007
624 0.212266 0.345286
625 0.980715 0.727998
626 0.128468 0.772967
627 0.482389 0.218776
628 0.644889 0.886198
629 0.472710 0.607435
630 0.500523 0.787328
631 0.977996 0.405208
632 0.989239 0.423300
633 0.875727 0.478977
634 0.711545 0.369825
635 0.688097 0.114230
636 0.854147 0.304765
637 0.723455 0.014392
638 0.321770 0.800654
639 0.481845 0.693372
640 0.587646 0.722329
641 0.350172 0.410399
642 0.464309 0.170340
643 0.488988 0.376157
644 0.479814 0.114436
645 0.306175 0.208117
646 0.404335 0.494152
647 0.264155 0.025240
648 0.604506 0.694409
649 0.454634 0.054640
650 0.630229 0.509540
651 0.604829 0.137755
652 0.468150 0.512777
653 0.601608 0.726909
654 0.178389 0.533712
655 0.334196 0.182746
656 0.530903 0.897266
657 0.694595 0.707209
658 0.859071 0.782584
659 0.914133 0.262889
660 0.817045 0.027600
661 0.000605 0.298776
662 0.235779 0.643825
663 0.066898 0.701447
664 0.518653 0.916665
665 0.510029 0.314522
666 0.135397 0.112449
667 0.274920 0.905595
668 0.991603 0.002443
669 0.857855 0.754547
670 0.058875 0.915501
671 0.607929 0.025353
672 0.968201 0.672842
673 0.171488 0.672715
674 0.227325 0.602992
675 0.861060 0.825178
676 0.910811 0.767956
677 0.672389 0.012376
678 0.299846 0.003119
679 0.490672 0.448071
680 0.840543 0.187319
681 0.063869 0.791273
682 0.516912 0.428654
683 0.313460 0.444940
684 0.327603 0.961807
685 0.226438 0.013735
686 0.649006 0.352930
687 0.822423 0.095947
688 0.194700 0.412772
689 0.944267 0.488004
690 0.356297 0.366764
691 0.838720 0.286665
692 0.328679 0.751710
693 0.463101 0.970535
694 0.921124 0.550261
695 0.776155 0.705610
696 0.366458 0.126263
697 0.753512 0.848735
698 0.014589 0.431618
699 0.469204 0.316642
700 0.595866 0.339778
701 0.755714 0.715160
702 0.234586 0.852757
703 0.696152 0.007755
704 0.551501 0.707567
705 0.038235 0.727518
706 0.747617 0.504257
707 0.676358 0.418246
708 0.809514 0.068794
709 0.230123 0.034405
710 0.785583 0.598064
711 0.521933 0.794236
712 0.104718 0.382630
713 0.742917 0.196334
714 0.303286 0.422482
715 0.616633 0.104331
716 0.182969 0.190573
717 0.382384 0.807845
718 0.487764 0.421094
719 0.817010 0.913926
720 0.880470 0.288797
721 0.274957 0.215410
722 0.788403 0.728948
723 0.181270 0.074131
724 0.228704 0.622861
725 0.884983 0.496658
726 0.947910 0.218894
727 0.677762 0.403870
728 0.408611 0.244342
729 0.988271 0.068217
730 0.035482 0.627182
731 0.726793 0.891563
732 0.720292 0.151645
733 0.620400 0.118841
734 0.699470 0.981089
735 0.523399 0.370893
736 0.376084 0.287050
737 0.845857 0.563176
738 0.570111 0.467070
739 0.238838 0.185470
740 0.812768 0.733546
741 0.100664 0.169038
742 0.645037 0.274390
743 0.554645 0.236532
744 0.485224 0.909184
745 0.637389 0.022884
746 0.989662 0.919813
747 0.322511 0.159254
748 0.200624 0.351423
749 0.146379 0.077558
750 0.547973 0.562799
751 0.366329 0.409378
752 0.839423 0.668903
753 0.532636 0.923918
754 0.344285 0.427923
755 0.318439 0.512939
756 0.828321 0.573334
757 0.263567 0.357074
758 0.137675 0.597595
759 0.720234 0.053324
760 0.653013 0.293444
761 0.013894 0.203107
762 0.783440 0.397538
763 0.351161 0.799642
764 0.898592 0.297281
765 0.857963 0.323952
766 0.132033 0.194376
767 0.872921 0.460211
768 0.684502 0.083222
769 0.699239 0.347755
770 0.843367 0.424455
771 0.668849 0.313350
772 0.941873 0.260372
773 0.070342 0.634123
774 0.391357 0.847805
775 0.675952 0.564948
776 0.118340 0.476342
777 0.972106 0.802119
778 0.045075 0.671067
779 0.090777 0.223849
780 0.917638 0.004056
781 0.963650 0.957826
782 0.606553 0.892618
783 0.838959 0.751671
784 0.260119 0.213650
785 0.549658 0.813286
786 0.585058 0.309940
787 0.954242 0.946433
788 0.257469 0.159909
789 0.418534 0.366343
790 0.774843 0.493189
791 0.192768 0.892378
792 0.414099 0.515519
793 0.212901 0.495900
794 0.769418 0.410763
795 0.653625 0.929212
796 0.773455 0.822502
797 0.686061 0.798997
798 0.711489 0.788903
799 0.144956 0.364750
800 0.948803 0.690045
801 0.518933 0.154659
802 0.740888 0.058883
803 0.028511 0.816722
804 0.486805 0.638842
805 0.611340 0.713416
806 0.977902 0.326363
807 0.879831 0.091859
808 0.796879 0.825217
809 0.385107 0.780378
810 0.290875 0.728471
811 0.426325 0.276110
812 0.303155 0.701488
813 0.712441 0.951624
814 0.588879 0.701400
815 0.054867 0.872459
816 0.996582 0.369135
817 0.036170 0.687981
818 0.040444 0.340298
819 0.565012 0.119740
820 0.565257 0.176260
821 0.663180 0.079582
822 0.650948 0.498823
823 0.056103 0.951660
824 0.806059 0.165403
825 0.678679 0.148211
826 0.814981 0.866206
827 0.807128 0.433643
828 0.174075 0.053811
829 0.041380 0.284130
830 0.251389 0.103616
831 0.298293 0.512409
832 0.238145 0.341557
833 0.960709 0.210681
834 0.100325 0.400419
835 0.414370 0.994874
836 0.534630 0.613369
837 0.783670 0.770931
838 0.529373 0.102116
839 0.103054 0.642844
840 0.186743 0.765827
841 0.225077 0.084398
842 0.664816 0.975434
843 0.521102 0.680512
844 0.543465 0.549190
845 0.701734 0.688232
846 0.039464 0.374898
847 0.537761 0.655667
848 0.473155 0.639634
849 0.611554 0.150935
850 0.931886 0.941004
851 0.574260 0.414713
852 0.047380 0.235900
853 0.950500 0.849537
854 0.019834 0.949415
855 0.510533 0.060734
856 0.140728 0.653192
857 0.455283 0.622465
858 0.877567 0.555812
859 0.500328 0.731407
860 0.366934 0.900882
861 0.743316 0.210468
862 0.390924 0.580174
863 0.411660 0.302688
864 0.846669 0.093181
865 0.921301 0.034272
866 0.892205 0.055878
867 0.120890 0.386353
868 0.403923 0.654881
869 0.339661 0.286326
870 0.120155 0.594967
871 0.000843 0.836359
872 0.110512 0.604391
873 0.137248 0.928522
874 0.119239 0.715275
875 0.950108 0.913799
876 0.827170 0.966135
877 0.627800 0.206935
878 0.546477 0.311551
879 0.456714 0.651915
880 0.205479 0.365351
881 0.895622 0.754878
882 0.073699 0.212155
883 0.200538 0.202662
884 0.902326 0.046004
885 0.323213 0.386345
886 0.337879 0.926411
887 0.436133 0.617678
888 0.965475 0.127876
889 0.961445 0.750532
890 0.890269 0.824910
891 0.996797 0.342473
892 0.957081 0.891593
893 0.051913 0.928390
894 0.825263 0.311515
895 0.156509 0.471827
896 0.535458 0.294837
897 0.651218 0.627908
898 0.642210 0.792972
899 0.085887 0.645305
900 0.944016 0.587638
901 0.649015 0.088616
902 0.892753 0.319750
903 0.559975 0.597525
904 0.347270 0.326816
905 0.260569 0.044206
906 0.950256 0.514254
907 0.398739 0.731028
908 0.746799 0.796660
909 0.370994 0.062316
910 0.487783 0.307143
911 0.809747 0.191784
912 0.796923 0.681616
913 0.976926 0.519933
914 0.269410 0.233072
915 0.498417 0.150055
916 0.362068 0.487329
917 0.386766 0.907365
918 0.503225 0.579266
919 0.521635 0.412783
920 0.724639 0.120960
921 0.581249 0.876327
922 0.312730 0.316157
923 0.363813 0.534203
924 0.640526 0.967636
925 0.084709 0.614164
926 0.675934 0.765512
927 0.295651 0.112951
928 0.847819 0.010258
929 0.481815 0.519748
930 0.204173 0.285416
931 0.282322 0.183626
932 0.922838 0.888791
933 0.657095 0.947389
934 0.222916 0.709107
935 0.570923 0.340755
936 0.801471 0.044549
937 0.152955 0.721491
938 0.541077 0.940850
939 0.548424 0.191360
940 0.364274 0.967083
941 0.993532 0.255211
942 0.207251 0.086016
943 0.400192 0.023671
944 0.341204 0.820061
945 0.422167 0.966080
946 0.874875 0.998989
947 0.610845 0.278644
948 0.064192 0.256702
949 0.246878 0.609550
950 0.174081 0.822403
951 0.438194 0.121710
952 0.062967 0.347003
953 0.762939 0.479190
954 0.771529 0.034665
955 0.799854 0.455661
956 0.346428 0.142253
957 0.778650 0.546689
958 0.041787 0.917739
959 0.092989 0.949596
960 0.095596 0.363141
961 0.522341 0.075214
962 0.758915 0.540586
963 0.869294 0.965762
964 0.412204 0.846641
965 0.522275 0.835760
966 0.736259 0.345870
967 0.374912 0.547194
968 0.467366 0.720112
969 0.447479 0.400674
970 0.585487 0.924964
971 0.521160 0.020048
972 0.979274 0.235554
973 0.488007 0.352030
974 0.359425 0.887544
975 0.664535 0.000457
976 0.371013 0.700803
977 0.800217 0.748829
978 0.539348 0.358465
979 0.096741 0.879818
980 0.330283 0.531957
981 0.377319 0.180846
982 0.432007 0.186231
983 0.471440 0.759840
984 0.370257 0.231878
985 0.217980 0.681571
986 0.388759 0.370581
987 0.995847 0.057401
988 0.530933 0.180653
989 0.608090 0.947549
990 0.681555 0.132879
991 0.232844 0.753706
992 0.205405 0.482446
993 0.961201 0.396771
994 0.187674 0.154571
995 0.638782 0.729092
996 0.263745 0.856588
997 0.703016 0.550436
998 0.815587 0.889597
999 0.284525 0.599853
2000
0 182
0 303
0 396
0 909
1 65
1 584
1 644
1 801
1 915
2 35
2 56
2 86
2 192
2 593
2 897
3 24
3 105
3 191
3 714
3 885
4 272
4 495
4 509
4 634
4 966
5 236
5 567
5 594
5 837
5 908
6 169
6 324
6 482
6 562
6 829
6 852
6 948
7 30
7 449
7 454
7 511
7 857
7 887
8 108
8 151
8 664
8 753
8 938
9 60
9 266
9 662
9 724
9 949
10 802
11 176
11 657
12 101
12 201
12 306
12 341
13 340
13 596
13 692
14 187
14 214
14 357
14 818
14 846
14 952
15 165
15 519
15 639
15 879
15 968
16 687
16 824
17 69
17 347
17 702
18 159
18 313
18 803
19 386
19 387
19 533
19 619
19 721
19 739
19 784
19 788
19 931
20 381
20 561
20 620
20 799
20 867
21 39
21 149
21 705
22 485
22 577
22 672
22 800
23 424
23 498
23 781
24 105
24 191
24 250
24 548
25 565
25 698
26 213
26 991
27 597
27 855
27 971
28 145
28 609
28 736
28 869
28 904
29 41
29 371
29 457
29 471
30 267
30 449
30 454
30 476
30 857
30 887
31 414
31 541
31 944
32 124
32 166
32 195
32 415
32 863
33 742
33 760
33 771
34 226
34 289
34 353
34 583
35 134
35 360
35 380
35 593
35 897
36 288
36 425
36 491
36 581
37 51
37 117
37 898
38 251
38 444
38 737
38 756
39 149
39 505
39 681
40 153
40 258
40 409
40 851
41 371
41 457
42 88
42 296
42 393
42 697
42 796
42 808
43 70
43 307
43 354
43 976
44 271
44 290
44 334
44 342
44 346
44 955
45 582
45 815
45 958
46 464
46 765
46 894
47 84
47 389
47 436
48 94
48 502
48 549
48 578
48 981
48 984
49 286
49 652
49 929
50 132
50 568
50 599
51 117
52 144
52 660
52 936
52 954
53 128
53 204
53 212
53 585
53 611
53 772
54 296
54 393
54 808
55 300
55 854
55 958
56 86
56 192
56 196
57 503
57 583
57 865
57 866
57 884
58 109
58 479
58 509
59 76
59 218
59 357
59 523
59 565
59 698
59 846
60 266
60 486
60 662
60 949
61 239
61 371
61 534
61 590
62 111
62 172
62 694
62 906
63 124
63 195
63 232
63 575
63 789
64 422
64 475
64 676
64 889
65 276
65 472
65 554
65 838
66 190
66 260
66 926
67 351
67 483
67 939
67 988
68 128
68 204
68 516
68 659
68 720
68 764
69 162
69 347
69 702
69 791
70 307
70 354
70 976
71 72
71 404
71 959
72 284
72 873
72 959
73 275
73 403
73 439
73 601
74 355
74 488
74 666
75 217
75 316
75 418
75 526
75 589
75 968
76 218
76 523
76 565
76 846
77 302
77 313
78 441
78 713
78 861
79 176
79 196
79 428
79 845
80 103
80 152
80 318
80 630
80 711
80 965
81 188
81 262
81 477
81 535
81 545
81 687
81 708
81 864
82 139
82 629
82 836
82 918
83 251
83 305
83 544
83 710
83 756
84 128
84 389
84 516
84 902
85 206
85 242
85 374
85 380
86 196
86 428
87 156
87 175
87 322
87 434
87 675
88 393
88 426
88 697
88 826
89 298
89 320
89 401
90 247
90 378
90 431
90 628
91 175
91 434
91 719
91 998
92 181
92 326
92 895
92 992
93 293
93 769
93 771
94 445
94 578
94 655
94 981
94 984
95 386
95 619
95 747
95 927
96 148
96 322
96 539
96 675
96 890
97 429
97 853
97 892
97 932
98 749
98 828
99 383
99 385
99 831
100 410
100 487
100 492
100 547
100 671
101 280
101 328
101 341
101 436
101 993
102 140
102 173
102 221
102 407
102 614
102 717
102 774
102 964
103 152
103 458
103 965
104 335
104 492
104 547
104 671
105 191
105 683
105 714
106 274
106 760
107 379
107 836
107 847
109 334
109 479
109 827
109 953
109 955
110 257
110 264
110 274
110 700
110 786
110 935
111 694
111 906
112 319
112 387
112 784
112 914
113 237
113 303
113 576
113 927
114 691
115 216
115 233
115 241
115 651
115 715
115 733
115 819
115 849
116 131
116 461
116 874
117 579
117 653
117 995
118 588
118 604
119 148
119 539
119 676
119 890
120 503
120 504
120 780
120 865
120 866
120 884
121 184
121 774
121 860
121 917
121 974
122 362
122 853
123 166
123 309
123 361
123 575
123 598
123 699
123 910
123 973
124 195
124 415
124 789
124 986
125 536
125 862
126 304
126 319
126 512
126 930
127 205
127 243
127 363
127 788
128 204
128 212
128 389
128 516
128 764
129 588
129 711
129 785
130 292
130 876
131 559
131 874
131 937
132 568
133 332
133 548
133 688
134 168
134 206
134 380
135 356
135 451
135 508
135 549
135 982
136 483
136 491
136 627
137 363
137 994
138 451
138 474
138 508
138 642
138 982
139 267
139 530
139 629
139 918
140 173
140 407
140 614
140 717
140 809
141 163
141 782
141 921
141 970
142 810
142 812
143 325
143 390
143 757
143 832
144 660
145 517
145 609
145 736
145 869
146 442
146 877
147 632
148 322
148 539
148 658
148 675
148 890
149 291
149 505
149 681
150 392
150 399
150 540
150 758
150 839
150 870
150 872
150 925
151 602
151 664
151 744
151 753
152 253
152 458
153 259
153 263
153 277
153 851
154 615
154 751
154 986
155 595
155 946
155 963
156 175
156 932
157 313
157 815
157 979
158 167
158 402
158 559
158 626
158 874
159 803
159 871
160 239
160 534
160 741
161 732
161 825
161 990
162 573
162 702
163 782
163 921
163 970
164 225
164 376
164 433
164 696
165 455
165 542
165 879
166 195
166 309
166 513
166 863
167 406
167 559
167 626
168 206
168 380
168 903
169 761
169 852
170 384
170 470
170 689
171 312
171 643
171 718
171 919
172 633
172 725
173 221
173 407
174 346
174 706
174 790
174 957
174 962
175 434
176 657
176 845
177 246
177 261
177 514
178 210
178 217
178 316
178 407
178 983
179 446
180 200
180 468
180 740
181 326
181 496
181 654
181 793
182 446
182 909
183 261
183 269
183 525
184 860
184 974
185 609
185 736
185 811
185 863
186 750
186 836
186 903
187 214
187 493
187 818
188 262
188 477
188 535
188 687
188 708
188 864
189 283
189 421
189 947
190 260
190 797
190 798
190 926
191 270
191 714
193 222
193 301
193 732
193 920
194 443
194 452
195 415
195 789
195 863
196 428
196 897
197 234
197 333
198 377
198 510
198 586
198 639
198 859
199 873
199 979
200 468
200 695
200 722
200 740
200 912
201 280
201 631
201 632
201 993
202 917
203 488
203 610
204 212
204 323
204 659
204 772
205 363
205 391
205 739
205 994
206 380
207 247
207 298
207 401
207 797
207 898
208 277
208 682
208 919
209 529
209 595
209 876
209 963
210 318
210 417
210 459
210 630
210 983
211 544
212 611
212 806
213 531
213 840
213 991
214 493
214 818
214 952
215 255
215 469
215 731
215 813
216 487
216 715
216 733
217 256
217 316
217 418
217 526
217 589
218 523
218 565
218 698
219 450
219 473
219 916
220 680
220 824
220 911
221 253
221 458
221 964
222 635
222 732
222 920
222 990
223 709
223 841
223 942
224 243
224 369
224 830
225 396
225 462
225 557
226 289
226 888
227 343
227 485
227 543
227 550
228 414
228 614
228 717
228 763
228 809
228 944
229 395
229 453
229 795
229 842
229 924
229 933
230 258
230 337
230 411
230 501
230 738
231 264
231 440
231 878
231 935
231 978
232 575
232 643
232 969
232 973
233 373
233 427
233 554
233 651
233 819
233 849
235 626
236 320
236 566
236 594
236 697
236 796
236 908
237 576
237 830
237 841
237 905
238 804
238 848
239 534
239 590
240 325
240 922
241 373
241 651
241 715
241 733
241 849
242 308
242 374
242 650
243 386
243 788
244 385
244 496
244 570
244 793
245 311
245 394
245 785
246 261
246 525
246 612
247 298
247 489
248 252
248 344
248 621
249 403
249 439
249 580
249 900
250 548
251 444
251 710
251 756
252 344
252 621
253 458
253 602
254 279
255 731
256 316
256 526
256 596
256 809
256 907
257 264
257 299
257 700
257 935
258 337
258 738
259 299
259 409
259 851
260 926
261 269
261 525
261 612
262 477
262 535
262 708
262 864
263 277
263 312
263 682
263 851
263 919
264 700
264 786
264 878
264 935
265 370
265 705
265 817
266 412
266 447
266 662
266 985
267 449
267 454
267 476
267 530
267 629
268 392
268 546
268 925
269 512
269 514
270 325
270 574
270 757
271 342
271 633
271 767
272 509
272 707
272 727
273 654
274 700
274 786
275 403
276 554
276 819
276 838
277 398
277 738
277 851
278 375
278 419
278 707
278 727
279 308
279 358
279 822
280 341
280 436
280 993
281 721
281 784
281 914
282 423
282 518
282 730
282 773
282 778
283 421
283 437
283 603
284 297
284 873
285 453
285 734
285 813
286 317
286 476
286 530
286 623
287 348
287 490
287 684
288 491
288 513
289 583
289 599
290 342
290 346
291 505
291 803
292 500
292 876
293 495
293 634
293 686
293 769
294 300
294 670
294 823
294 893
294 958
294 959
295 377
295 459
295 586
295 588
295 630
295 711
296 393
296 567
296 796
296 808
297 873
298 401
298 797
299 935
299 978
300 582
300 670
300 823
300 854
300 893
300 958
302 352
302 420
303 435
303 927
304 319
304 930
305 388
305 527
305 528
306 341
306 553
307 542
307 868
307 976
308 358
308 360
308 374
308 775
308 997
309 513
309 699
309 811
310 916
310 923
311 394
311 569
311 921
312 643
312 682
312 718
312 735
312 919
314 478
314 957
314 962
315 835
315 940
315 945
316 526
317 623
317 792
318 459
318 630
319 512
320 401
320 566
320 594
320 697
321 624
321 930
322 675
323 659
323 726
323 772
324 482
324 661
324 829
325 574
325 757
326 654
327 372
329 852
329 882
330 500
330 719
330 998
331 359
331 828
332 460
332 793
332 992
333 646
333 916
334 346
334 479
334 790
334 953
334 955
335 671
336 656
337 398
337 411
337 501
337 738
338 506
338 833
338 972
339 404
339 823
340 638
340 692
343 422
343 485
343 800
344 486
345 616
345 770
346 790
346 953
347 702
347 996
348 490
349 802
349 936
349 954
350 381
350 413
350 624
350 748
350 880
351 483
351 939
351 988
352 420
352 558
353 515
353 729
353 987
354 621
354 976
355 488
355 666
356 376
356 433
356 508
356 578
356 981
357 408
357 523
357 846
357 952
358 775
358 997
359 685
360 380
360 775
361 440
361 575
361 598
361 665
361 699
361 910
361 973
362 777
363 994
364 378
364 469
364 537
364 628
365 481
365 540
365 560
366 669
366 783
366 881
367 416
367 476
367 530
367 929
368 382
368 693
368 945
369 830
369 841
369 942
370 705
372 680
373 448
373 651
373 849
374 380
374 650
375 572
375 707
376 508
376 951
377 417
377 459
377 586
377 630
377 859
377 983
378 537
378 628
379 836
379 847
381 561
381 799
381 880
382 521
382 693
383 385
383 570
383 831
384 470
384 633
384 725
384 767
385 460
385 570
386 619
386 788
386 931
387 391
387 739
387 784
388 528
388 587
389 436
389 516
390 922
391 739
391 883
392 758
392 870
392 872
392 925
393 796
393 808
393 826
394 569
394 785
395 795
395 924
395 933
395 989
396 462
396 557
396 696
396 909
397 409
397 419
398 522
398 738
399 540
399 758
399 839
399 856
399 870
399 872
400 606
400 934
400 991
401 797
401 798
402 559
402 874
403 439
403 601
403 900
404 959
405 684
405 940
406 937
408 523
408 834
409 851
410 821
410 901
411 501
411 650
413 607
413 624
413 748
414 614
414 717
414 763
414 774
414 944
415 690
415 789
415 986
416 929
417 418
417 459
417 859
417 968
417 983
418 968
418 983
419 686
420 573
421 603
421 743
421 947
422 475
423 499
423 730
424 498
424 746
424 781
425 581
425 728
425 811
427 554
427 820
427 939
427 988
428 897
429 465
429 875
429 892
429 932
430 637
430 802
430 954
431 628
431 782
432 668
433 556
433 578
433 981
434 524
435 927
437 603
437 877
438 480
438 541
438 592
438 667
439 601
439 605
440 665
440 735
440 978
441 824
441 911
442 448
442 877
443 452
444 756
444 957
445 517
445 984
447 591
447 662
447 985
448 849
449 454
449 476
449 887
450 755
450 916
450 980
451 581
451 642
451 982
452 484
452 649
453 734
453 842
453 933
454 862
454 887
455 542
455 589
455 868
456 488
456 666
456 723
456 749
457 471
457 761
459 630
459 711
459 983
460 548
460 570
460 793
460 992
461 663
462 557
462 909
463 889
464 894
465 524
465 932
466 677
466 703
466 975
467 693
467 835
468 527
468 752
468 912
469 537
469 795
469 933
470 689
471 761
472 838
472 855
472 961
473 563
473 641
473 683
473 714
473 754
474 584
474 642
474 951
475 625
475 889
476 530
477 503
477 545
477 807
477 864
477 866
478 957
478 962
479 953
479 955
480 541
480 592
481 560
481 674
481 724
482 661
483 743
484 608
484 649
484 943
485 800
486 999
487 715
487 733
488 666
488 749
489 898
491 581
491 627
492 547
492 671
493 661
493 818
494 704
494 814
494 847
495 634
495 727
495 769
496 654
496 793
497 572
500 719
500 876
501 650
501 822
502 549
502 609
502 728
502 984
503 866
503 884
504 780
504 865
504 884
505 681
505 803
506 833
507 684
507 886
507 940
508 982
509 794
510 586
510 639
510 843
510 859
511 857
511 868
511 879
511 887
512 883
513 699
513 811
513 863
514 552
515 668
515 729
515 987
516 720
516 764
516 902
517 869
518 613
518 730
518 773
518 778
518 899
519 639
519 804
519 848
519 879
520 647
520 678
521 602
521 744
522 571
523 846
525 612
526 589
526 596
526 907
527 528
527 752
529 595
529 963
531 840
532 829
532 948
533 619
533 645
533 721
533 784
533 931
535 687
535 708
535 864
537 628
538 669
538 740
538 783
538 977
539 890
540 560
540 758
540 870
540 872
542 868
543 550
544 737
544 756
545 568
545 807
545 864
546 613
547 671
549 728
549 984
550 752
551 552
551 741
551 766
552 766
553 616
553 767
553 770
554 819
554 820
555 608
555 644
555 951
556 578
556 655
556 747
556 956
556 981
557 909
558 626
559 874
559 937
561 620
561 688
562 852
562 948
563 641
563 751
563 754
564 913
565 698
566 697
566 796
567 837
567 908
568 807
569 785
569 965
570 793
570 992
573 950
574 600
574 757
574 832
575 643
575 699
575 973
576 905
577 672
577 800
578 655
578 981
579 648
579 653
579 805
579 995
580 694
580 858
581 627
582 670
582 815
582 893
582 958
583 865
583 866
583 884
584 642
584 644
584 801
584 915
585 611
585 941
586 859
588 604
588 711
588 785
589 907
591 673
591 934
591 985
592 886
593 897
594 798
594 908
595 946
595 963
596 809
596 907
597 971
598 665
598 699
598 910
598 973
600 880
601 605
602 744
603 743
606 810
607 799
608 649
609 736
609 869
611 806
613 730
613 773
613 899
613 925
614 717
614 774
614 964
615 641
615 690
615 751
615 986
616 770
617 679
618 622
618 776
618 895
619 747
619 931
620 622
621 812
622 895
623 792
624 748
624 832
624 880
625 889
629 804
629 848
629 857
630 711
631 632
631 993
633 725
633 767
634 769
634 966
635 768
635 825
635 990
636 691
636 720
636 765
636 894
637 703
638 763
638 944
639 968
640 648
640 653
640 805
640 814
641 751
641 754
641 885
642 982
643 735
643 973
645 721
645 931
646 792
647 709
647 905
648 653
648 805
648 814
650 822
651 715
651 733
651 849
652 929
653 805
653 814
655 747
656 664
656 753
657 845
658 669
659 772
660 928
660 936
662 724
662 949
663 817
664 744
664 753
664 938
665 878
665 896
665 910
666 749
669 783
670 823
670 893
670 958
671 745
672 800
673 856
674 724
674 949
675 890
676 881
677 703
677 745
677 975
679 682
679 718
680 911
682 718
682 919
683 714
683 754
685 709
687 708
687 864
689 906
690 986
691 894
695 701
695 722
695 912
696 956
697 796
699 910
700 786
700 935
701 722
702 996
703 975
706 790
706 953
707 727
708 936
709 905
711 785
712 834
712 867
712 960
713 861
715 733
715 901
716 883
716 994
717 763
717 809
718 919
719 998
720 764
720 902
721 784
721 914
721 931
722 740
722 977
723 749
723 828
723 942
724 949
726 833
726 972
728 811
729 987
730 773
732 920
733 849
734 813
734 842
735 978
736 869
737 756
737 858
739 784
739 788
740 783
740 977
742 760
742 947
745 975
747 956
748 880
749 828
750 844
751 754
753 938
755 831
755 980
757 832
758 870
758 872
759 802
760 771
762 794
763 944
764 902
765 894
765 902
768 821
768 901
773 839
773 899
773 925
774 964
775 997
778 817
779 882
780 865
781 787
781 850
782 921
784 914
785 965
786 935
787 850
787 875
788 931
789 986
790 953
793 992
795 933
796 808
797 798
797 926
798 908
799 867
801 915
801 988
803 871
804 848
804 857
804 879
805 814
805 995
806 891
807 864
810 812
811 863
816 891
818 846
818 952
820 939
820 988
821 901
823 854
823 893
824 911
825 990
826 998
827 955
829 948
830 841
833 972
834 867
835 945
836 903
837 977
838 961
839 899
839 925
841 942
842 924
842 933
843 847
846 952
848 857
848 879
850 875
852 882
852 948
855 961
857 879
857 887
859 968
860 917
860 974
865 866
865 884
866 884
867 960
870 872
872 925
874 937
875 892
878 896
892 932
893 958
899 925
904 922
906 913
917 974
923 967
923 980
924 933
934 985
935 978
936 954
939 988
941 972
946 963
952 960
957 962
970 989
