1000
0 0.121200 0.337207
1 0.211317 0.113309
2 0.047244 0.227276
3 0.552837 0.489967
4 0.467516 0.478270
5 0.929366 0.804418
6 0.456593 0.387137
7 0.682089 0.094979
8 0.831290 0.588034
9 0.310389 0.017967
10 0.930872 0.783227
11 0.349744 0.930959
12 0.820227 0.522132
13 0.053282 0.614473
14 0.412127 0.631311
15 0.110579 0.181154
16 0.382577 0.915631
17 0.449364 0.041057
18 0.556530 0.831911
19 0.659332 0.158170
20 0.158367 0.046361
21 0.363474 0.770974
22 0.724061 0.832569
23 0.243499 0.582837
24 0.517310 0.509843
25 0.783222 0.461715
26 0.708882 0.639797
27 0.873239 0.569095
28 0.821247 0.809125
29 0.883640 0.933657
30 0.703703 0.474666
31 0.969301 0.251273
32 0.219835 0.211407
33 0.683568 0.540923
34 0.235326 0.408744
35 0.532879 0.842676
36 0.936343 0.423428
37 0.874740 0.227767
38 0.128981 0.638392
39 0.334653 0.331421
40 0.158735 0.609636
41 0.039206 0.711058
42 0.761768 0.352909
43 0.422330 0.175970
44 0.574488 0.559813
45 0.815510 0.876818
46 0.340403 0.049663
47 0.350391 0.945862
48 0.788884 0.872427
49 0.984855 0.177916
50 0.091159 0.697792
51 0.034921 0.727434
52 0.260725 0.126350
53 0.197357 0.563669
54 0.858597 0.341180
55 0.681694 0.473756
56 0.735364 0.732635
57 0.820072 0.264970
58 0.541960 0.169085
59 0.274702 0.710707
60 0.200185 0.248766
61 0.007432 0.323265
62 0.249827 0.967987
63 0.491993 0.785091
64 0.001115 0.806040
65 0.577315 0.275693
66 0.745165 0.719285
67 0.405480 0.986209
68 0.775679 0.176765
69 0.021444 0.230463
70 0.035921 0.534997
71 0.879655 0.767032
72 0.119995 0.628681
73 0.758335 0.541592
74 0.303750 0.314402
75 0.429104 0.434766
76 0.258165 0.846039
77 0.797816 0.757951
78 0.106889 0.383408
79 0.131845 0.178051
80 0.529594 0.639797
81 0.419775 0.471784
82 0.684155 0.659376
83 0.823148 0.982101
84 0.058523 0.164354
85 0.613989 0.001540
86 0.223521 0.858227
87 0.337060 0.150194
88 0.834200 0.396391
89 0.332448 0.657199
90 0.555491 0.249048
91 0.293485 0.014928
92 0.422622 0.940963
93 0.264046 0.963834
94 0.151858 0.350957
95 0.486609 0.759016
96 0.204965 0.706465
97 0.435568 0.307591
98 0.793230 0.560192
99 0.888711 0.547358
100 0.763330 0.866193
101 0.599361 0.108307
102 0.041247 0.310317
103 0.708035 0.442775
104 0.214354 0.460532
105 0.749128 0.404402
106 0.227533 0.713450
107 0.632140 0.387768
108 0.962830 0.888242
109 0.894314 0.196700
110 0.246818 0.525894
111 0.739767 0.493940
112 0.784742 0.807909
113 0.603745 0.496342
114 0.238064 0.354341
115 0.547467 0.571699
116 0.228610 0.737406
117 0.692384 0.428021
118 0.193827 0.773015
119 0.071720 0.790536
120 0.271125 0.921155
121 0.382334 0.168790
122 0.257645 0.591053
123 0.169728 0.557273
124 0.927329 0.955542
125 0.499182 0.125909
126 0.919012 0.752114
127 0.305404 0.206486
128 0.622207 0.267937
129 0.383737 0.066282
130 0.570589 0.157516
131 0.153329 0.930359
132 0.189350 0.526246
133 0.865218 0.759858
134 0.420769 0.363197
135 0.244420 0.694981
136 0.320891 0.677932
137 0.942247 0.889215
138 0.379715 0.479774
139 0.640404 0.410267
140 0.298484 0.354540
141 0.106508 0.195904
142 0.834895 0.817750
143 0.382301 0.317265
144 0.580605 0.203331
145 0.094495 0.376376
146 0.469497 0.191260
147 0.052910 0.299722
148 0.362833 0.345359
149 0.171884 0.868741
150 0.744347 0.131143
151 0.207686 0.754625
152 0.549555 0.369079
153 0.298565 0.526442
154 0.528693 0.503718
155 0.445844 0.894425
156 0.219480 0.130228
157 0.641815 0.036555
158 0.183541 0.057482
159 0.677598 0.608414
160 0.428184 0.150239
161 0.389907 0.615076
162 0.847053 0.796093
163 0.052615 0.213549
164 0.234765 0.672527
165 0.560160 0.394129
166 0.921586 0.773975
167 0.808063 0.492894
168 0.727746 0.805147
169 0.582972 0.358738
170 0.787465 0.497124
171 0.717512 0.763031
172 0.598828 0.551970
173 0.739634 0.830554
174 0.539237 0.250069
175 0.465723 0.031984
176 0.177263 0.945564
177 0.637022 0.049939
178 0.441124 0.614036
179 0.772945 0.097059
180 0.960504 0.546054
181 0.092762 0.565030
182 0.402680 0.243254
183 0.018370 0.420581
184 0.988165 0.256366
185 0.433305 0.755454
186 0.905322 0.164387
187 0.509887 0.489602
188 0.377585 0.116025
189 0.895689 0.910364
190 0.648551 0.646954
191 0.370355 0.400242
192 0.251734 0.154560
193 0.246837 0.902298
194 0.162704 0.414724
195 0.797364 0.167728
196 0.830459 0.286985
197 0.163011 0.477104
198 0.297244 0.544734
199 0.204815 0.901929
200 0.671309 0.105077
201 0.448872 0.241016
202 0.790413 0.107134
203 0.820931 0.839765
204 0.518438 0.954545
205 0.312214 0.357632
206 0.018854 0.489993
207 0.781660 0.396932
208 0.648044 0.106507
209 0.288986 0.639509
210 0.778327 0.320865
211 0.820459 0.155761
212 0.285887 0.985783
213 0.018957 0.612323
214 0.448057 0.338279
215 0.596993 0.003747
216 0.613638 0.377873
217 0.124644 0.374113
218 0.355590 0.915905
219 0.915161 0.684593
220 0.510424 0.149339
221 0.284940 0.224447
222 0.580614 0.430876
223 0.772931 0.365558
224 0.461854 0.108219
225 0.470473 0.436465
226 0.727592 0.604145
227 0.791668 0.619291
228 0.103114 0.521955
229 0.849186 0.726182
230 0.518068 0.628992
231 0.806351 0.567944
232 0.687769 0.565695
233 0.992858 0.567624
234 0.569187 0.220948
235 0.653451 0.120587
236 0.689005 0.491793
237 0.224052 0.665261
238 0.437903 0.731639
239 0.707702 0.841870
240 0.378440 0.052285
241 0.019987 0.441441
242 0.698186 0.087184
243 0.356704 0.861648
244 0.031666 0.628325
245 0.395716 0.845569
246 0.806516 0.410548
247 0.465771 0.712681
248 0.735705 0.339973
249 0.268166 0.524409
250 0.560401 0.041131
251 0.809291 0.430695
252 0.873203 0.618901
253 0.395109 0.758245
254 0.123156 0.896606
255 0.108794 0.087414
256 0.597801 0.070827
257 0.180666 0.044797
258 0.237804 0.762516
259 0.296617 0.857049
260 0.721519 0.352991
261 0.931573 0.303327
262 0.281222 0.619525
263 0.941242 0.617171
264 0.306465 0.742351
265 0.183052 0.635465
266 0.831296 0.558436
267 0.535231 0.550308
268 0.949446 0.236083
269 0.389268 0.510787
270 0.225746 0.887566
271 0.113567 0.226512
272 0.141815 0.760988
273 0.056670 0.536665
274 0.637311 0.823256
275 0.412742 0.750178
276 0.854298 0.272441
277 0.407387 0.005190
278 0.079170 0.608895
279 0.313988 0.266901
280 0.547245 0.467228
281 0.844632 0.548827
282 0.077912 0.552756
283 0.876740 0.437435
284 0.511025 0.965271
285 0.379858 0.266776
286 0.462634 0.851989
287 0.745585 0.328862
288 0.940038 0.949541
289 0.989643 0.581301
290 0.058011 0.688442
291 0.515854 0.028048
292 0.512169 0.353360
293 0.833765 0.748573
294 0.089463 0.789548
295 0.765636 0.149670
296 0.108596 0.344347
297 0.261876 0.310067
298 0.806946 0.858018
299 0.043973 0.483329
300 0.609557 0.846314
301 0.401557 0.660014
302 0.580404 0.397994
303 0.039249 0.670023
304 0.672789 0.357323
305 0.141540 0.886409
306 0.804778 0.666334
307 0.741182 0.211179
308 0.853543 0.990211
309 0.906788 0.773129
310 0.931948 0.279337
311 0.565892 0.206400
312 0.623483 0.699740
313 0.543507 0.396197
314 0.088615 0.617806
315 0.690623 0.585857
316 0.025482 0.373215
317 0.277850 0.597414
318 0.144998 0.479985
319 0.188088 0.721436
320 0.689871 0.514342
321 0.267793 0.278936
322 0.295191 0.285501
323 0.062151 0.670370
324 0.373855 0.684132
325 0.543880 0.812123
326 0.605213 0.390267
327 0.165410 0.397104
328 0.945051 0.777154
329 0.281654 0.197444
330 0.628400 0.455095
331 0.818930 0.381580
332 0.402575 0.698377
333 0.891596 0.894220
334 0.773212 0.675307
335 0.733101 0.524008
336 0.022975 0.555613
337 0.204665 0.623807
338 0.332969 0.061946
339 0.659307 0.240146
340 0.531512 0.764212
341 0.375833 0.001050
342 0.844505 0.915233
343 0.081517 0.328640
344 0.240690 0.066054
345 0.374018 0.416361
346 0.693408 0.064605
347 0.129304 0.051461
348 0.555601 0.767748
349 0.473172 0.982491
350 0.718338 0.669431
351 0.541003 0.020702
352 0.927992 0.434781
353 0.144750 0.799748
354 0.427845 0.322338
355 0.356318 0.830216
356 0.512980 0.462533
357 0.612795 0.194746
358 0.465485 0.601648
359 0.264488 0.733022
360 0.920975 0.164564
361 0.100159 0.655535
362 0.559006 0.311690
363 0.624160 0.804121
364 0.412719 0.927645
365 0.089500 0.506143
366 0.359122 0.628976
367 0.784053 0.134200
368 0.857181 0.914867
369 0.634804 0.014432
370 0.105082 0.323633
371 0.364835 0.366824
372 0.807748 0.818464
373 0.252892 0.819090
374 0.812078 0.452201
375 0.082407 0.267772
376 0.673990 0.438198
377 0.653715 0.486011
378 0.184716 0.392314
379 0.343480 0.717843
380 0.884462 0.710297
381 0.159998 0.433841
382 0.897599 0.250966
383 0.409850 0.044806
384 0.270211 0.688301
385 0.653282 0.517460
386 0.575265 0.877099
387 0.142908 0.277117
388 0.475772 0.499711
389 0.808948 0.274631
390 0.209288 0.847836
391 0.126066 0.241520
392 0.473258 0.144409
393 0.896683 0.790225
394 0.597910 0.031115
395 0.079539 0.380864
396 0.266304 0.803189
397 0.454182 0.790067
398 0.335223 0.897686
399 0.283588 0.756399
400 0.691705 0.143427
401 0.169490 0.118661
402 0.626717 0.238911
403 0.049738 0.813165
404 0.761458 0.308934
405 0.130431 0.929662
406 0.258070 0.066754
407 0.233842 0.474300
408 0.101849 0.125447
409 0.240234 0.204567
410 0.860455 0.552967
411 0.120412 0.667511
412 0.392454 0.897247
413 0.921191 0.520598
414 0.639882 0.318640
415 0.818310 0.138493
416 0.533274 0.116673
417 0.580474 0.759295
418 0.503637 0.977159
419 0.473785 0.460666
420 0.747544 0.636453
421 0.264938 0.144648
422 0.515334 0.339826
423 0.246606 0.933617
424 0.452749 0.530369
425 0.953740 0.861084
426 0.300340 0.953530
427 0.279575 0.089776
428 0.666476 0.340050
429 0.355212 0.031189
430 0.907254 0.966903
431 0.992587 0.596197
432 0.449150 0.150755
433 0.654264 0.254991
434 0.424107 0.391998
435 0.888002 0.982647
436 0.330006 0.189560
437 0.204904 0.473326
438 0.885414 0.259978
439 0.594537 0.745519
440 0.907205 0.823617
441 0.708304 0.236490
442 0.363130 0.112587
443 0.309299 0.692387
444 0.995177 0.536401
445 0.291740 0.487948
446 0.273574 0.034613
447 0.611807 0.679380
448 0.038131 0.449321
449 0.517273 0.537779
450 0.749417 0.590680
451 0.803854 0.260469
452 0.074764 0.874999
453 0.360007 0.331259
454 0.907446 0.643468
455 0.836539 0.232412
456 0.731887 0.227466
457 0.028301 0.513221
458 0.817685 0.741714
459 0.616314 0.146789
460 0.794046 0.518830
461 0.173244 0.714019
462 0.249173 0.448799
463 0.605585 0.314887
464 0.907862 0.454658
465 0.971580 0.215901
466 0.846868 0.217414
467 0.810569 0.396649
468 0.293179 0.184108
469 0.788899 0.976697
470 0.857847 0.480087
471 0.543419 0.775995
472 0.422775 0.686279
473 0.227597 0.984766
474 0.553733 0.435234
475 0.426164 0.024274
476 0.951901 0.835825
477 0.858338 0.803833
478 0.049855 0.371427
479 0.755441 0.108462
480 0.231901 0.971202
481 0.252979 0.573083
482 0.180157 0.848076
483 0.346937 0.265165
484 0.746989 0.755499
485 0.561483 0.344035
486 0.268783 0.296290
487 0.514344 0.586043
488 0.944676 0.923269
489 0.481785 0.046916
490 0.912805 0.730516
491 0.037170 0.851601
492 0.370975 0.921397
493 0.084948 0.658202
494 0.115661 0.781283
495 0.152894 0.655765
496 0.562370 0.026059
497 0.431214 0.715122
498 0.089496 0.902300
499 0.734143 0.431895
500 0.227103 0.066060
501 0.681634 0.373946
502 0.179452 0.421781
503 0.308411 0.715818
504 0.423780 0.787419
505 0.741148 0.180802
506 0.405688 0.604127
507 0.105758 0.363171
508 0.659961 0.444896
509 0.142338 0.685885
510 0.520699 0.295900
511 0.283402 0.916334
512 0.310291 0.087097
513 0.392670 0.566014
514 0.642798 0.128071
515 0.366046 0.758173
516 0.424553 0.611499
517 0.084732 0.073211
518 0.502490 0.557164
519 0.543373 0.132178
520 0.214472 0.279299
521 0.220370 0.533159
522 0.579055 0.305287
523 0.826612 0.306064
524 0.593491 0.689146
525 0.940397 0.856499
526 0.661282 0.835594
527 0.126436 0.683310
528 0.799868 0.949563
529 0.590062 0.826019
530 0.154001 0.530600
531 0.007692 0.843246
532 0.197386 0.657789
533 0.197035 0.462297
534 0.962137 0.621999
535 0.608265 0.803829
536 0.074910 0.743513
537 0.422116 0.111321
538 0.394977 0.305103
539 0.178121 0.331099
540 0.887024 0.308894
541 0.141347 0.064014
542 0.545851 0.874921
543 0.526049 0.180633
544 0.357326 0.881094
545 0.285452 0.829884
546 0.827605 0.640265
547 0.749586 0.342113
548 0.354728 0.529470
549 0.870113 0.946038
550 0.926156 0.699551
551 0.192613 0.973011
552 0.248948 0.364685
553 0.284653 0.791166
554 0.434793 0.133276
555 0.637725 0.441136
556 0.718487 0.146017
557 0.625613 0.834500
558 0.136843 0.080275
559 0.514898 0.438910
560 0.810003 0.364163
561 0.651650 0.780193
562 0.181059 0.687512
563 0.858688 0.940430
564 0.384842 0.237808
565 0.434945 0.595056
566 0.520464 0.066231
567 0.240205 0.606589
568 0.036820 0.267578
569 0.566970 0.843616
570 0.298009 0.664386
571 0.920131 0.644109
572 0.496947 0.610485
573 0.379969 0.644458
574 0.547512 0.351913
575 0.164576 0.596270
576 0.823817 0.169543
577 0.393019 0.148828
578 0.627445 0.482250
579 0.203836 0.223468
580 0.127423 0.299654
581 0.069037 0.261956
582 0.468235 0.415209
583 0.586199 0.575366
584 0.020316 0.577380
585 0.008669 0.471985
586 0.260666 0.225131
587 0.111669 0.298515
588 0.189209 0.079385
589 0.954861 0.579323
590 0.228909 0.572870
591 0.987981 0.862690
592 0.001000 0.622602
593 0.712146 0.390493
594 0.479834 0.309627
595 0.117306 0.497940
596 0.243131 0.995594
597 0.820703 0.624020
598 0.151742 0.389167
599 0.560613 0.113547
600 0.994059 0.624974
601 0.607058 0.623269
602 0.120361 0.709624
603 0.732700 0.574954
604 0.374852 0.453527
605 0.615096 0.123002
606 0.881632 0.483892
607 0.832502 0.149496
608 0.083759 0.089440
609 0.591772 0.510200
610 0.379415 0.721842
611 0.059248 0.775063
612 0.444548 0.958515
613 0.500341 0.631052
614 0.902932 0.852117
615 0.483282 0.525761
616 0.450112 0.665661
617 0.412899 0.566840
618 0.951684 0.291315
619 0.339544 0.084655
620 0.835663 0.265000
621 0.669719 0.401510
622 0.076448 0.143249
623 0.772752 0.607498
624 0.955751 0.533660
625 0.040349 0.254865
626 0.012112 0.452928
627 0.465144 0.273369
628 0.488743 0.358805
629 0.500395 0.577656
630 0.072018 0.069839
631 0.565337 0.585061
632 0.540069 0.273441
633 0.360889 0.225278
634 0.623158 0.545089
635 0.238709 0.133577
636 0.414441 0.017930
637 0.718809 0.338659
638 0.351662 0.286498
639 0.393592 0.367786
640 0.514161 0.937411
641 0.647423 0.003648
642 0.417774 0.489170
643 0.868302 0.635922
644 0.339838 0.199665
645 0.478761 0.778570
646 0.719632 0.750231
647 0.246294 0.539218
648 0.635431 0.079750
649 0.834414 0.365497
650 0.232911 0.689259
651 0.455635 0.198532
652 0.568781 0.610448
653 0.459112 0.138310
654 0.503804 0.658017
655 0.858926 0.163680
656 0.090112 0.762624
657 0.601430 0.789343
658 0.524994 0.812134
659 0.902900 0.675732
660 0.970591 0.864906
661 0.038282 0.646303
662 0.359563 0.896802
663 0.821447 0.946340
664 0.768475 0.514059
665 0.393192 0.189762
666 0.152630 0.513369
667 0.283215 0.523233
668 0.173037 0.822708
669 0.203954 0.681849
670 0.943920 0.905892
671 0.195573 0.120383
672 0.610342 0.236723
673 0.986690 0.237874
674 0.567177 0.489145
675 0.474135 0.582440
676 0.064191 0.653200
677 0.826349 0.929772
678 0.319799 0.987767
679 0.479988 0.634242
680 0.958036 0.698077
681 0.612090 0.047562
682 0.958588 0.263964
683 0.842469 0.936652
684 0.761811 0.426410
685 0.302899 0.028213
686 0.558184 0.535574
687 0.027977 0.360270
688 0.544953 0.793183
689 0.804050 0.997749
690 0.149844 0.184507
691 0.330883 0.621750
692 0.756106 0.658462
693 0.555142 0.681441
694 0.942838 0.545458
695 0.577966 0.057230
696 0.518935 0.240158
697 0.153503 0.766876
698 0.759502 0.625882
699 0.026941 0.819588
700 0.347202 0.761014
701 0.126010 0.652170
702 0.579395 0.644838
703 0.216680 0.188923
704 0.901557 0.751963
705 0.208815 0.598437
706 0.362604 0.939398
707 0.326171 0.749250
708 0.557344 0.603852
709 0.359477 0.728181
710 0.310682 0.172929
711 0.653872 0.815950
712 0.498267 0.433767
713 0.149191 0.289040
714 0.885684 0.633845
715 0.622787 0.221199
716 0.698083 0.536525
717 0.175253 0.579627
718 0.688404 0.679072
719 0.005011 0.545125
720 0.858858 0.507424
721 0.228639 0.436447
722 0.141199 0.624775
723 0.626545 0.317523
724 0.363691 0.192829
725 0.227966 0.044644
726 0.435804 0.161748
727 0.417946 0.767554
728 0.226091 0.937329
729 0.657682 0.666202
730 0.696800 0.822547
731 0.781712 0.787424
732 0.449812 0.701636
733 0.916163 0.287225
734 0.438279 0.785595
735 0.141510 0.411303
736 0.720504 0.088623
737 0.716731 0.457121
738 0.638847 0.837847
739 0.044092 0.587686
740 0.158908 0.197903
741 0.519930 0.667041
742 0.860784 0.302100
743 0.963811 0.850969
744 0.317298 0.846434
745 0.450507 0.925387
746 0.095722 0.539649
747 0.096574 0.305678
748 0.508270 0.077323
749 0.826954 0.433781
750 0.283798 0.876453
751 0.332318 0.024571
752 0.051146 0.854040
753 0.677558 0.126041
754 0.441608 0.508540
755 0.012377 0.381651
756 0.119396 0.148190
757 0.113857 0.314173
758 0.308268 0.932624
759 0.606283 0.135624
760 0.885323 0.951516
761 0.068512 0.310304
762 0.020201 0.711694
763 0.828765 0.454631
764 0.373269 0.505326
765 0.458292 0.681411
766 0.208317 0.823494
767 0.178956 0.257192
768 0.334975 0.251416
769 0.913063 0.790265
770 0.425512 0.347541
771 0.488593 0.662841
772 0.448012 0.061219
773 0.808777 0.480124
774 0.341576 0.843561
775 0.348510 0.368998
776 0.906773 0.878098
777 0.981068 0.621489
778 0.258285 0.500152
779 0.439055 0.989335
780 0.387789 0.951431
781 0.357867 0.154764
782 0.616758 0.335496
783 0.217384 0.086616
784 0.789970 0.660522
785 0.046795 0.411409
786 0.409502 0.380468
787 0.415542 0.452431
788 0.313753 0.512395
789 0.589800 0.155122
790 0.460295 0.875470
791 0.389733 0.665757
792 0.255788 0.266016
793 0.519360 0.863390
794 0.357885 0.648279
795 0.660180 0.630547
796 0.922785 0.626216
797 0.137200 0.545620
798 0.429003 0.840701
799 0.023070 0.598475
800 0.464816 0.084071
801 0.314537 0.109917
802 0.437162 0.665110
803 0.743204 0.565368
804 0.696334 0.228606
805 0.148081 0.226276
806 0.372835 0.093758
807 0.947170 0.194155
808 0.193508 0.787619
809 0.895794 0.532778
810 0.104806 0.789328
811 0.889132 0.748170
812 0.523767 0.572253
813 0.262093 0.352781
814 0.326745 0.268182
815 0.540574 0.093229
816 0.326627 0.503835
817 0.091290 0.456340
818 0.388416 0.532637
819 0.352796 0.212462
820 0.590745 0.412663
821 0.716852 0.525323
822 0.370481 0.439811
823 0.480337 0.964755
824 0.454871 0.940762
825 0.850071 0.230520
826 0.784595 0.339159
827 0.451411 0.309235
828 0.776541 0.290511
829 0.797611 0.468742
830 0.708249 0.789485
831 0.587110 0.608258
832 0.065921 0.225971
833 0.224285 0.607039
834 0.635909 0.792892
835 0.899583 0.219787
836 0.868083 0.457673
837 0.063502 0.413828
838 0.931089 0.210901
839 0.660333 0.389194
840 0.714607 0.576557
841 0.116062 0.105106
842 0.173005 0.238710
843 0.900634 0.566212
844 0.550081 0.229158
845 0.940358 0.516184
846 0.953417 0.634072
847 0.278355 0.350077
848 0.047682 0.636176
849 0.429625 0.278259
850 0.440398 0.869711
851 0.437377 0.560590
852 0.489516 0.732225
853 0.552607 0.886194
854 0.230185 0.618898
855 0.861871 0.435219
856 0.965201 0.165957
857 0.747107 0.303828
858 0.370086 0.134205
859 0.470512 0.806457
860 0.976414 0.602189
861 0.740962 0.264166
862 0.076853 0.405624
863 0.075094 0.669753
864 0.109768 0.163671
865 0.087702 0.491487
866 0.144465 0.569846
867 0.664451 0.510127
868 0.957996 0.924716
869 0.762373 0.236528
870 0.510863 0.746136
871 0.199804 0.642613
872 0.454596 0.174111
873 0.821688 0.405304
874 0.551515 0.648634
875 0.803751 0.335072
876 0.798769 0.920470
877 0.113863 0.407489
878 0.088223 0.436958
879 0.726429 0.367643
880 0.681034 0.831626
881 0.552866 0.002732
882 0.675176 0.172892
883 0.713175 0.686186
884 0.337002 0.855501
885 0.060601 0.238808
886 0.935283 0.245068
887 0.726843 0.705215
888 0.263590 0.942519
889 0.692253 0.387637
890 0.200875 0.356949
891 0.991923 0.887100
892 0.757997 0.569102
893 0.248291 0.655810
894 0.031492 0.335990
895 0.643151 0.671480
896 0.867262 0.731467
897 0.468177 0.828376
898 0.071275 0.094815
899 0.775299 0.124973
900 0.817566 0.714944
901 0.797335 0.081344
902 0.388266 0.696815
903 0.614185 0.062450
904 0.308997 0.865100
905 0.801632 0.124851
906 0.486607 0.592059
907 0.241297 0.275618
908 0.593655 0.761423
909 0.205643 0.145258
910 0.333504 0.971627
911 0.663388 0.790314
912 0.839806 0.489602
913 0.702509 0.708150
914 0.588702 0.097722
915 0.957266 0.205708
916 0.798515 0.962468
917 0.457491 0.223551
918 0.187734 0.503747
919 0.307080 0.501308
920 0.185186 0.008787
921 0.943257 0.683554
922 0.642252 0.243123
923 0.290548 0.893843
924 0.113608 0.609532
925 0.171371 0.013812
926 0.446942 0.025111
927 0.003642 0.402065
928 0.947203 0.822192
929 0.893820 0.776836
930 0.386927 0.437140
931 0.061518 0.330347
932 0.259298 0.603922
933 0.166052 0.771698
934 0.184506 0.814757
935 0.136214 0.731088
936 0.381432 0.885075
937 0.372435 0.739995
938 0.183996 0.934430
939 0.670172 0.204628
940 0.951242 0.727321
941 0.927570 0.851336
942 0.822996 0.329617
943 0.752475 0.364402
944 0.194872 0.383293
945 0.942180 0.589082
946 0.117643 0.579511
947 0.941742 0.442544
948 0.579578 0.461289
949 0.789459 0.268349
950 0.297001 0.513430
951 0.153738 0.944162
952 0.665724 0.574267
953 0.847331 0.318473
954 0.594315 0.892494
955 0.514726 0.100015
956 0.592423 0.300056
957 0.772667 0.543573
958 0.765983 0.409883
959 0.062897 0.474990
960 0.791140 0.207186
961 0.028393 0.838937
962 0.252987 0.772077
963 0.047350 0.868221
964 0.102882 0.253729
965 0.860732 0.409620
966 0.436848 0.251899
967 0.924366 0.147045
968 0.704920 0.857976
969 0.469554 0.341282
970 0.302625 0.651705
971 0.762581 0.760147
972 0.896072 0.319317
973 0.551304 0.857256
974 0.577494 0.852375
975 0.386467 0.025135
976 0.575609 0.335945
977 0.876406 0.158895
978 0.911893 0.249978
979 0.632857 0.503701
980 0.387232 0.225226
981 0.571141 0.728285
982 0.615364 0.748719
983 0.696908 0.048601
984 0.949362 0.168928
985 0.873634 0.547655
986 0.662448 0.414243
987 0.608227 0.763044
988 0.519056 0.118391
989 0.451772 0.640245
990 0.742722 0.797725
991 0.065519 0.548893
992 0.131156 0.780143
993 0.888544 0.183290
994 0.927477 0.897080
995 0.505731 0.807961
996 0.639430 0.170742
997 0.321883 0.286118
998 0.492162 0.935114
999 0.505165 0.888731
2000
0 94
0 296
0 370
0 507
0 757
1 156
1 635
1 671
1 783
1 909
2 69
2 163
2 625
2 832
2 885
3 154
3 280
3 674
4 388
4 419
5 10
5 166
5 328
5 440
5 769
5 928
6 434
6 582
7 200
7 242
7 346
7 753
8 231
8 266
9 91
9 685
9 751
10 126
10 166
10 309
10 328
10 393
10 769
11 47
11 218
11 492
11 662
11 706
12 167
12 460
13 213
13 244
13 278
13 314
13 661
13 739
13 799
13 848
14 161
14 178
14 301
14 506
14 516
14 573
15 79
15 141
15 756
15 864
16 218
16 364
16 412
16 492
16 662
16 706
16 936
17 175
17 475
17 489
17 772
17 926
18 35
18 325
18 529
18 569
18 973
18 974
19 400
19 514
19 882
19 996
20 158
20 257
20 347
20 541
20 925
21 253
21 515
21 700
21 937
22 168
22 173
22 239
22 730
22 968
23 122
23 481
23 567
23 590
23 833
23 932
24 154
24 187
24 449
25 374
25 773
25 829
26 82
26 350
27 99
27 281
27 410
27 843
27 985
28 142
28 162
28 203
28 372
29 189
29 368
29 549
29 563
29 760
30 55
30 103
30 236
30 737
31 184
31 268
31 465
31 673
31 682
31 886
32 409
32 579
32 703
33 232
33 320
33 716
34 721
35 325
35 542
35 569
35 658
35 793
35 973
36 352
36 947
37 382
37 438
37 466
37 825
37 835
38 72
38 361
38 411
38 495
38 701
38 722
38 924
39 74
39 148
39 205
39 453
40 265
40 575
40 717
40 722
41 51
41 290
41 762
42 223
42 248
42 287
42 547
42 826
42 943
43 160
43 665
43 726
43 872
44 115
44 172
44 583
44 631
44 686
45 48
45 298
46 338
46 429
46 619
46 751
47 218
47 492
47 706
47 910
48 100
48 298
49 856
50 290
50 602
50 863
51 762
52 192
52 421
52 635
53 123
53 590
53 717
54 649
54 953
55 236
55 377
56 66
56 171
56 484
56 646
56 887
57 196
57 276
57 389
57 451
57 620
57 949
58 130
58 543
59 135
59 359
59 384
59 503
60 520
60 579
60 767
60 842
61 894
62 93
62 423
62 473
62 480
62 596
62 888
63 95
63 645
63 859
63 995
64 699
65 90
65 522
65 956
66 887
67 779
68 195
68 295
68 505
68 960
69 163
69 625
70 273
70 336
70 457
70 719
70 991
71 133
71 309
71 393
71 704
71 811
71 929
72 314
72 361
72 701
72 722
72 924
73 335
73 664
73 803
73 892
73 957
74 322
74 997
75 787
76 373
76 545
77 458
77 731
77 971
78 145
78 217
78 395
78 507
78 877
79 141
79 690
79 740
79 756
79 864
80 230
80 613
80 654
80 741
80 874
81 642
81 787
82 718
82 729
83 308
83 469
83 689
83 916
84 622
85 215
85 369
85 394
85 641
86 270
86 390
87 710
87 781
88 246
88 331
88 467
88 649
88 873
88 965
89 136
89 570
89 691
89 794
89 970
90 174
90 234
90 632
90 844
91 446
91 685
92 364
92 612
92 745
92 824
93 212
93 423
93 480
93 888
94 539
95 645
95 852
95 870
96 106
96 319
96 461
96 562
96 650
96 669
97 214
97 354
97 827
97 849
98 231
98 957
99 410
99 809
99 843
99 985
101 605
101 759
101 914
102 147
102 761
102 894
102 931
103 117
103 376
103 499
103 737
104 407
104 437
104 533
104 721
105 207
105 499
105 684
105 958
106 116
106 135
106 650
107 139
107 216
107 326
107 839
108 137
108 425
108 660
108 670
108 891
109 186
109 835
109 993
110 249
110 521
110 647
110 778
111 335
111 664
112 372
112 731
113 578
113 609
113 979
114 552
114 813
115 267
115 631
115 708
115 812
116 151
116 258
117 376
117 621
117 986
118 151
118 808
118 933
119 294
119 403
119 611
119 656
119 810
120 193
120 423
120 511
120 888
120 923
121 577
121 665
121 724
121 781
122 317
122 481
122 567
122 590
122 932
123 530
123 717
123 797
123 866
124 288
124 430
125 220
125 392
125 416
125 955
125 988
126 166
126 309
126 490
126 704
126 811
126 929
127 221
127 329
127 436
127 468
127 644
127 710
128 402
128 433
128 672
128 922
129 240
129 383
129 806
130 789
131 176
131 405
131 938
131 951
132 521
132 530
132 918
133 293
133 811
133 896
133 929
134 434
134 639
134 770
134 786
135 164
135 384
135 650
136 443
136 570
136 970
137 425
137 488
137 525
137 670
137 994
138 269
138 604
138 764
139 555
139 621
139 839
139 986
140 205
140 847
141 271
141 864
142 162
142 203
142 372
142 477
143 148
143 453
143 538
144 234
144 311
144 357
145 217
145 296
145 395
145 507
145 862
146 651
146 872
146 917
147 761
147 931
148 371
148 453
148 775
149 305
149 482
150 295
150 479
150 556
150 899
151 258
152 165
152 169
152 313
152 485
152 574
153 198
153 249
153 667
153 788
153 919
153 950
154 187
155 745
155 790
155 850
156 635
156 671
156 909
157 177
157 369
157 641
157 681
158 257
158 588
159 315
159 795
160 432
160 554
160 577
160 653
160 726
160 872
161 366
161 506
161 516
161 573
162 477
163 832
163 885
164 237
164 650
164 669
164 893
165 302
165 313
166 309
166 328
166 393
166 704
166 769
166 929
167 170
167 460
167 773
167 829
167 912
168 173
168 730
168 830
168 990
169 485
169 976
170 460
170 664
170 773
170 829
171 484
171 646
171 830
172 583
172 634
173 239
173 990
174 632
174 696
174 844
175 489
175 772
175 926
176 551
176 938
176 951
177 369
177 648
177 681
177 903
178 358
178 516
178 565
178 989
179 202
179 479
179 899
179 901
180 589
180 624
180 694
181 282
181 746
181 946
181 991
182 285
182 564
182 966
182 980
183 241
183 448
183 626
183 785
183 927
184 673
184 682
185 238
185 275
185 504
185 727
185 734
186 360
186 967
186 977
186 993
187 356
187 388
188 442
188 806
188 858
189 333
189 776
189 994
190 729
190 795
190 895
191 345
191 371
192 421
192 635
193 270
193 423
194 327
194 378
194 381
194 502
194 598
194 735
195 211
195 576
196 276
196 389
196 523
196 620
196 742
197 318
198 249
198 667
198 950
199 270
200 208
200 235
200 242
200 753
201 917
201 966
202 367
202 479
202 899
202 901
202 905
203 298
203 372
204 284
204 418
204 640
204 998
205 847
206 299
206 457
206 585
207 223
207 246
207 467
207 684
207 958
208 235
208 514
208 648
208 753
209 262
209 570
209 970
210 287
210 404
210 826
210 828
210 857
210 875
211 415
211 576
211 607
212 426
212 678
213 244
213 584
213 592
213 739
213 799
214 354
214 770
214 827
214 969
215 394
216 326
217 296
217 507
217 598
217 877
218 398
218 492
218 544
218 662
218 706
219 550
219 659
219 921
220 543
220 988
221 329
221 586
222 302
222 474
222 820
222 948
223 547
223 826
223 943
224 653
224 800
225 419
225 582
225 712
226 450
226 603
226 840
227 597
227 623
227 698
228 365
228 595
228 746
228 865
229 293
229 458
229 896
229 900
230 572
230 613
230 654
231 266
232 315
232 716
232 840
232 952
233 289
233 431
233 444
234 311
234 844
235 514
235 753
236 320
236 867
237 532
237 650
237 669
237 871
237 893
238 247
238 275
238 497
238 732
239 730
239 880
239 968
240 383
240 429
240 975
241 448
241 585
241 626
242 346
242 736
243 355
243 544
243 662
243 774
243 884
243 936
244 592
244 661
244 799
244 848
245 798
246 251
246 331
246 467
246 749
246 873
247 497
247 732
247 765
247 852
248 260
248 287
248 547
248 637
248 879
248 943
249 647
249 667
249 778
249 950
250 351
250 496
250 695
251 374
251 467
251 749
251 763
251 873
252 643
252 714
253 275
253 515
253 727
253 937
254 305
254 405
254 498
255 517
255 558
255 608
255 841
256 681
256 695
256 903
256 914
257 588
257 925
258 962
259 545
259 744
259 750
259 904
260 287
260 547
260 637
260 879
260 943
261 310
261 618
261 733
262 317
262 932
263 534
263 571
263 796
263 846
263 945
264 399
264 503
264 707
265 337
265 532
265 871
266 281
266 410
267 449
267 518
267 686
267 812
268 465
268 682
268 838
268 886
268 915
269 764
269 818
271 391
271 805
271 964
272 494
272 697
272 933
272 935
272 992
273 282
273 991
274 363
274 526
274 535
274 557
274 711
274 738
274 834
275 727
276 438
276 620
276 742
277 341
277 475
277 636
277 975
278 314
278 924
279 322
279 483
279 768
279 814
279 997
280 356
280 474
280 674
280 948
281 410
281 985
282 746
282 991
283 464
283 836
283 855
283 965
284 418
284 640
284 823
284 998
285 483
285 564
285 638
286 790
286 798
286 850
286 897
287 404
287 547
287 637
287 857
288 488
288 868
289 431
289 589
289 860
290 303
290 323
290 863
291 351
292 422
292 574
292 628
293 458
294 494
294 611
294 656
294 810
295 367
295 899
296 343
296 370
296 507
296 757
297 321
297 486
299 448
299 457
299 959
300 529
300 557
300 738
300 974
301 472
301 573
301 791
302 326
302 820
303 323
303 661
303 676
303 848
304 428
304 501
304 839
306 334
306 546
306 784
307 456
307 505
307 869
308 435
309 393
309 704
309 769
309 811
309 929
310 618
310 682
310 733
310 886
310 978
311 844
312 447
312 524
312 895
314 924
315 840
315 952
316 478
316 687
316 755
317 481
317 932
318 595
318 666
319 461
319 562
320 716
320 821
320 867
321 322
321 486
321 792
321 907
322 486
322 997
323 493
323 661
323 676
323 863
324 332
324 791
324 902
325 658
325 688
326 820
327 378
327 502
327 598
327 735
327 944
328 769
329 468
329 586
330 508
330 555
330 578
331 467
331 560
331 649
331 873
332 472
332 497
332 610
332 791
332 902
333 776
334 692
334 784
335 821
336 584
336 719
337 532
337 705
337 833
337 854
337 871
338 512
338 619
339 402
339 433
339 922
340 348
340 471
340 688
340 870
341 975
342 368
342 563
342 677
342 683
343 370
343 747
343 757
343 761
343 931
344 406
344 500
344 725
344 783
345 822
345 930
346 983
347 541
347 558
348 417
348 471
348 688
349 418
349 779
349 823
350 718
350 883
351 496
351 881
352 464
352 947
353 494
353 697
353 933
353 992
354 770
354 827
355 774
355 884
356 559
356 712
357 715
358 565
358 572
358 675
358 906
359 399
360 967
360 984
361 411
361 493
361 701
361 863
362 485
362 522
362 956
362 976
363 535
363 557
363 657
363 711
363 834
364 780
365 595
365 746
365 865
366 573
366 691
366 794
367 415
367 899
367 905
368 549
368 563
368 677
368 683
369 641
370 580
370 587
370 747
370 757
371 639
371 775
373 396
373 545
374 749
374 763
374 773
374 829
375 581
375 964
376 508
376 986
377 385
377 578
377 867
377 979
378 502
378 598
378 944
379 503
379 709
380 490
380 896
381 502
381 735
382 438
382 835
382 978
383 475
383 636
383 975
385 867
385 979
386 542
386 569
386 853
386 954
386 973
386 974
387 580
387 713
388 615
388 754
389 451
389 620
389 949
390 482
390 766
391 805
391 964
392 432
392 653
392 872
393 440
393 769
393 929
394 681
394 695
394 903
395 478
395 507
395 862
396 545
396 553
396 962
397 504
397 645
397 734
397 859
398 544
398 662
399 553
399 962
400 556
400 753
400 882
401 671
402 433
402 672
402 715
402 922
403 699
403 961
404 547
404 828
404 857
405 951
406 427
406 500
407 437
407 462
407 778
408 622
408 756
408 841
409 586
409 703
410 985
411 495
411 509
411 527
411 701
412 492
412 662
412 936
413 694
413 809
413 845
414 428
414 463
414 723
414 782
415 576
415 607
415 905
416 519
416 599
416 815
416 955
416 988
417 439
417 908
417 981
417 987
418 823
420 692
420 698
421 635
422 574
422 628
423 728
423 888
424 615
424 754
424 851
425 476
425 525
425 591
425 660
425 743
425 941
426 758
427 512
429 751
429 975
430 435
430 760
431 600
431 777
431 860
432 554
432 653
432 726
432 872
433 922
434 786
435 760
436 644
436 710
436 724
436 819
437 533
437 918
438 978
439 908
439 981
439 982
439 987
440 614
440 769
440 941
441 456
441 804
442 806
442 858
443 503
443 570
445 778
445 788
445 919
445 950
446 685
447 524
447 895
448 626
449 518
449 812
450 603
450 623
450 803
450 892
451 620
451 949
452 498
452 752
452 963
454 571
454 659
454 714
454 796
455 466
455 620
455 825
456 804
456 869
458 900
459 514
459 605
459 759
459 789
459 996
460 664
460 957
461 562
462 721
463 522
463 723
463 782
463 956
465 673
465 807
465 915
466 825
467 560
467 873
468 710
469 528
469 689
469 916
470 606
470 720
470 836
470 912
471 688
472 497
472 616
472 732
472 802
473 480
473 596
475 636
475 926
476 525
476 660
476 743
476 928
476 941
478 687
479 899
480 596
480 728
481 590
481 647
481 932
482 668
482 934
483 638
483 768
483 814
483 997
484 646
484 971
485 574
485 976
486 792
486 907
487 518
487 572
487 629
487 812
487 906
488 670
488 868
488 994
490 550
490 704
490 811
491 531
491 699
491 752
491 961
491 963
492 662
492 706
492 780
493 676
493 863
494 656
494 810
494 992
495 509
495 701
495 722
496 695
496 881
497 732
499 684
499 737
500 725
500 783
501 593
501 621
501 839
501 889
504 727
504 734
506 516
506 565
508 555
508 986
509 527
509 602
510 632
511 758
511 888
511 923
512 619
512 801
513 617
513 818
514 605
514 753
515 700
515 709
515 937
516 565
517 608
517 630
517 898
518 629
518 812
519 599
519 988
520 907
521 647
522 956
522 976
523 742
523 942
523 953
525 660
525 743
525 928
525 941
526 711
526 738
526 880
527 602
527 701
528 663
528 677
528 876
528 916
529 535
529 569
529 974
530 666
530 797
531 699
531 961
532 562
532 669
532 871
534 600
534 777
534 846
534 860
535 557
535 657
535 834
536 611
536 656
537 554
539 890
540 742
540 972
541 558
542 793
542 853
542 973
544 662
544 884
544 936
546 597
547 637
547 826
547 879
547 943
548 764
548 818
549 563
549 683
549 760
550 659
550 680
550 921
552 813
552 847
554 653
554 726
557 711
557 738
558 841
559 712
560 649
560 875
561 834
561 911
562 669
563 677
563 683
563 760
564 633
564 980
565 851
566 748
566 815
566 955
567 590
567 705
567 833
567 854
567 932
568 581
568 625
569 973
569 974
570 970
571 796
571 846
572 613
572 629
572 679
572 906
573 791
573 794
574 976
575 717
575 866
576 607
576 655
577 858
578 979
579 842
580 587
580 713
580 747
580 757
581 625
581 885
581 964
582 712
583 631
583 831
584 739
584 799
585 626
587 747
587 757
588 783
589 860
589 945
590 705
590 833
591 660
591 743
591 891
592 799
593 879
593 889
594 827
594 969
595 865
598 735
599 815
599 914
600 777
600 860
601 702
601 831
602 935
603 803
603 840
603 892
604 822
604 930
605 759
606 720
606 836
607 655
608 630
608 898
609 674
610 709
610 902
610 937
611 656
612 745
612 779
612 824
613 654
613 679
613 771
614 776
614 941
616 765
616 802
616 989
617 851
618 682
619 801
619 806
621 839
621 889
621 986
623 698
624 694
624 845
625 885
627 966
628 969
629 675
629 812
629 906
630 898
631 652
631 708
631 831
633 644
633 724
633 819
633 980
635 909
636 926
636 975
637 879
638 814
638 997
639 786
640 998
642 754
643 714
644 724
644 819
645 859
648 903
650 669
651 872
651 917
652 708
652 831
653 726
654 679
654 741
654 771
655 977
655 993
656 810
657 834
657 908
657 987
658 688
658 995
660 743
660 891
661 676
661 848
662 936
663 677
663 683
663 876
663 916
664 957
665 724
667 778
667 788
667 919
667 950
668 766
668 934
670 868
670 994
671 909
672 715
672 922
674 948
675 906
676 848
676 863
677 683
677 876
678 910
679 771
679 989
680 921
680 940
681 695
681 903
682 886
684 958
685 751
687 755
687 894
690 740
692 698
692 784
693 874
694 845
696 844
697 933
697 992
699 961
700 707
700 709
700 937
701 722
702 874
704 811
704 929
705 833
705 854
706 780
708 831
709 937
711 738
711 834
711 880
711 911
715 922
716 821
717 866
718 729
718 883
718 913
720 912
722 924
723 782
724 819
726 872
727 734
729 895
730 830
730 880
731 971
732 765
735 877
739 799
740 805
741 771
742 953
743 928
744 774
744 884
744 904
745 824
746 991
747 757
747 761
748 955
749 763
749 855
749 873
750 904
750 923
752 961
752 963
755 927
756 864
759 789
761 931
763 773
763 829
764 818
765 771
765 802
766 934
767 842
768 814
769 929
772 800
773 829
773 912
774 884
776 941
776 994
777 846
777 860
781 858
785 837
785 862
787 930
788 816
788 919
788 950
790 850
791 902
792 907
793 973
793 999
796 846
797 866
798 850
802 989
803 840
803 892
804 939
805 842
807 838
807 856
807 915
807 984
808 933
808 934
809 843
809 985
810 992
811 896
811 929
813 847
814 997
815 955
815 988
816 919
816 950
817 865
817 878
817 959
822 930
823 824
823 998
826 875
828 857
828 949
830 990
832 885
833 854
833 932
834 911
835 838
835 978
836 855
837 862
837 878
838 886
838 915
839 889
839 986
843 985
849 966
852 870
853 973
854 932
855 965
856 984
859 897
859 995
861 869
862 878
865 959
866 946
867 979
875 942
879 943
880 968
882 939
883 887
883 913
884 904
886 978
887 913
890 944
892 957
894 931
899 905
904 923
908 982
908 987
917 966
919 950
920 925
924 946
928 941
938 951
942 953
955 988
961 963
967 984
973 974
977 993
982 987
