1000
0 0.543462 0.321352
1 0.457585 0.975510
2 0.424232 0.594116
3 0.096428 0.959918
4 0.566757 0.894144
5 0.252780 0.711978
6 0.220287 0.592584
7 0.661341 0.418366
8 0.376306 0.596599
9 0.357829 0.416008
10 0.618026 0.907398
11 0.393230 0.725827
12 0.689428 0.481357
13 0.464519 0.595788
14 0.191452 0.576258
15 0.302895 0.865156
16 0.056272 0.232963
17 0.444132 0.639593
18 0.736504 0.184015
19 0.643147 0.634693
20 0.685990 0.550138
21 0.637038 0.962194
22 0.302101 0.905236
23 0.381995 0.904583
24 0.369172 0.548008
25 0.995155 0.329359
26 0.564941 0.970143
27 0.557130 0.876434
28 0.609603 0.399125
29 0.376575 0.956333
30 0.805897 0.689071
31 0.678763 0.565259
32 0.669157 0.394383
33 0.349683 0.882019
34 0.161527 0.291866
35 0.203702 0.977611
36 0.356400 0.713116
37 0.945035 0.368403
38 0.559266 0.680628
39 0.951689 0.434047
40 0.052511 0.629212
41 0.716811 0.928491
42 0.660732 0.661603
43 0.379844 0.487262
44 0.396726 0.195931
45 0.747685 0.172303
46 0.707300 0.759197
47 0.726644 0.075499
48 0.340937 0.696250
49 0.925132 0.538016
50 0.575677 0.491546
51 0.352168 0.775900
52 0.555455 0.448922
53 0.653277 0.800875
54 0.802552 0.237557
55 0.233583 0.793655
56 0.674794 0.467633
57 0.410497 0.622514
58 0.399669 0.994812
59 0.514222 0.895605
60 0.519158 0.405045
61 0.723343 0.915078
62 0.572417 0.856387
63 0.075795 0.585493
64 0.113661 0.243077
65 0.789745 0.168134
66 0.907846 0.439802
67 0.317236 0.409528
68 0.038216 0.270946
69 0.584323 0.926116
70 0.711105 0.582802
71 0.219496 0.876968
72 0.920675 0.504206
73 0.006422 0.759183
74 0.678893 0.668584
75 0.657944 0.604850
76 0.634658 0.901691
77 0.342019 0.809920
78 0.455676 0.496314
79 0.784805 0.232132
80 0.080831 0.323810
81 0.768044 0.333680
82 0.103503 0.673544
83 0.804929 0.216570
84 0.075056 0.722213
85 0.053132 0.674168
86 0.070566 0.509523
87 0.721616 0.421906
88 0.087375 0.366449
89 0.412042 0.522523
90 0.170361 0.537579
91 0.291164 0.365730
92 0.905451 0.354088
93 0.948295 0.335867
94 0.803597 0.864013
95 0.753759 0.808126
96 0.173816 0.796730
97 0.869225 0.330385
98 0.761705 0.888776
99 0.251534 0.382291
100 0.549499 0.519838
101 0.407118 0.783447
102 0.710056 0.528135
103 0.026297 0.730787
104 0.153117 0.403775
105 0.565395 0.935526
106 0.678612 0.963522
107 0.078716 0.478826
108 0.630089 0.490095
109 0.702243 0.610458
110 0.262272 0.447236
111 0.551956 0.975747
112 0.332190 0.546871
113 0.221764 0.783640
114 0.664085 0.335947
115 0.330246 0.776835
116 0.008931 0.470311
117 0.479231 0.244817
118 0.103405 0.522473
119 0.709105 0.196975
120 0.236456 0.859403
121 0.999115 0.690019
122 0.788566 0.438751
123 0.759401 0.255137
124 0.324389 0.338759
125 0.929499 0.604826
126 0.390559 0.474616
127 0.740736 0.889633
128 0.384352 0.847359
129 0.711361 0.177589
130 0.133205 0.496113
131 0.535795 0.748342
132 0.547397 0.895517
133 0.040226 0.426018
134 0.381719 0.517928
135 0.716863 0.788298
136 0.026151 0.698124
137 0.359682 0.839966
138 0.390585 0.620304
139 0.899015 0.484261
140 0.219796 0.484942
141 0.496067 0.894655
142 0.689176 0.768375
143 0.504755 0.491774
144 0.271046 0.817275
145 0.144404 0.348458
146 0.181943 0.962789
147 0.018434 0.153377
148 0.282917 0.804578
149 0.245676 0.932176
150 0.787591 0.201830
151 0.544647 0.815951
152 0.849310 0.607326
153 0.694457 0.331204
154 0.835275 0.249571
155 0.533437 0.838732
156 0.413434 0.893039
157 0.205008 0.748631
158 0.005635 0.579296
159 0.301244 0.381009
160 0.103727 0.254888
161 0.677914 0.866488
162 0.038888 0.227189
163 0.346618 0.456872
164 0.084741 0.800586
165 0.378229 0.814267
166 0.285514 0.407990
167 0.488931 0.294219
168 0.804911 0.333437
169 0.251811 0.801545
170 0.433550 0.987085
171 0.599695 0.574706
172 0.257483 0.546935
173 0.295902 0.622338
174 0.689147 0.589393
175 0.313113 0.938824
176 0.050147 0.295670
177 0.430727 0.324412
178 0.109347 0.804107
179 0.116716 0.783854
180 0.857849 0.428551
181 0.818255 0.612153
182 0.758932 0.568496
183 0.460216 0.424538
184 0.743261 0.125653
185 0.182567 0.627782
186 0.921121 0.555837
187 0.187110 0.428023
188 0.695054 0.918603
189 0.376802 0.867797
190 0.583187 0.953553
191 0.621808 0.730764
192 0.155411 0.955239
193 0.810639 0.482693
194 0.943639 0.505581
195 0.546237 0.867852
196 0.048167 0.764016
197 0.136918 0.230405
198 0.269522 0.554403
199 0.048131 0.520126
200 0.873455 0.304925
201 0.209721 0.686205
202 0.911507 0.318735
203 0.404941 0.813046
204 0.402160 0.223752
205 0.455861 0.221280
206 0.419239 0.487378
207 0.349693 0.571096
208 0.177824 0.607119
209 0.627858 0.917644
210 0.447166 0.946166
211 0.298983 0.731353
212 0.291254 0.575809
213 0.312802 0.792777
214 0.759204 0.785750
215 0.988000 0.615117
216 0.616407 0.984926
217 0.788628 0.601790
218 0.109863 0.370339
219 0.011624 0.298810
220 0.288547 0.890986
221 0.611174 0.475365
222 0.901624 0.592433
223 0.016538 0.771209
224 0.760630 0.437783
225 0.722636 0.990275
226 0.525875 0.479322
227 0.870407 0.700676
228 0.716449 0.478598
229 0.248543 0.527612
230 0.509277 0.367765
231 0.329116 0.598503
232 0.115120 0.511236
233 0.012580 0.247846
234 0.657636 0.576884
235 0.266453 0.939941
236 0.589669 0.696136
237 0.026540 0.143382
238 0.452498 0.934644
239 0.094424 0.728366
240 0.529806 0.459408
241 0.508691 0.626724
242 0.270897 0.702007
243 0.825063 0.196882
244 0.674332 0.989803
245 0.626342 0.647163
246 0.520915 0.525891
247 0.390567 0.501073
248 0.225128 0.551990
249 0.542903 0.731636
250 0.029152 0.511793
251 0.229902 0.536191
252 0.205060 0.955389
253 0.508909 0.963808
254 0.905887 0.297713
255 0.097594 0.659870
256 0.901470 0.704497
257 0.801720 0.730745
258 0.331359 0.372486
259 0.513878 0.280020
260 0.584738 0.409006
261 0.187647 0.552034
262 0.427908 0.654787
263 0.725306 0.390210
264 0.096692 0.343415
265 0.531292 0.604844
266 0.472690 0.894671
267 0.665895 0.782500
268 0.926339 0.462869
269 0.546055 0.773054
270 0.431344 0.832807
271 0.859630 0.215477
272 0.148495 0.292844
273 0.572629 0.789010
274 0.162693 0.251888
275 0.875647 0.513351
276 0.319359 0.805463
277 0.207584 0.819698
278 0.865615 0.684065
279 0.931894 0.671832
280 0.985559 0.645673
281 0.869099 0.350516
282 0.464801 0.623834
283 0.555125 0.502353
284 0.513377 0.982697
285 0.011971 0.637409
286 0.318442 0.555979
287 0.879294 0.582632
288 0.109487 0.229284
289 0.471325 0.672557
290 0.549514 0.402065
291 0.309215 0.893411
292 0.041095 0.539141
293 0.694089 0.995118
294 0.088857 0.382118
295 0.791797 0.879644
296 0.409178 0.843003
297 0.639005 0.371264
298 0.273392 0.715808
299 0.414839 0.699246
300 0.112282 0.495511
301 0.773964 0.885099
302 0.029044 0.569742
303 0.071801 0.570860
304 0.416010 0.377537
305 0.681276 0.722116
306 0.500588 0.270562
307 0.798788 0.709496
308 0.421588 0.242659
309 0.194095 0.657469
310 0.781687 0.589353
311 0.952742 0.465358
312 0.107414 0.651057
313 0.757818 0.150721
314 0.518372 0.874281
315 0.063083 0.710201
316 0.366366 0.458992
317 0.595385 0.874759
318 0.626335 0.867146
319 0.893138 0.496064
320 0.042893 0.455286
321 0.298454 0.650366
322 0.084430 0.300240
323 0.711026 0.505166
324 0.238516 0.985189
325 0.191708 0.932027
326 0.275797 0.425709
327 0.562823 0.651609
328 0.636537 0.992790
329 0.122462 0.256209
330 0.352623 0.951724
331 0.027469 0.212912
332 0.853927 0.644186
333 0.258265 0.994421
334 0.828198 0.281505
335 0.176119 0.674085
336 0.888502 0.341808
337 0.134748 0.328984
338 0.124767 0.393243
339 0.592415 0.898217
340 0.749256 0.229523
341 0.586485 0.966574
342 0.069749 0.681603
343 0.694594 0.902136
344 0.806956 0.177697
345 0.597177 0.475809
346 0.828778 0.558271
347 0.693013 0.434244
348 0.493260 0.605625
349 0.649247 0.895423
350 0.999468 0.603983
351 0.012702 0.600090
352 0.865635 0.614602
353 0.844260 0.579637
354 0.375758 0.830179
355 0.722074 0.212563
356 0.536099 0.994987
357 0.681523 0.339570
358 0.178651 0.516886
359 0.708710 0.360970
360 0.488114 0.635315
361 0.810411 0.441422
362 0.361858 0.537302
363 0.294661 0.516441
364 0.477477 0.952699
365 0.436431 0.617076
366 0.143910 0.315028
367 0.094858 0.640275
368 0.056838 0.358126
369 0.963127 0.619195
370 0.137298 0.980556
371 0.922738 0.641351
372 0.595225 0.647338
373 0.553464 0.762006
374 0.430836 0.537342
375 0.917462 0.394105
376 0.715614 0.613929
377 0.543580 0.373615
378 0.385234 0.936143
379 0.157565 0.752165
380 0.974984 0.356969
381 0.277013 0.388479
382 0.488236 0.439721
383 0.899487 0.611098
384 0.452994 0.993842
385 0.417764 0.464570
386 0.515244 0.778966
387 0.536846 0.905538
388 0.156461 0.210806
389 0.789407 0.486052
390 0.750886 0.095373
391 0.266873 0.533748
392 0.901691 0.375001
393 0.911446 0.463636
394 0.189106 0.339538
395 0.364067 0.883577
396 0.890930 0.570559
397 0.273441 0.347625
398 0.490178 0.524994
399 0.671006 0.358704
400 0.516493 0.418998
401 0.132909 0.630757
402 0.054502 0.334467
403 0.032588 0.654777
404 0.426249 0.728990
405 0.520669 0.651857
406 0.827995 0.448914
407 0.742501 0.198255
408 0.856990 0.298814
409 0.344439 0.377717
410 0.768123 0.121117
411 0.173752 0.447128
412 0.810763 0.534691
413 0.415989 0.714565
414 0.746613 0.358460
415 0.130093 0.373561
416 0.320774 0.664265
417 0.476393 0.228571
418 0.022162 0.428787
419 0.701082 0.860808
420 0.468014 0.367282
421 0.941088 0.410740
422 0.782916 0.462528
423 0.244454 0.955195
424 0.493519 0.799934
425 0.232707 0.449646
426 0.787616 0.623708
427 0.096366 0.697122
428 0.936282 0.581175
429 0.472379 0.856475
430 0.271272 0.318809
431 0.662815 0.770131
432 0.937793 0.625025
433 0.833723 0.460645
434 0.193706 0.992429
435 0.756772 0.514913
436 0.786640 0.850687
437 0.155374 0.464449
438 0.035073 0.527906
439 0.942008 0.314658
440 0.239473 0.493789
441 0.238595 0.517749
442 0.883855 0.407821
443 0.681124 0.976602
444 0.761802 0.764845
445 0.352120 0.732694
446 0.397624 0.753116
447 0.034091 0.286611
448 0.061436 0.394832
449 0.553411 0.428607
450 0.669358 0.885601
451 0.476092 0.447608
452 0.667821 0.709428
453 0.432768 0.781247
454 0.681084 0.516284
455 0.688370 0.531848
456 0.373654 0.973026
457 0.174529 0.280689
458 0.189302 0.711407
459 0.539786 0.293779
460 0.649497 0.938247
461 0.157311 0.275575
462 0.611207 0.555518
463 0.944465 0.692000
464 0.264822 0.745754
465 0.522499 0.338417
466 0.290319 0.763464
467 0.203482 0.590069
468 0.656914 0.870069
469 0.557919 0.856016
470 0.371030 0.802340
471 0.403032 0.608741
472 0.221599 0.753677
473 0.008639 0.433292
474 0.444467 0.796415
475 0.108220 0.931629
476 0.795254 0.310103
477 0.418319 0.762151
478 0.756350 0.608393
479 0.433414 0.577478
480 0.702915 0.418906
481 0.841222 0.237741
482 0.369342 0.571889
483 0.734680 0.725074
484 0.315116 0.580121
485 0.460178 0.767387
486 0.719187 0.087967
487 0.517322 0.702303
488 0.169473 0.420283
489 0.200019 0.418141
490 0.906688 0.528962
491 0.858071 0.657415
492 0.424419 0.298185
493 0.165975 0.591585
494 0.886133 0.301054
495 0.994376 0.677147
496 0.135351 0.530342
497 0.493067 0.319648
498 0.715339 0.635831
499 0.357430 0.976310
500 0.227369 0.500977
501 0.372241 0.935918
502 0.053038 0.268005
503 0.156221 0.783772
504 0.725777 0.295855
505 0.351531 0.759226
506 0.166979 0.977345
507 0.349124 0.536540
508 0.065514 0.314905
509 0.050664 0.599685
510 0.527352 0.693242
511 0.101423 0.538062
512 0.022593 0.628526
513 0.428748 0.456987
514 0.300531 0.331685
515 0.734998 0.467265
516 0.288426 0.706918
517 0.503224 0.859785
518 0.800696 0.812402
519 0.845914 0.545969
520 0.904546 0.392340
521 0.314197 0.465310
522 0.516863 0.808521
523 0.424388 0.915585
524 0.639194 0.603134
525 0.677761 0.836488
526 0.138681 0.782130
527 0.259328 0.897400
528 0.294253 0.531276
529 0.668507 0.816893
530 0.677456 0.762321
531 0.564677 0.460047
532 0.598209 0.811254
533 0.111067 0.558957
534 0.270512 0.520481
535 0.039265 0.406186
536 0.235218 0.367855
537 0.261110 0.339705
538 0.255696 0.839621
539 0.773431 0.827133
540 0.909178 0.514003
541 0.250380 0.500972
542 0.003172 0.321167
543 0.342994 0.671642
544 0.464065 0.921549
545 0.964122 0.633193
546 0.691550 0.652460
547 0.626073 0.532738
548 0.595755 0.947253
549 0.576688 0.717461
550 0.106447 0.737824
551 0.911329 0.335155
552 0.771878 0.511953
553 0.023278 0.755964
554 0.013455 0.680496
555 0.535657 0.979881
556 0.192563 0.318700
557 0.136116 0.940795
558 0.650356 0.488783
559 0.657241 0.528701
560 0.122820 0.445994
561 0.850800 0.621017
562 0.775186 0.277537
563 0.659686 0.698329
564 0.295257 0.936116
565 0.335777 0.586581
566 0.906073 0.421458
567 0.808935 0.421424
568 0.215361 0.445871
569 0.738855 0.582385
570 0.122540 0.984763
571 0.011715 0.190951
572 0.727838 0.669096
573 0.495027 0.253041
574 0.128018 0.463596
575 0.073541 0.427398
576 0.881173 0.535506
577 0.536054 0.507660
578 0.004536 0.217740
579 0.687003 0.320681
580 0.552750 0.834334
581 0.753122 0.381722
582 0.216016 0.861971
583 0.725996 0.686782
584 0.607157 0.602041
585 0.669262 0.499197
586 0.342184 0.509453
587 0.147038 0.519522
588 0.198221 0.375593
589 0.559910 0.309612
590 0.294091 0.827990
591 0.343723 0.786679
592 0.545810 0.921487
593 0.487833 0.920659
594 0.439954 0.883607
595 0.555820 0.668319
596 0.072175 0.698815
597 0.826323 0.839799
598 0.696707 0.189666
599 0.733925 0.433212
600 0.655339 0.513360
601 0.035435 0.172102
602 0.242880 0.900442
603 0.497630 0.946574
604 0.775638 0.245173
605 0.534325 0.525094
606 0.053904 0.571144
607 0.108470 0.470332
608 0.516689 0.451626
609 0.572164 0.434952
610 0.721310 0.169108
611 0.373610 0.989567
612 0.179720 0.737125
613 0.491361 0.362006
614 0.540858 0.416385
615 0.110627 0.304046
616 0.233178 0.760394
617 0.234678 0.739189
618 0.762361 0.306730
619 0.285312 0.457585
620 0.488896 0.488098
621 0.625080 0.849451
622 0.077193 0.446663
623 0.610720 0.638990
624 0.454598 0.878112
625 0.723022 0.941935
626 0.090212 0.770027
627 0.344512 0.441223
628 0.423510 0.277166
629 0.760936 0.530503
630 0.600399 0.715293
631 0.469967 0.317573
632 0.420266 0.576067
633 0.817955 0.699129
634 0.717675 0.270998
635 0.774032 0.636608
636 0.804048 0.267913
637 0.781127 0.870183
638 0.976041 0.669360
639 0.481160 0.656582
640 0.041200 0.555362
641 0.726442 0.648298
642 0.046383 0.242611
643 0.203857 0.769698
644 0.305551 0.610825
645 0.982477 0.631433
646 0.606439 0.490204
647 0.605376 0.828596
648 0.432254 0.807674
649 0.831516 0.721818
650 0.384980 0.657185
651 0.717518 0.871768
652 0.677403 0.898726
653 0.336724 0.653797
654 0.352935 0.399940
655 0.069278 0.381505
656 0.735901 0.274863
657 0.484008 0.778139
658 0.907119 0.578281
659 0.106527 0.772743
660 0.614229 0.806705
661 0.803491 0.753858
662 0.160751 0.648391
663 0.867173 0.403660
664 0.409807 0.910580
665 0.194238 0.536189
666 0.605945 0.962051
667 0.733880 0.551453
668 0.815622 0.654172
669 0.084774 0.740443
670 0.132930 0.658436
671 0.502195 0.516830
672 0.127308 0.998585
673 0.322275 0.819335
674 0.435269 0.406888
675 0.009443 0.483566
676 0.756543 0.908234
677 0.699909 0.313512
678 0.644873 0.982807
679 0.795108 0.661163
680 0.268281 0.972596
681 0.250463 0.975914
682 0.471568 0.908259
683 0.733511 0.345747
684 0.500709 0.424292
685 0.538655 0.339678
686 0.254927 0.311294
687 0.360008 0.823623
688 0.587486 0.636342
689 0.369632 0.637518
690 0.732584 0.568985
691 0.587779 0.776547
692 0.139750 0.924680
693 0.281579 0.501622
694 0.164359 0.362829
695 0.743031 0.924865
696 0.523126 0.359863
697 0.939922 0.545224
698 0.825223 0.682034
699 0.723698 0.134635
700 0.063237 0.956806
701 0.396920 0.237462
702 0.692651 0.251300
703 0.747627 0.625038
704 0.125840 0.355475
705 0.354189 0.643105
706 0.216524 0.980947
707 0.069812 0.662028
708 0.039790 0.315172
709 0.869367 0.388186
710 0.233130 0.338812
711 0.187788 0.399208
712 0.530598 0.629604
713 0.131091 0.584733
714 0.408373 0.686332
715 0.280572 0.997530
716 0.452870 0.365678
717 0.722827 0.773808
718 0.575798 0.908533
719 0.064491 0.621650
720 0.836580 0.590103
721 0.265162 0.585365
722 0.743941 0.419646
723 0.439461 0.249903
724 0.515038 0.318083
725 0.010561 0.556406
726 0.032470 0.679169
727 0.331561 0.933862
728 0.239230 0.968188
729 0.080467 0.401791
730 0.509519 0.231655
731 0.304068 0.475136
732 0.444177 0.513593
733 0.653091 0.817897
734 0.418821 0.991894
735 0.231644 0.293430
736 0.186041 0.239533
737 0.350387 0.911745
738 0.200273 0.434711
739 0.154481 0.543385
740 0.427798 0.938055
741 0.835650 0.427051
742 0.192252 0.612103
743 0.829016 0.333241
744 0.158245 0.732032
745 0.199073 0.623684
746 0.066730 0.533135
747 0.029133 0.484395
748 0.516669 0.672116
749 0.060171 0.468591
750 0.530871 0.934993
751 0.086383 0.536164
752 0.347086 0.473015
753 0.747835 0.777320
754 0.502372 0.455009
755 0.722561 0.328386
756 0.690338 0.421211
757 0.141781 0.620020
758 0.696390 0.833202
759 0.123870 0.923578
760 0.077313 0.941930
761 0.082582 0.975445
762 0.012253 0.266183
763 0.857007 0.588990
764 0.572228 0.759595
765 0.576351 0.820600
766 0.959194 0.374120
767 0.180203 0.690494
768 0.415556 0.403000
769 0.751729 0.657611
770 0.887213 0.384868
771 0.473548 0.478931
772 0.819196 0.218389
773 0.808101 0.633712
774 0.136303 0.300458
775 0.588064 0.428509
776 0.355837 0.490015
777 0.220908 0.802741
778 0.754103 0.745075
779 0.330365 0.753324
780 0.630362 0.947510
781 0.540521 0.684190
782 0.965122 0.331528
783 0.154383 0.421387
784 0.561850 0.473227
785 0.604774 0.887607
786 0.482229 0.504406
787 0.450631 0.724571
788 0.636824 0.747296
789 0.823539 0.641476
790 0.014831 0.513107
791 0.162463 0.306951
792 0.279172 0.924297
793 0.181567 0.765060
794 0.186260 0.781623
795 0.152133 0.940448
796 0.835573 0.414078
797 0.508200 0.549163
798 0.485414 0.397576
799 0.964853 0.522619
800 0.774840 0.178284
801 0.626819 0.761687
802 0.050073 0.154491
803 0.720229 0.227405
804 0.448391 0.388044
805 0.699853 0.703643
806 0.256030 0.472878
807 0.444348 0.595287
808 0.404112 0.325988
809 0.889805 0.355695
810 0.411505 0.950359
811 0.812831 0.258713
812 0.638577 0.816141
813 0.561482 0.956152
814 0.798783 0.644505
815 0.722153 0.747423
816 0.673337 0.448867
817 0.486267 0.590844
818 0.919020 0.363940
819 0.409155 0.736973
820 0.702647 0.066980
821 0.220889 0.909988
822 0.924387 0.517003
823 0.384638 0.754959
824 0.618306 0.658012
825 0.029035 0.600338
826 0.834320 0.628056
827 0.142850 0.396024
828 0.828852 0.363347
829 0.982835 0.395325
830 0.226706 0.522097
831 0.224171 0.405395
832 0.303501 0.698937
833 0.331213 0.434552
834 0.213792 0.640678
835 0.541742 0.280483
836 0.331082 0.531287
837 0.318645 0.917911
838 0.038384 0.377384
839 0.034938 0.202518
840 0.392115 0.209356
841 0.456938 0.325580
842 0.285853 0.440873
843 0.838430 0.865013
844 0.852555 0.819021
845 0.871969 0.497690
846 0.074867 0.914767
847 0.301939 0.568725
848 0.835028 0.523388
849 0.945078 0.294287
850 0.000192 0.631063
851 0.159964 0.492092
852 0.708247 0.970785
853 0.425963 0.419552
854 0.627653 0.503764
855 0.294813 0.590066
856 0.144267 0.361580
857 0.993054 0.656138
858 0.455773 0.892969
859 0.481782 0.612879
860 0.717438 0.405462
861 0.667086 0.846859
862 0.431620 0.862250
863 0.164273 0.690578
864 0.168479 0.824226
865 0.523070 0.491695
866 0.812731 0.843215
867 0.326630 0.897715
868 0.629331 0.356113
869 0.623831 0.379339
870 0.145136 0.446771
871 0.092658 0.450439
872 0.320358 0.950348
873 0.279416 0.488012
874 0.987675 0.538334
875 0.559158 0.816692
876 0.426722 0.444272
877 0.111870 0.705507
878 0.382703 0.340922
879 0.110532 0.322051
880 0.114800 0.543458
881 0.570189 0.838156
882 0.509974 0.349331
883 0.161982 0.810298
884 0.742321 0.303873
885 0.602135 0.436234
886 0.586012 0.740626
887 0.155771 0.326818
888 0.150850 0.231410
889 0.373107 0.704012
890 0.228280 0.574075
891 0.265022 0.926941
892 0.846657 0.325392
893 0.045542 0.946917
894 0.212618 0.370019
895 0.208629 0.894622
896 0.323748 0.852006
897 0.721153 0.451656
898 0.210969 0.396791
899 0.064450 0.257471
900 0.628317 0.977793
901 0.657082 0.993200
902 0.105328 0.453732
903 0.199016 0.523814
904 0.315140 0.684319
905 0.577966 0.554590
906 0.960484 0.410706
907 0.860271 0.847522
908 0.192346 0.946448
909 0.504380 0.911453
910 0.272521 0.791301
911 0.827529 0.261686
912 0.212577 0.562443
913 0.291615 0.429580
914 0.877945 0.287546
915 0.274072 0.729262
916 0.148384 0.249225
917 0.138105 0.695267
918 0.301173 0.778104
919 0.499997 0.924141
920 0.544064 0.464192
921 0.986378 0.593530
922 0.518777 0.739589
923 0.686818 0.499990
924 0.128913 0.713449
925 0.197655 0.563657
926 0.145763 0.910265
927 0.371997 0.853246
928 0.715559 0.888343
929 0.720014 0.351784
930 0.057895 0.165322
931 0.223084 0.614972
932 0.014721 0.175306
933 0.662103 0.622421
934 0.436066 0.820257
935 0.871738 0.667621
936 0.561863 0.289837
937 0.377693 0.918407
938 0.047047 0.727124
939 0.769885 0.107077
940 0.829339 0.400060
941 0.146192 0.582085
942 0.991795 0.704857
943 0.529525 0.426566
944 0.570688 0.530953
945 0.081170 0.246174
946 0.791584 0.092321
947 0.042998 0.711565
948 0.503914 0.305831
949 0.691152 0.572521
950 0.404501 0.348465
951 0.237061 0.473517
952 0.494279 0.575640
953 0.804559 0.581776
954 0.040952 0.351900
955 0.502607 0.776125
956 0.701217 0.726402
957 0.251113 0.430486
958 0.748893 0.835836
959 0.140379 0.674466
960 0.311981 0.747004
961 0.244754 0.916588
962 0.314723 0.594305
963 0.879400 0.551796
964 0.086868 0.951170
965 0.047070 0.693273
966 0.443948 0.855036
967 0.847118 0.511214
968 0.244665 0.768226
969 0.737322 0.989427
970 0.261209 0.690795
971 0.516129 0.827286
972 0.438036 0.926668
973 0.707049 0.439827
974 0.628860 0.682885
975 0.662500 0.456679
976 0.709451 0.282394
977 0.461391 0.524783
978 0.245267 0.559990
979 0.677628 0.686648
980 0.306017 0.545836
981 0.214310 0.298154
982 0.969205 0.390869
983 0.532666 0.864501
984 0.655224 0.444660
985 0.271624 0.831258
986 0.575041 0.315379
987 0.603632 0.306487
988 0.394254 0.173113
989 0.892634 0.449120
990 0.786312 0.498630
991 0.459129 0.814201
992 0.403416 0.876146
993 0.558371 0.542808
994 0.759212 0.822937
995 0.867849 0.201670
996 0.077671 0.601189
997 0.844460 0.480565
998 0.929094 0.339858
999 0.195871 0.901935
2000
0 459
0 465
0 589
0 685
0 724
1 170
1 210
1 364
1 384
2 57
2 365
2 471
2 479
2 632
2 807
3 475
3 760
3 761
3 964
4 27
4 132
4 339
4 718
5 242
5 298
5 915
5 970
6 467
6 890
6 912
6 931
7 32
7 756
7 984
8 138
8 471
8 482
9 627
9 654
10 76
10 209
10 339
10 785
11 413
11 446
11 819
11 823
11 889
12 56
12 228
12 585
12 923
13 282
13 348
13 807
13 817
13 859
14 261
14 467
14 493
14 912
14 925
15 220
15 291
15 896
16 162
16 642
16 899
16 945
17 262
17 282
17 365
18 45
18 119
18 129
18 407
18 610
19 245
19 524
19 933
20 31
20 455
20 949
21 216
21 328
21 460
21 666
21 678
21 780
21 900
22 220
22 291
22 564
22 792
22 837
22 867
23 378
23 395
23 664
23 937
24 207
24 362
24 482
24 507
25 782
26 111
26 190
26 341
26 555
26 813
27 62
27 132
27 195
27 469
27 983
28 260
28 869
29 330
29 378
29 456
29 499
29 501
30 307
30 633
30 679
30 698
31 174
31 234
31 949
33 189
33 395
33 737
33 867
34 272
34 366
34 457
34 461
34 774
34 791
35 146
35 252
35 434
35 706
36 48
36 445
36 889
37 766
37 818
38 327
38 595
38 781
39 311
39 421
39 906
40 509
40 512
40 719
41 61
41 188
41 625
41 695
42 74
42 979
43 126
43 134
43 247
43 316
43 776
44 204
44 840
44 988
45 313
45 407
45 610
45 800
46 135
46 142
46 530
46 717
46 815
47 390
47 486
47 820
48 543
48 904
49 186
49 490
49 540
49 697
49 822
50 283
50 345
50 646
50 784
51 115
51 505
51 591
51 779
52 240
52 449
52 531
52 609
52 784
52 920
53 267
53 529
53 733
53 812
54 79
54 83
54 604
54 636
54 772
54 811
55 113
55 169
55 777
55 968
56 816
56 975
56 984
57 138
57 365
57 471
58 611
58 734
59 141
59 314
59 387
59 909
59 919
60 290
60 400
60 614
60 684
60 943
61 127
61 188
61 343
61 625
61 695
61 928
62 195
62 317
62 469
62 580
62 881
63 303
63 509
63 606
63 996
64 160
64 197
64 288
64 329
65 344
65 800
66 268
66 393
66 566
66 989
67 166
67 833
68 176
68 447
68 502
68 642
68 762
68 899
69 105
69 190
69 339
69 548
69 718
70 109
70 174
70 376
70 569
70 690
70 949
71 120
71 582
71 895
72 139
72 194
72 319
72 490
72 540
72 822
73 223
73 553
74 546
74 979
75 234
75 524
75 933
76 209
76 349
77 276
77 470
77 591
77 673
77 687
78 732
78 771
78 786
78 977
79 83
79 150
79 604
80 264
80 322
80 402
80 508
80 879
81 618
82 255
82 312
82 427
83 150
83 243
83 772
84 239
84 315
84 596
84 669
84 938
85 342
85 403
85 596
85 707
85 726
85 965
86 107
86 199
86 746
86 751
87 347
87 480
87 599
87 722
87 756
87 860
87 897
87 973
88 218
88 264
88 294
88 368
88 655
89 134
89 247
89 374
90 261
90 358
90 587
90 665
90 739
90 903
91 159
91 381
91 397
92 336
92 392
92 551
92 809
92 818
92 998
93 439
93 782
93 998
94 295
94 436
94 637
94 866
95 214
95 539
95 753
95 958
95 994
96 503
96 794
96 864
96 883
97 200
97 281
97 336
97 892
98 127
98 295
98 301
98 637
98 676
99 381
99 536
100 246
100 283
100 577
100 605
100 944
100 993
101 203
101 446
101 453
101 477
102 323
102 454
102 455
103 553
103 938
103 947
104 338
104 488
104 783
104 827
105 190
105 592
105 718
105 813
106 244
106 443
106 852
107 607
107 749
107 871
108 221
108 558
108 646
108 854
109 174
109 376
109 498
110 326
110 425
110 619
110 806
110 842
110 957
111 356
111 555
111 813
112 207
112 286
112 362
112 507
112 836
112 980
113 472
113 616
113 643
113 777
113 968
114 153
114 357
114 399
114 579
115 213
115 276
115 505
115 591
115 779
115 918
116 675
116 747
117 417
117 573
118 232
118 300
118 511
118 751
118 880
119 129
119 355
119 598
119 610
120 538
120 582
121 495
121 638
121 942
122 224
122 361
122 422
122 567
123 340
123 562
123 604
123 656
124 514
125 222
125 383
125 428
125 432
126 206
126 247
126 316
126 385
127 651
127 676
127 928
128 137
128 189
128 296
128 354
128 927
129 598
129 610
130 232
130 300
130 587
130 851
131 249
131 269
131 373
131 922
132 195
132 387
132 592
132 718
133 320
133 418
133 535
134 247
134 362
135 717
136 554
136 726
136 947
136 965
137 165
137 354
137 687
137 927
138 471
138 689
139 319
139 393
139 540
139 845
140 440
140 500
140 951
141 266
141 314
141 593
141 682
141 909
141 919
142 267
142 431
142 530
143 226
143 620
143 671
143 786
143 865
144 148
144 169
144 538
144 590
144 910
144 985
145 337
145 415
145 694
145 704
145 856
145 887
146 192
146 252
146 434
146 506
146 908
147 237
147 601
147 802
147 932
148 169
148 590
148 910
148 985
149 235
149 423
149 602
149 891
149 961
150 344
150 800
151 155
151 522
151 580
151 875
151 971
152 181
152 352
152 353
152 561
152 720
152 763
152 826
153 357
153 579
153 677
153 755
154 481
154 811
154 911
155 195
155 469
155 580
155 971
155 983
156 523
156 594
156 664
156 992
157 472
157 612
157 616
157 617
157 643
157 793
158 302
158 351
158 725
158 825
159 166
159 258
159 381
160 288
160 329
160 945
161 419
161 450
161 468
161 525
161 861
162 331
162 642
162 839
163 316
163 627
163 752
163 833
164 178
164 626
165 203
165 354
165 470
165 687
166 326
166 381
166 913
167 259
167 306
167 497
167 631
167 948
168 476
168 743
169 777
169 910
170 384
170 734
171 462
171 584
171 905
172 198
172 229
172 251
172 391
172 534
172 978
173 321
173 644
174 949
175 564
175 727
175 837
175 872
176 447
176 502
176 508
176 708
177 492
177 808
177 841
178 179
178 659
179 526
179 626
179 659
180 663
180 741
180 796
181 217
181 720
181 773
181 789
181 826
182 310
182 569
182 667
182 690
183 382
183 451
183 674
184 313
184 390
184 410
184 699
185 208
185 309
185 662
185 742
185 745
186 428
186 490
186 658
186 697
187 411
187 488
187 489
187 711
187 738
188 343
188 652
189 395
189 927
189 992
190 341
190 548
190 666
190 813
191 630
191 788
191 801
192 370
192 506
192 557
192 795
193 389
193 990
194 799
194 822
195 314
195 469
195 983
196 553
197 288
197 329
197 388
197 888
197 916
198 212
198 391
198 721
198 978
199 250
199 292
199 438
199 746
200 408
200 494
200 914
201 767
202 254
202 439
202 494
202 551
202 998
203 296
203 648
204 308
204 701
204 840
205 417
206 247
206 385
206 513
207 482
207 565
208 467
208 493
208 742
208 745
209 349
209 460
209 780
210 238
210 364
210 544
210 740
210 972
211 298
211 516
211 915
211 960
212 484
212 721
212 847
212 855
212 962
213 276
213 591
213 673
213 918
214 444
214 753
215 280
215 350
215 369
215 545
215 645
215 921
216 328
216 666
216 678
216 900
217 310
217 426
217 953
218 264
218 294
218 338
218 415
218 704
219 447
219 542
220 291
220 527
221 345
221 646
222 287
222 383
222 396
222 658
223 553
224 599
224 722
225 293
225 852
225 969
226 240
226 577
226 608
226 865
226 920
227 256
227 278
228 323
228 515
228 897
229 251
229 391
229 441
229 534
229 541
229 830
230 613
230 696
230 882
231 484
231 565
231 644
231 962
232 300
232 496
232 511
233 578
233 762
235 423
235 564
235 792
235 891
235 961
236 549
236 630
237 601
237 802
238 364
238 544
238 740
238 972
239 427
239 550
239 669
239 877
240 608
240 754
240 920
241 265
241 348
241 360
241 405
241 712
241 859
242 298
242 516
242 915
242 970
243 344
243 772
244 293
244 443
244 678
244 901
245 372
245 623
245 824
246 398
246 577
246 605
246 671
246 797
248 251
248 830
248 890
248 912
248 925
248 978
249 922
250 292
250 438
250 747
250 790
251 441
251 830
251 912
251 978
252 325
252 706
252 908
253 284
253 555
253 603
254 494
254 914
255 312
255 367
255 707
257 307
257 649
257 661
258 409
259 306
259 459
259 835
259 948
260 609
260 775
261 665
261 903
261 912
261 925
263 581
263 860
264 704
264 879
265 712
266 544
266 593
266 624
266 682
266 858
267 431
267 530
268 311
268 393
269 273
269 373
269 386
269 764
270 296
270 648
270 862
270 934
270 966
271 481
271 995
272 366
272 457
272 461
272 774
272 791
273 691
273 764
273 765
273 875
274 457
274 461
274 736
274 888
274 916
275 319
275 576
275 845
275 967
276 591
276 673
277 777
278 491
278 935
279 371
279 463
280 545
280 638
280 645
280 857
281 336
281 809
282 360
282 365
282 859
283 577
283 605
283 784
284 356
284 555
285 403
285 512
285 850
286 484
286 836
286 847
286 980
287 396
287 658
287 763
287 963
288 329
289 639
290 377
290 449
290 614
290 943
291 837
291 867
292 438
292 640
292 746
293 443
293 852
294 448
294 655
294 729
295 301
295 436
295 637
296 862
297 868
297 869
298 464
298 516
298 915
298 970
299 404
299 413
299 714
300 607
301 637
301 676
302 606
302 640
302 725
302 825
303 606
303 996
304 768
304 950
305 452
305 805
305 956
306 573
307 633
308 701
308 723
309 335
309 834
310 478
310 953
312 367
312 670
313 410
314 517
314 983
315 342
315 596
315 938
315 947
315 965
316 627
316 752
317 318
317 339
317 785
318 468
318 621
318 785
319 540
319 845
320 749
321 416
322 508
322 615
323 923
324 333
324 423
324 681
324 706
324 728
325 908
325 999
326 842
326 913
326 957
327 595
327 688
328 678
328 900
328 901
329 916
330 456
330 499
330 501
330 727
331 571
331 578
331 839
332 352
332 491
332 561
332 789
332 826
332 935
333 680
333 681
333 715
334 636
334 811
334 911
335 662
335 767
335 863
336 551
336 809
337 366
337 704
337 774
337 879
337 887
338 415
338 827
339 718
339 785
340 604
340 803
341 548
341 666
341 813
342 427
342 596
342 707
342 965
343 450
343 652
343 928
345 646
346 353
346 412
346 519
347 480
347 756
347 816
347 973
348 360
348 817
348 859
348 952
349 450
349 468
349 652
350 921
351 512
351 825
352 561
352 763
353 720
353 763
354 470
354 687
354 927
355 407
355 803
356 555
357 399
357 579
357 677
358 587
358 665
358 851
358 903
359 683
359 929
360 639
360 859
361 406
361 433
361 567
361 741
362 507
362 836
363 528
363 534
363 693
363 980
364 603
365 807
366 774
366 791
366 887
368 402
368 655
368 838
368 954
369 432
369 545
369 645
370 506
370 570
370 672
371 432
372 623
372 688
372 824
373 764
374 732
375 392
375 421
375 520
375 566
375 770
375 818
376 498
377 696
378 501
378 810
378 937
379 503
379 612
379 744
379 793
380 766
380 782
382 451
382 608
382 684
382 754
385 513
385 876
386 424
386 522
386 657
386 955
387 592
387 750
388 888
389 422
389 552
389 990
390 410
390 939
391 528
391 534
392 520
392 770
392 809
392 818
393 989
394 556
395 737
395 927
396 658
396 963
397 430
397 514
397 537
398 671
398 786
398 797
398 977
400 614
400 684
400 943
401 670
401 757
402 508
402 708
402 954
403 512
403 726
404 413
404 787
404 819
405 712
405 748
406 433
406 741
408 494
408 892
408 914
409 654
410 939
411 437
411 488
411 738
411 870
412 848
413 714
413 819
414 581
414 683
414 929
415 704
415 827
415 856
416 543
416 653
416 904
417 573
418 473
418 535
419 651
419 758
419 928
420 613
420 716
420 804
421 906
423 680
423 681
423 728
424 522
424 657
424 955
425 568
425 951
425 957
426 635
426 773
426 814
427 596
427 877
428 658
429 517
429 624
429 966
430 537
430 686
431 530
432 545
433 997
434 506
434 706
435 552
435 629
436 539
436 637
436 866
437 574
437 851
437 870
438 640
438 790
439 782
439 849
439 998
440 441
440 500
440 541
440 806
440 830
440 951
441 500
441 541
441 830
442 520
442 566
442 663
442 709
442 770
443 852
443 901
444 753
444 778
445 505
445 779
446 477
446 819
446 823
447 502
447 708
447 762
448 535
448 655
448 729
448 838
449 609
449 614
449 943
450 468
450 652
451 754
451 771
452 563
452 979
453 474
453 477
453 485
453 648
454 455
454 559
454 585
454 600
454 923
455 559
455 923
456 499
456 611
457 461
457 791
458 612
458 767
459 589
459 835
459 936
460 780
461 791
461 916
462 547
464 466
464 617
464 915
464 968
465 685
465 696
465 724
465 882
466 918
466 960
467 742
467 890
467 912
467 925
467 931
468 861
469 580
469 881
469 983
470 591
470 687
472 616
472 617
472 643
472 968
474 648
474 934
474 991
475 557
475 759
475 964
477 819
478 569
478 703
479 632
479 807
480 756
480 860
480 973
481 772
481 911
483 778
483 815
484 565
484 847
484 855
484 962
485 657
486 820
487 510
487 748
487 781
488 489
488 711
488 783
489 568
489 711
489 738
489 831
489 898
490 540
490 576
490 822
491 935
492 628
493 941
494 914
495 638
495 857
495 942
496 587
496 739
496 880
497 631
497 724
497 948
498 546
498 641
499 611
500 541
500 830
500 951
501 937
502 642
502 899
503 526
503 793
503 794
503 883
504 634
504 656
504 677
504 884
504 976
505 591
505 779
507 586
507 836
508 708
509 606
509 719
509 825
509 996
510 748
510 781
511 533
511 751
511 880
512 825
512 850
513 876
515 897
516 832
516 915
516 970
517 983
518 539
519 848
520 566
520 770
520 818
521 619
521 731
522 971
523 664
523 740
523 972
524 933
525 529
525 733
525 758
525 861
527 602
527 891
527 961
528 534
528 980
529 733
529 812
529 861
531 609
531 784
531 920
532 647
532 660
532 765
533 880
534 541
534 693
535 838
536 710
536 894
537 686
537 710
538 985
539 958
539 994
540 822
541 693
541 806
541 830
541 873
541 951
543 653
543 705
543 904
544 593
544 682
544 858
544 972
545 645
547 559
547 854
548 666
549 630
549 886
550 669
551 809
551 818
551 998
552 629
552 990
554 726
556 981
557 692
557 759
557 795
558 585
558 600
558 854
559 585
559 600
560 574
560 607
560 870
560 871
560 902
561 826
562 618
562 636
563 979
564 792
564 837
564 872
564 891
565 962
566 989
567 741
567 796
567 940
568 738
569 667
569 690
570 672
571 578
571 601
571 839
571 932
572 583
572 641
572 769
573 730
574 607
574 870
574 902
575 622
575 729
575 871
576 963
577 605
577 865
579 677
580 765
580 875
580 881
583 805
585 600
585 923
586 776
586 836
587 739
587 851
588 711
588 894
588 898
589 936
589 986
590 673
590 985
592 750
593 603
593 682
593 909
593 919
594 624
594 858
594 862
594 966
595 781
596 947
596 965
597 843
597 866
599 722
599 897
599 973
600 854
601 802
601 839
601 930
601 932
602 821
602 961
603 919
605 993
606 640
607 871
607 902
608 684
608 754
608 920
608 943
609 775
609 885
612 744
612 793
613 696
613 882
614 943
615 774
615 879
616 617
616 643
616 968
617 968
618 884
619 731
619 842
619 873
619 913
620 671
620 771
620 786
621 647
622 749
622 871
622 902
623 688
623 824
624 858
624 862
624 966
625 695
626 659
626 669
627 752
627 833
628 723
630 886
631 841
632 807
633 649
633 698
634 656
634 702
634 976
635 703
635 769
635 814
636 811
636 911
638 857
640 725
641 703
641 769
642 899
643 793
643 794
644 855
644 962
645 857
646 854
647 660
647 765
648 934
648 991
650 689
651 928
653 705
655 729
655 838
656 884
656 976
657 955
660 812
662 670
663 709
663 770
665 903
665 925
666 780
666 900
667 690
668 679
668 698
668 773
668 789
668 814
670 959
671 786
674 768
674 804
674 853
675 747
675 790
676 695
677 755
678 900
678 901
679 773
679 814
680 681
680 715
680 728
681 728
682 858
683 755
683 929
684 754
684 798
684 943
685 696
685 882
686 735
689 705
691 764
692 759
692 795
692 926
693 873
694 856
696 882
700 760
700 761
700 893
700 964
701 840
704 856
706 728
709 770
711 898
713 941
716 804
717 753
717 815
719 996
720 763
721 855
722 860
724 882
724 948
726 965
727 737
727 837
727 872
731 873
732 977
733 812
735 981
737 867
737 937
740 810
740 972
741 796
741 940
742 745
742 931
743 828
743 892
745 834
745 931
746 751
748 781
751 880
752 776
755 884
755 929
756 860
756 973
759 926
760 846
760 964
761 964
764 886
765 875
765 881
766 829
766 982
767 863
768 853
770 809
771 786
773 789
773 814
773 826
774 791
775 885
779 960
780 900
783 827
783 870
784 920
786 977
788 801
789 814
789 826
791 887
792 891
793 794
795 926
796 940
797 952
799 874
802 930
805 956
805 979
806 873
806 951
808 878
808 950
809 818
811 911
815 956
816 975
816 984
817 859
817 952
818 998
819 823
821 895
821 961
821 999
824 974
829 906
829 982
830 903
831 898
832 904
834 931
835 936
836 980
837 867
838 954
842 913
843 907
844 907
845 967
847 855
847 962
847 980
848 967
853 876
855 962
862 966
862 992
863 917
863 959
864 883
868 869
871 902
875 881
877 917
877 924
878 950
888 916
890 912
890 978
891 961
894 898
895 999
897 973
899 945
905 944
905 993
906 982
909 919
910 918
912 925
917 924
917 959
934 991
936 986
938 947
939 946
944 993
947 965
958 994
967 997
975 984
986 987
