1000
0 0.486105 0.578780
1 0.057998 0.289011
2 0.967793 0.794994
3 0.628084 0.138551
4 0.280239 0.376844
5 0.299448 0.664813
6 0.005685 0.918322
7 0.135013 0.151207
8 0.861864 0.497407
9 0.659804 0.627663
10 0.276528 0.968637
11 0.249791 0.316076
12 0.166411 0.103843
13 0.869110 0.513757
14 0.038843 0.569597
15 0.308609 0.543407
16 0.782112 0.830356
17 0.923666 0.042104
18 0.725380 0.338966
19 0.143863 0.225793
20 0.565774 0.242243
21 0.008953 0.456675
22 0.037361 0.302651
23 0.522739 0.725230
24 0.594097 0.750960
25 0.311244 0.974369
26 0.930276 0.432614
27 0.196509 0.994605
28 0.787671 0.019257
29 0.052759 0.319229
30 0.768878 0.292439
31 0.202187 0.619448
32 0.438251 0.404715
33 0.382140 0.382649
34 0.807031 0.893641
35 0.666068 0.296881
36 0.046513 0.425997
37 0.325299 0.628175
38 0.887805 0.143354
39 0.268305 0.062734
40 0.722949 0.356042
41 0.156970 0.741523
42 0.490119 0.773548
43 0.876116 0.338985
44 0.174425 0.309155
45 0.175057 0.830034
46 0.697287 0.609133
47 0.479076 0.264712
48 0.197424 0.198829
49 0.745015 0.807543
50 0.108199 0.104560
51 0.680479 0.310222
52 0.292356 0.385515
53 0.323330 0.840529
54 0.306304 0.653801
55 0.650572 0.554289
56 0.849463 0.757849
57 0.545771 0.047354
58 0.486091 0.637763
59 0.392063 0.690271
60 0.305327 0.375517
61 0.575376 0.591331
62 0.187585 0.694413
63 0.741675 0.545563
64 0.774836 0.068070
65 0.184138 0.018231
66 0.452910 0.486019
67 0.416754 0.941358
68 0.120554 0.827264
69 0.707636 0.201075
70 0.542192 0.849197
71 0.867829 0.544357
72 0.097243 0.202089
73 0.063940 0.338741
74 0.979477 0.259545
75 0.389742 0.168494
76 0.941937 0.078291
77 0.988395 0.600104
78 0.865878 0.230689
79 0.430364 0.346729
80 0.364831 0.745520
81 0.081192 0.092590
82 0.466867 0.201197
83 0.864110 0.270317
84 0.214905 0.557836
85 0.536613 0.191920
86 0.870096 0.806160
87 0.084491 0.016168
88 0.717098 0.786174
89 0.784646 0.396019
90 0.220604 0.140540
91 0.249578 0.216432
92 0.972474 0.633375
93 0.713713 0.849446
94 0.177330 0.908747
95 0.237113 0.128047
96 0.345134 0.721274
97 0.304916 0.928574
98 0.649039 0.250026
99 0.225833 0.173555
100 0.801644 0.907712
101 0.557169 0.519012
102 0.926061 0.522886
103 0.449432 0.462913
104 0.572101 0.266371
105 0.460977 0.841551
106 0.453274 0.524080
107 0.202509 0.978095
108 0.583270 0.543841
109 0.428816 0.923743
110 0.889408 0.483886
111 0.935173 0.552502
112 0.497091 0.672531
113 0.296021 0.328119
114 0.295646 0.747299
115 0.314604 0.782997
116 0.717297 0.078001
117 0.340991 0.840636
118 0.834710 0.073300
119 0.642502 0.625212
120 0.238027 0.275803
121 0.023648 0.899069
122 0.094740 0.466276
123 0.069084 0.048815
124 0.562083 0.334095
125 0.379669 0.942281
126 0.701551 0.632419
127 0.413875 0.572003
128 0.685731 0.146924
129 0.104920 0.007547
130 0.711746 0.703890
131 0.606210 0.232434
132 0.638557 0.002265
133 0.045394 0.716627
134 0.186065 0.893543
135 0.088435 0.365592
136 0.885454 0.714253
137 0.319489 0.652240
138 0.738723 0.601778
139 0.856688 0.372275
140 0.510518 0.265004
141 0.978910 0.157365
142 0.990901 0.442988
143 0.145762 0.939788
144 0.741892 0.710660
145 0.668796 0.887981
146 0.963598 0.539760
147 0.103398 0.654572
148 0.883928 0.232255
149 0.107793 0.736631
150 0.881817 0.186055
151 0.794057 0.372137
152 0.301527 0.983291
153 0.539130 0.087634
154 0.420539 0.000361
155 0.445380 0.290502
156 0.747237 0.134488
157 0.343927 0.808121
158 0.601641 0.697866
159 0.432824 0.237440
160 0.736479 0.722925
161 0.803049 0.118551
162 0.217351 0.654536
163 0.747631 0.672979
164 0.070829 0.632207
165 0.447692 0.171619
166 0.586044 0.931277
167 0.976533 0.002445
168 0.233926 0.056580
169 0.820804 0.619546
170 0.208506 0.585092
171 0.767807 0.268954
172 0.677956 0.710721
173 0.068031 0.695945
174 0.388183 0.264730
175 0.652939 0.870419
176 0.747039 0.578519
177 0.897867 0.806752
178 0.161090 0.010503
179 0.299917 0.258276
180 0.837975 0.916253
181 0.322228 0.937634
182 0.623668 0.681086
183 0.693292 0.987046
184 0.540918 0.602636
185 0.012599 0.770471
186 0.262847 0.858598
187 0.904316 0.260860
188 0.474785 0.234666
189 0.134255 0.844236
190 0.153651 0.676756
191 0.600080 0.095154
192 0.886618 0.438821
193 0.287677 0.804904
194 0.966879 0.402007
195 0.462200 0.549564
196 0.825646 0.834997
197 0.260099 0.166257
198 0.921628 0.015804
199 0.370648 0.994059
200 0.104677 0.339216
201 0.490369 0.966052
202 0.364941 0.069384
203 0.660466 0.931866
204 0.118784 0.802273
205 0.822236 0.686736
206 0.037895 0.624189
207 0.904145 0.669951
208 0.915958 0.721056
209 0.964887 0.383050
210 0.702000 0.902227
211 0.758801 0.885475
212 0.234680 0.421115
213 0.467499 0.031587
214 0.518764 0.620496
215 0.399574 0.486226
216 0.311771 0.728605
217 0.696981 0.839239
218 0.206320 0.523528
219 0.430363 0.959346
220 0.400967 0.903237
221 0.333073 0.670855
222 0.320839 0.096401
223 0.235933 0.757754
224 0.519915 0.375532
225 0.866513 0.052209
226 0.844715 0.260862
227 0.085459 0.104691
228 0.059405 0.816702
229 0.204438 0.731307
230 0.186188 0.645153
231 0.033814 0.073736
232 0.370417 0.552909
233 0.188175 0.349261
234 0.488288 0.864243
235 0.672869 0.808724
236 0.073205 0.031816
237 0.226442 0.953301
238 0.360291 0.485204
239 0.803215 0.833741
240 0.500394 0.714779
241 0.773947 0.376003
242 0.776889 0.799147
243 0.687390 0.737380
244 0.263143 0.259654
245 0.146382 0.475029
246 0.016245 0.430833
247 0.321080 0.523918
248 0.857468 0.956024
249 0.877158 0.673954
250 0.019801 0.302875
251 0.684512 0.026116
252 0.753966 0.739869
253 0.738907 0.228348
254 0.355058 0.103389
255 0.442008 0.386378
256 0.805311 0.093951
257 0.786638 0.097120
258 0.478304 0.064421
259 0.429356 0.788923
260 0.445369 0.053144
261 0.502596 0.628060
262 0.106901 0.424080
263 0.246910 0.620348
264 0.778984 0.569884
265 0.933740 0.790349
266 0.994498 0.373722
267 0.188696 0.829419
268 0.066775 0.132225
269 0.091841 0.549684
270 0.995384 0.337116
271 0.183206 0.962665
272 0.936224 0.568055
273 0.487009 0.142375
274 0.436690 0.942835
275 0.341597 0.589761
276 0.982205 0.697092
277 0.237791 0.923036
278 0.060402 0.090682
279 0.384924 0.350978
280 0.032048 0.268037
281 0.205958 0.177680
282 0.273188 0.706577
283 0.126504 0.723505
284 0.221628 0.273957
285 0.849594 0.788122
286 0.153684 0.298348
287 0.223582 0.255874
288 0.245228 0.559485
289 0.826043 0.534998
290 0.961686 0.106838
291 0.959222 0.330116
292 0.048134 0.843528
293 0.794723 0.823260
294 0.584378 0.788228
295 0.157624 0.069414
296 0.765917 0.746751
297 0.712208 0.347674
298 0.791680 0.323353
299 0.882011 0.380937
300 0.456274 0.693890
301 0.854740 0.845141
302 0.349173 0.050706
303 0.111793 0.615095
304 0.855245 0.347205
305 0.225758 0.934847
306 0.861415 0.125346
307 0.303751 0.775136
308 0.406542 0.804651
309 0.771829 0.318463
310 0.155665 0.619640
311 0.215013 0.294539
312 0.821420 0.665861
313 0.903125 0.159152
314 0.064146 0.492368
315 0.862594 0.563214
316 0.211550 0.312570
317 0.187776 0.295813
318 0.754608 0.606390
319 0.090896 0.662794
320 0.681483 0.594216
321 0.768823 0.179674
322 0.148421 0.102751
323 0.454265 0.126431
324 0.963900 0.500032
325 0.453016 0.663143
326 0.542820 0.157280
327 0.394412 0.571171
328 0.559108 0.791746
329 0.388167 0.116398
330 0.577597 0.253477
331 0.915672 0.706602
332 0.700028 0.916578
333 0.268619 0.679586
334 0.388221 0.292690
335 0.028532 0.133371
336 0.437306 0.866046
337 0.578377 0.369160
338 0.508023 0.605806
339 0.131519 0.274807
340 0.092034 0.780934
341 0.525881 0.847388
342 0.496286 0.932531
343 0.788921 0.790514
344 0.493076 0.614527
345 0.296471 0.445514
346 0.031809 0.864710
347 0.273259 0.494359
348 0.383351 0.593048
349 0.852198 0.740273
350 0.560393 0.926117
351 0.235092 0.862692
352 0.013896 0.402564
353 0.706991 0.160553
354 0.157251 0.055740
355 0.533775 0.802392
356 0.901645 0.764524
357 0.018696 0.796212
358 0.924929 0.807162
359 0.085496 0.714352
360 0.588725 0.600703
361 0.854622 0.308853
362 0.492740 0.167169
363 0.992136 0.102196
364 0.166521 0.940919
365 0.282283 0.891736
366 0.276552 0.516758
367 0.644040 0.036851
368 0.494108 0.413298
369 0.531524 0.333493
370 0.506926 0.577788
371 0.057807 0.792223
372 0.568452 0.491286
373 0.801670 0.788409
374 0.019119 0.719651
375 0.335988 0.498013
376 0.724560 0.865634
377 0.470986 0.616658
378 0.495801 0.317175
379 0.518774 0.148521
380 0.122887 0.591770
381 0.064804 0.516603
382 0.301603 0.571648
383 0.020203 0.562176
384 0.877477 0.164614
385 0.478224 0.856564
386 0.246474 0.941047
387 0.018449 0.121972
388 0.724103 0.979586
389 0.746544 0.058299
390 0.429577 0.677402
391 0.069353 0.403052
392 0.636317 0.351591
393 0.406948 0.819365
394 0.489341 0.528006
395 0.990801 0.069461
396 0.856570 0.291361
397 0.395487 0.019703
398 0.723111 0.813978
399 0.044800 0.503298
400 0.695656 0.953631
401 0.031000 0.092839
402 0.489790 0.245555
403 0.914913 0.227538
404 0.647590 0.124030
405 0.578095 0.950942
406 0.881939 0.814117
407 0.952619 0.003984
408 0.898776 0.022204
409 0.129919 0.633024
410 0.468136 0.804795
411 0.268599 0.469381
412 0.988398 0.419180
413 0.188303 0.151401
414 0.522104 0.227143
415 0.811179 0.065065
416 0.151944 0.209221
417 0.163208 0.447926
418 0.656517 0.658115
419 0.400367 0.973204
420 0.436182 0.839960
421 0.669323 0.655380
422 0.631073 0.749130
423 0.167789 0.754843
424 0.074509 0.748257
425 0.432445 0.131407
426 0.493962 0.003994
427 0.846433 0.337795
428 0.871082 0.432269
429 0.635715 0.080809
430 0.105090 0.838895
431 0.190268 0.278158
432 0.515425 0.831988
433 0.852626 0.996135
434 0.599513 0.892645
435 0.005668 0.818867
436 0.551941 0.245151
437 0.677362 0.324162
438 0.280789 0.656874
439 0.618475 0.582033
440 0.566169 0.908498
441 0.154504 0.723959
442 0.146011 0.665301
443 0.676184 0.243738
444 0.661365 0.977685
445 0.126054 0.173771
446 0.058419 0.681835
447 0.060627 0.724470
448 0.244355 0.433155
449 0.263832 0.788738
450 0.305371 0.458212
451 0.447866 0.210895
452 0.469251 0.289718
453 0.602615 0.316827
454 0.717437 0.683400
455 0.751896 0.213623
456 0.836341 0.600637
457 0.435305 0.985022
458 0.237425 0.154209
459 0.313830 0.349363
460 0.392243 0.146506
461 0.848113 0.428278
462 0.380008 0.810320
463 0.741106 0.641304
464 0.243102 0.197534
465 0.783091 0.911852
466 0.151842 0.759580
467 0.636262 0.244456
468 0.279348 0.554604
469 0.449010 0.366513
470 0.292080 0.638883
471 0.560788 0.534202
472 0.134064 0.483008
473 0.513698 0.763525
474 0.954350 0.578319
475 0.476030 0.014561
476 0.427734 0.908939
477 0.694832 0.168236
478 0.953173 0.672632
479 0.422696 0.617750
480 0.584147 0.844384
481 0.652931 0.910353
482 0.526014 0.608457
483 0.421630 0.711829
484 0.770760 0.918959
485 0.505575 0.012448
486 0.876872 0.619126
487 0.813163 0.336799
488 0.767150 0.709500
489 0.863015 0.400383
490 0.209315 0.062213
491 0.941739 0.762829
492 0.567865 0.356699
493 0.239122 0.993931
494 0.476160 0.247838
495 0.387493 0.662387
496 0.467616 0.950148
497 0.081105 0.165553
498 0.731722 0.262741
499 0.345342 0.351135
500 0.618272 0.529915
501 0.123019 0.095046
502 0.939931 0.708125
503 0.429975 0.724619
504 0.506011 0.235970
505 0.597731 0.612310
506 0.225907 0.801117
507 0.618429 0.763002
508 0.252512 0.718034
509 0.374162 0.517028
510 0.444324 0.718532
511 0.125770 0.566804
512 0.010408 0.544916
513 0.132565 0.392732
514 0.997121 0.535097
515 0.941243 0.396681
516 0.725714 0.801286
517 0.956033 0.742032
518 0.937751 0.653138
519 0.677726 0.284982
520 0.823337 0.577333
521 0.604347 0.668409
522 0.148803 0.393022
523 0.107938 0.282376
524 0.392566 0.713106
525 0.838996 0.211964
526 0.905385 0.034051
527 0.900844 0.704229
528 0.346982 0.233644
529 0.032184 0.698662
530 0.697199 0.032446
531 0.894263 0.642729
532 0.446094 0.641473
533 0.620281 0.010177
534 0.226472 0.636335
535 0.639470 0.299765
536 0.276490 0.619962
537 0.161186 0.197955
538 0.227299 0.709190
539 0.698383 0.078693
540 0.841754 0.811606
541 0.391251 0.046831
542 0.129596 0.778027
543 0.072759 0.789374
544 0.602127 0.293642
545 0.433328 0.027264
546 0.015409 0.479797
547 0.342681 0.266107
548 0.193992 0.681420
549 0.055111 0.170518
550 0.525044 0.363718
551 0.221811 0.077691
552 0.934490 0.229262
553 0.684808 0.722216
554 0.671797 0.737803
555 0.405437 0.064289
556 0.759071 0.909283
557 0.733908 0.686139
558 0.559281 0.405892
559 0.224033 0.386301
560 0.784193 0.057426
561 0.734282 0.672205
562 0.377762 0.096780
563 0.632769 0.669394
564 0.194352 0.814712
565 0.312353 0.997428
566 0.333759 0.699186
567 0.552042 0.446113
568 0.206338 0.710790
569 0.054194 0.610626
570 0.361919 0.408717
571 0.498583 0.554668
572 0.493574 0.197209
573 0.131656 0.406172
574 0.865814 0.684702
575 0.422652 0.875645
576 0.327875 0.817482
577 0.768073 0.135443
578 0.773795 0.776527
579 0.920348 0.147327
580 0.133121 0.039614
581 0.039866 0.539296
582 0.468035 0.880876
583 0.624546 0.929438
584 0.743883 0.337251
585 0.735798 0.078558
586 0.694186 0.809119
587 0.024211 0.626067
588 0.160777 0.340868
589 0.387271 0.893666
590 0.380469 0.543849
591 0.424241 0.099250
592 0.673372 0.209236
593 0.913358 0.623803
594 0.521833 0.116618
595 0.407278 0.533031
596 0.635592 0.165259
597 0.579431 0.297844
598 0.013320 0.285548
599 0.543215 0.544353
600 0.941010 0.157825
601 0.301342 0.940750
602 0.709230 0.231575
603 0.322183 0.872023
604 0.776930 0.675512
605 0.298994 0.080945
606 0.521949 0.703334
607 0.981805 0.458951
608 0.746984 0.271435
609 0.679724 0.876894
610 0.692622 0.939611
611 0.398273 0.207886
612 0.828773 0.849353
613 0.794670 0.660275
614 0.147211 0.452558
615 0.078167 0.322784
616 0.792553 0.348437
617 0.847252 0.946690
618 0.606550 0.145385
619 0.684442 0.269039
620 0.158298 0.122380
621 0.740775 0.989527
622 0.159563 0.312415
623 0.613767 0.356939
624 0.423264 0.248890
625 0.264826 0.347477
626 0.395808 0.618619
627 0.243360 0.659413
628 0.913495 0.127133
629 0.931301 0.671652
630 0.203191 0.140341
631 0.972153 0.287782
632 0.844551 0.040878
633 0.244443 0.582568
634 0.130551 0.456370
635 0.042559 0.227528
636 0.704822 0.116555
637 0.593712 0.514940
638 0.206733 0.076260
639 0.205807 0.899514
640 0.628063 0.515014
641 0.707392 0.944362
642 0.525585 0.790855
643 0.278737 0.127403
644 0.399658 0.939852
645 0.173839 0.707070
646 0.854128 0.463987
647 0.797640 0.056937
648 0.377734 0.613875
649 0.047422 0.131055
650 0.773991 0.166200
651 0.996414 0.388372
652 0.764525 0.351641
653 0.142237 0.582921
654 0.251555 0.453504
655 0.417209 0.898931
656 0.892625 0.741649
657 0.550255 0.964730
658 0.336951 0.325290
659 0.912326 0.071709
660 0.262037 0.638769
661 0.042418 0.745312
662 0.506758 0.659071
663 0.720921 0.903492
664 0.622882 0.707576
665 0.187030 0.667503
666 0.438406 0.448622
667 0.241726 0.038218
668 0.700808 0.357576
669 0.466367 0.101247
670 0.935213 0.172567
671 0.595602 0.031948
672 0.348501 0.775526
673 0.507054 0.036530
674 0.479136 0.548504
675 0.625350 0.835173
676 0.086495 0.297689
677 0.682786 0.100952
678 0.511285 0.884365
679 0.861672 0.193672
680 0.388641 0.337501
681 0.175075 0.253662
682 0.225854 0.898049
683 0.243292 0.384217
684 0.649681 0.701580
685 0.421259 0.839338
686 0.119001 0.437544
687 0.009633 0.067336
688 0.196032 0.217095
689 0.376393 0.141293
690 0.415705 0.418917
691 0.313467 0.146558
692 0.764368 0.003552
693 0.827312 0.997161
694 0.841494 0.406562
695 0.327324 0.859539
696 0.405330 0.348206
697 0.672774 0.187666
698 0.714391 0.283061
699 0.264206 0.076886
700 0.412484 0.200558
701 0.156679 0.696556
702 0.827485 0.230415
703 0.086960 0.385075
704 0.264478 0.319660
705 0.602929 0.922773
706 0.041640 0.150525
707 0.382021 0.068004
708 0.132414 0.018779
709 0.114620 0.503342
710 0.978588 0.663222
711 0.948065 0.117328
712 0.827129 0.389483
713 0.638008 0.567807
714 0.907561 0.599001
715 0.204408 0.435864
716 0.258892 0.129660
717 0.928217 0.490025
718 0.152669 0.826914
719 0.962770 0.449206
720 0.224005 0.752402
721 0.013040 0.610880
722 0.407180 0.320407
723 0.158051 0.838948
724 0.413905 0.865427
725 0.448980 0.803283
726 0.787222 0.720808
727 0.435965 0.369001
728 0.710191 0.827833
729 0.960650 0.591932
730 0.817517 0.366258
731 0.300052 0.591213
732 0.953580 0.474245
733 0.770981 0.027126
734 0.024441 0.449670
735 0.101712 0.365766
736 0.574592 0.212071
737 0.782880 0.141392
738 0.276499 0.582885
739 0.166365 0.143555
740 0.572570 0.098895
741 0.480959 0.947570
742 0.657889 0.606205
743 0.092500 0.071599
744 0.938012 0.741832
745 0.879047 0.072269
746 0.101650 0.766075
747 0.829153 0.779435
748 0.660073 0.085519
749 0.030320 0.581453
750 0.914729 0.252695
751 0.521799 0.051663
752 0.998044 0.748171
753 0.256094 0.963357
754 0.871715 0.758280
755 0.454712 0.020573
756 0.985970 0.734613
757 0.159466 0.082092
758 0.496211 0.839584
759 0.571455 0.577645
760 0.879258 0.364381
761 0.524974 0.211322
762 0.629219 0.208032
763 0.830981 0.804532
764 0.593331 0.006537
765 0.777188 0.110225
766 0.040191 0.807447
767 0.313325 0.831971
768 0.303982 0.111607
769 0.888772 0.600194
770 0.722525 0.057807
771 0.995289 0.627851
772 0.117207 0.928617
773 0.403027 0.701443
774 0.179272 0.429110
775 0.441641 0.577067
776 0.243112 0.956312
777 0.104945 0.691802
778 0.735059 0.025251
779 0.105091 0.438750
780 0.896099 0.074633
781 0.043317 0.463377
782 0.273722 0.937454
783 0.799106 0.707947
784 0.750694 0.158343
785 0.619894 0.739523
786 0.377308 0.438186
787 0.716545 0.956931
788 0.670892 0.762889
789 0.360722 0.567712
790 0.287900 0.300203
791 0.612381 0.330084
792 0.484718 0.563142
793 0.295431 0.470422
794 0.371566 0.876079
795 0.865012 0.247798
796 0.613097 0.062790
797 0.313698 0.420269
798 0.849623 0.444818
799 0.481100 0.760713
800 0.067909 0.417642
801 0.172678 0.052562
802 0.200267 0.422989
803 0.818291 0.558695
804 0.330590 0.450485
805 0.939073 0.052577
806 0.175307 0.002470
807 0.437807 0.468389
808 0.608245 0.634571
809 0.383100 0.743481
810 0.562782 0.889597
811 0.790950 0.938036
812 0.958389 0.261099
813 0.009034 0.108558
814 0.950872 0.167283
815 0.560983 0.865007
816 0.202358 0.492077
817 0.301354 0.504798
818 0.134126 0.289319
819 0.386550 0.185674
820 0.366507 0.380769
821 0.777971 0.995437
822 0.545895 0.386811
823 0.792288 0.293006
824 0.105606 0.514205
825 0.527340 0.754038
826 0.978003 0.437711
827 0.789333 0.735490
828 0.879480 0.471333
829 0.825303 0.933895
830 0.180897 0.098428
831 0.678346 0.899765
832 0.079899 0.078425
833 0.391473 0.790462
834 0.470590 0.420101
835 0.694776 0.053159
836 0.059063 0.024771
837 0.221943 0.984560
838 0.319563 0.957318
839 0.070442 0.767065
840 0.127352 0.706013
841 0.368351 0.358481
842 0.935773 0.253421
843 0.309209 0.271594
844 0.994678 0.282888
845 0.808128 0.238949
846 0.443150 0.142768
847 0.577765 0.386400
848 0.944606 0.104402
849 0.150528 0.898334
850 0.135913 0.830209
851 0.103792 0.588453
852 0.592431 0.209135
853 0.274182 0.430509
854 0.594035 0.577694
855 0.101261 0.173592
856 0.361693 0.299728
857 0.818814 0.970435
858 0.347001 0.576261
859 0.319980 0.888986
860 0.653234 0.274201
861 0.527130 0.308736
862 0.584948 0.039089
863 0.966374 0.571778
864 0.899777 0.522166
865 0.998827 0.262054
866 0.549224 0.984472
867 0.755622 0.182691
868 0.976828 0.549159
869 0.219958 0.824884
870 0.364812 0.794802
871 0.106207 0.145104
872 0.158819 0.460351
873 0.901702 0.183949
874 0.124503 0.668433
875 0.118702 0.332832
876 0.474087 0.720096
877 0.257721 0.652446
878 0.485490 0.702205
879 0.056824 0.205756
880 0.517538 0.503077
881 0.907217 0.482560
882 0.449959 0.877945
883 0.916495 0.473762
884 0.642265 0.022373
885 0.127347 0.546595
886 0.366274 0.902349
887 0.076391 0.822956
888 0.482502 0.510724
889 0.308000 0.905316
890 0.651644 0.786515
891 0.681197 0.932961
892 0.015288 0.089284
893 0.763835 0.539786
894 0.538478 0.433527
895 0.344660 0.080646
896 0.400481 0.881593
897 0.662288 0.840038
898 0.762041 0.308880
899 0.276981 0.873761
900 0.431651 0.509492
901 0.275818 0.146904
902 0.776355 0.872870
903 0.541671 0.005009
904 0.405709 0.498708
905 0.615322 0.879117
906 0.844801 0.722122
907 0.398554 0.751060
908 0.793347 0.645323
909 0.613836 0.189063
910 0.880106 0.693405
911 0.203756 0.095859
912 0.932157 0.580342
913 0.094329 0.055524
914 0.654879 0.000651
915 0.449959 0.743713
916 0.145837 0.082177
917 0.773030 0.964201
918 0.878897 0.573507
919 0.785864 0.182303
920 0.305172 0.306084
921 0.801215 0.569877
922 0.117008 0.295974
923 0.791058 0.206969
924 0.347496 0.337503
925 0.859101 0.829302
926 0.062868 0.442753
927 0.004715 0.751881
928 0.845657 0.829293
929 0.288448 0.058542
930 0.862456 0.413212
931 0.097562 0.536560
932 0.460862 0.970317
933 0.573105 0.929674
934 0.137696 0.811751
935 0.900409 0.784646
936 0.978397 0.239465
937 0.921214 0.411832
938 0.759787 0.928365
939 0.263342 0.278312
940 0.876551 0.993469
941 0.291230 0.401926
942 0.931457 0.287102
943 0.978227 0.763019
944 0.622368 0.809859
945 0.088543 0.621272
946 0.606771 0.865744
947 0.372979 0.714421
948 0.211047 0.922201
949 0.351555 0.961915
950 0.482337 0.112879
951 0.644877 0.924970
952 0.365615 0.469686
953 0.541058 0.827663
954 0.173511 0.359946
955 0.176551 0.853458
956 0.886358 0.321019
957 0.352769 0.197967
958 0.530242 0.288298
959 0.854487 0.214759
960 0.617733 0.113272
961 0.467316 0.599896
962 0.047858 0.594484
963 0.737128 0.183320
964 0.391090 0.850880
965 0.213320 0.027632
966 0.952169 0.604215
967 0.199185 0.262314
968 0.837032 0.313214
969 0.096934 0.903599
970 0.092041 0.950676
971 0.297406 0.094093
972 0.175901 0.998249
973 0.747477 0.626712
974 0.582479 0.685791
975 0.017164 0.265123
976 0.740684 0.976291
977 0.090503 0.880131
978 0.023126 0.463592
979 0.604893 0.345878
980 0.403585 0.000200
981 0.758668 0.643654
982 0.249406 0.833736
983 0.004440 0.322392
984 0.513550 0.416260
985 0.717665 0.646644
986 0.027848 0.253033
987 0.405509 0.278294
988 0.485277 0.883419
989 0.848024 0.509204
990 0.879345 0.001183
991 0.758776 0.067843
992 0.649877 0.589032
993 0.858353 0.650693
994 0.448595 0.304267
995 0.024963 0.369514
996 0.912365 0.314523
997 0.718147 0.189036
998 0.954379 0.710491
999 0.196889 0.793498
2000
0 338
0 344
0 370
0 571
0 674
0 792
0 961
1 22
1 29
1 280
1 676
2 265
2 943
3 404
3 596
3 618
3 960
4 52
4 60
4 625
4 941
5 54
5 137
5 221
5 333
5 438
5 470
6 121
7 445
7 620
7 739
7 871
8 13
8 110
8 646
8 828
8 989
9 119
9 418
9 421
9 742
10 25
10 152
10 753
10 776
10 782
11 625
11 704
12 295
12 322
12 620
12 757
12 830
12 916
13 71
13 110
13 864
13 989
14 383
14 581
14 749
14 962
15 247
15 382
15 468
16 239
16 242
16 293
17 198
17 408
17 526
17 659
17 805
18 40
18 297
18 584
18 668
19 416
19 537
20 104
20 330
20 436
20 736
21 246
21 546
21 734
21 781
21 978
22 29
22 250
22 280
22 598
23 240
23 606
23 825
24 422
24 507
24 785
25 152
25 565
25 601
25 838
26 719
26 937
27 107
27 271
27 837
27 972
28 692
28 733
29 73
29 250
29 615
30 171
30 309
30 608
30 823
30 898
31 170
31 230
31 534
32 255
32 690
32 727
32 834
33 279
33 570
33 820
33 841
34 100
34 465
34 902
35 51
35 437
35 519
35 535
35 619
35 860
36 246
36 391
36 734
36 800
36 926
37 54
37 137
37 470
38 306
38 313
38 384
38 579
38 628
39 168
39 605
39 667
39 699
39 929
40 297
40 584
40 668
41 283
41 423
41 441
41 466
42 473
42 799
43 304
43 361
43 427
43 760
43 956
44 286
44 317
44 431
44 588
44 622
45 267
45 564
45 718
45 723
45 955
46 126
46 320
47 140
47 188
47 402
47 452
47 494
48 281
48 537
48 688
49 88
49 242
49 398
49 516
50 81
50 227
50 501
50 743
51 437
51 519
52 60
52 941
53 117
53 576
53 603
53 695
53 767
54 137
54 221
54 438
54 470
55 713
55 992
56 285
56 349
56 747
56 754
56 906
57 751
58 112
58 214
58 261
58 344
58 377
58 662
59 483
59 495
59 524
59 773
59 947
60 459
60 941
61 184
61 360
61 505
61 759
61 854
62 548
62 568
62 645
62 665
62 701
63 176
63 893
64 257
64 389
64 415
64 560
64 647
64 991
65 178
65 801
65 806
65 965
66 103
66 807
66 900
67 109
67 125
67 219
67 274
67 419
67 476
67 644
68 189
68 204
68 430
68 718
68 850
68 934
69 477
69 592
69 602
69 963
69 997
70 341
70 432
70 815
70 953
71 315
71 918
72 855
73 135
73 615
74 631
74 812
74 844
74 865
74 936
75 460
75 689
75 819
76 290
76 659
76 805
76 848
77 92
77 729
77 771
77 863
77 966
78 148
78 226
78 525
78 795
78 959
79 469
79 696
79 722
79 727
80 96
80 672
80 809
80 907
80 947
81 227
81 278
81 743
81 832
82 165
82 188
82 451
82 572
83 226
83 396
83 795
84 170
84 218
84 288
85 326
85 761
86 177
86 285
86 406
86 540
86 925
86 928
87 123
87 129
87 236
87 836
88 398
88 516
88 586
89 151
89 241
90 95
90 99
90 413
90 458
90 630
91 464
92 710
92 771
92 966
93 217
93 376
93 398
93 728
94 134
94 364
94 639
94 849
94 948
95 458
95 630
95 716
96 216
96 566
96 947
97 181
97 601
97 782
97 838
97 889
98 443
98 467
98 860
99 197
99 281
99 458
99 464
100 465
100 484
100 811
100 829
101 108
101 372
101 471
101 599
101 637
102 111
102 717
102 864
103 666
103 807
104 330
104 436
104 597
105 234
105 336
105 385
105 420
105 758
106 195
106 394
106 674
106 888
106 900
107 237
107 271
107 837
107 972
108 471
108 637
108 759
108 854
109 219
109 220
109 274
109 476
109 644
109 655
110 828
110 881
110 883
111 146
111 272
111 474
111 863
111 912
112 662
112 878
113 459
113 625
113 704
113 790
113 920
114 216
114 307
115 193
115 307
115 576
115 672
116 389
116 539
116 585
116 770
116 835
117 157
117 576
117 603
117 695
117 767
118 256
118 415
118 632
119 418
119 742
119 808
119 992
120 244
120 284
120 287
120 311
120 939
121 346
122 779
123 236
123 743
123 832
123 836
123 913
124 369
124 492
125 644
125 949
126 985
127 327
127 348
127 775
128 353
128 477
128 636
129 708
130 144
130 160
130 172
130 454
130 553
130 557
131 330
131 467
131 762
131 852
132 367
132 533
132 884
132 914
133 173
133 374
133 447
133 529
133 661
134 639
134 849
135 200
135 703
135 735
136 208
136 331
136 527
136 574
136 656
136 910
137 221
137 470
138 176
138 318
138 973
139 299
139 304
139 427
139 489
139 712
139 760
140 402
140 504
140 958
141 814
142 412
142 607
142 719
142 826
143 364
143 772
144 160
144 252
144 454
144 488
144 557
145 175
145 210
145 481
145 609
145 831
146 514
146 863
146 868
147 319
147 409
147 874
147 945
148 187
148 403
148 750
148 795
148 959
149 283
149 359
149 424
149 746
149 840
150 313
150 384
150 679
150 873
151 241
151 616
151 652
151 730
152 565
152 838
153 594
153 740
154 397
154 545
154 980
155 452
155 994
156 577
156 737
156 784
157 462
157 576
157 672
157 870
158 182
158 521
158 664
158 974
159 451
159 624
160 252
160 488
160 557
161 256
161 257
161 737
161 765
162 230
162 534
162 548
162 627
162 665
163 454
163 463
163 557
163 561
163 604
163 981
164 206
164 319
164 569
164 945
165 846
166 350
166 405
166 440
166 705
166 933
167 407
168 490
168 551
168 638
168 667
168 699
168 965
169 456
170 633
171 498
171 608
171 823
172 243
172 553
172 554
172 684
173 359
173 446
173 447
173 529
174 334
174 987
175 609
175 897
176 264
176 318
177 358
177 406
177 935
178 708
178 806
179 244
179 843
180 617
180 829
181 601
181 838
181 889
182 521
182 563
182 664
182 684
183 388
183 400
183 444
184 214
184 338
184 482
185 357
185 927
186 351
186 899
186 982
187 403
187 750
187 842
188 402
188 451
188 494
188 504
189 430
189 718
189 723
189 850
189 934
190 442
190 645
190 665
190 701
190 874
191 740
191 796
191 960
192 428
192 828
192 930
193 307
193 449
194 209
194 412
194 515
194 651
195 394
195 571
195 674
195 775
195 792
196 239
196 293
196 301
196 540
196 612
196 763
196 925
196 928
197 458
197 464
197 716
197 901
198 407
198 408
198 526
199 419
200 615
200 735
200 875
201 342
201 496
201 741
201 932
202 254
202 302
202 541
202 562
202 707
202 895
203 481
203 583
203 610
203 831
203 891
203 951
204 340
204 542
204 850
204 934
205 312
205 783
206 569
206 587
206 721
206 962
207 249
207 527
207 531
207 629
207 910
208 331
208 502
208 527
208 656
208 744
209 266
209 515
209 651
210 332
210 609
210 663
210 831
211 465
211 484
211 556
211 902
212 448
212 559
212 654
212 715
212 802
213 258
213 260
213 475
213 545
213 755
214 261
214 338
214 344
214 482
215 904
216 566
217 398
217 586
217 728
217 897
218 816
219 274
219 419
219 457
219 644
219 932
220 476
220 575
220 589
220 644
220 655
220 886
220 896
221 566
222 254
222 605
222 768
222 895
222 971
223 720
224 550
224 822
225 632
225 745
226 396
226 702
226 795
227 268
227 278
227 743
227 832
228 292
228 371
228 543
228 766
228 887
229 538
229 568
229 720
230 548
230 665
231 278
231 401
231 687
231 892
232 327
232 509
232 590
232 789
232 858
233 588
233 954
234 385
234 582
234 678
234 758
234 988
235 586
235 890
235 897
236 836
236 913
237 277
237 305
237 386
237 753
237 776
237 837
237 948
238 375
238 509
238 952
239 293
239 612
240 606
240 876
240 878
241 616
241 652
242 293
242 343
242 373
242 578
243 553
243 554
243 788
244 939
245 417
245 472
245 614
245 634
245 872
246 352
246 734
246 978
247 375
247 817
248 617
249 531
249 574
249 910
249 993
250 280
250 598
250 983
251 530
251 835
252 296
252 488
252 827
253 455
253 498
253 602
254 329
254 562
254 895
255 469
255 727
256 257
256 415
256 765
257 765
258 260
259 308
259 725
260 545
260 755
261 338
261 344
261 377
261 482
261 662
262 573
262 686
262 779
263 534
263 536
263 660
263 877
264 893
264 921
265 358
265 491
265 935
266 270
266 651
267 564
267 718
267 723
267 869
267 955
267 999
268 497
268 649
268 706
269 885
269 931
270 291
271 364
271 972
272 474
272 729
272 863
272 912
273 323
273 362
273 379
273 950
274 476
274 496
274 932
275 789
275 858
276 710
276 998
277 305
277 386
277 682
277 776
277 948
278 401
278 832
279 680
279 696
279 820
279 841
280 598
280 975
280 986
281 413
282 333
282 508
283 441
283 840
284 287
284 311
284 431
284 967
285 540
285 747
285 763
286 317
286 339
286 622
286 818
286 922
287 967
288 468
288 633
289 803
289 989
290 363
290 711
290 848
292 346
292 766
292 887
293 343
293 373
294 328
295 322
295 354
295 757
295 801
295 916
296 578
296 726
296 827
297 584
297 668
298 309
298 487
298 616
298 823
298 898
299 489
299 760
300 325
300 390
300 510
300 876
300 878
301 540
301 612
301 925
301 928
302 895
303 380
303 409
303 851
303 945
304 427
304 760
305 386
305 682
305 776
305 948
308 393
308 462
308 833
309 584
309 616
309 652
309 823
309 898
310 409
311 316
311 317
311 431
311 967
312 613
312 908
313 384
313 579
313 628
313 670
313 873
314 381
314 399
314 781
315 918
316 317
317 431
317 622
317 967
318 973
319 777
319 874
320 742
320 992
321 650
321 784
321 867
321 919
321 923
321 963
322 501
322 620
322 757
322 830
322 916
323 425
323 669
323 846
323 950
324 717
324 732
325 390
325 532
326 379
327 348
327 590
327 789
328 355
328 642
329 460
329 562
329 689
330 436
331 502
331 527
332 610
332 641
332 663
332 831
332 891
333 438
333 627
333 877
334 722
334 856
334 987
335 387
335 649
335 706
335 813
336 420
336 575
336 582
336 685
336 724
336 882
337 492
337 822
337 847
337 979
338 344
338 370
338 482
339 523
339 818
339 922
340 371
340 424
340 543
340 746
340 839
341 432
341 758
341 953
342 496
342 741
343 373
343 578
344 377
344 482
344 961
345 411
345 450
345 793
345 797
345 804
345 853
347 366
347 411
347 793
347 817
348 626
348 648
348 789
349 754
349 906
350 405
350 440
350 810
350 933
351 682
351 982
352 995
353 477
353 997
354 580
354 757
354 801
354 916
355 432
355 642
355 953
356 656
356 754
356 935
357 435
357 766
358 935
359 424
359 447
359 777
360 439
360 505
360 759
360 854
361 396
361 427
361 956
361 968
362 379
362 572
363 395
365 889
365 899
366 817
367 533
367 884
368 834
368 984
369 550
369 861
370 482
370 571
370 792
371 543
371 766
371 839
371 887
372 637
373 578
373 747
373 763
374 529
374 661
374 927
375 817
377 532
377 961
378 861
379 594
380 511
380 653
380 851
381 399
381 581
382 468
382 731
382 738
383 512
383 581
383 749
384 679
384 873
385 582
385 758
385 882
385 988
386 753
386 776
386 782
387 401
387 649
387 706
387 813
387 892
388 621
388 787
388 976
389 585
389 770
389 778
389 991
390 483
390 773
391 703
391 800
392 623
392 791
392 979
393 420
393 462
393 685
393 833
393 964
394 571
394 674
394 792
394 888
396 968
397 541
397 980
398 516
398 586
398 728
399 581
400 610
400 641
400 787
400 891
401 687
401 813
401 892
402 494
402 504
403 552
403 750
403 842
404 960
405 657
405 933
406 925
406 935
408 526
408 990
409 442
409 874
410 725
411 654
411 793
412 651
412 826
413 630
413 739
414 436
414 504
414 761
415 560
415 647
416 537
417 614
417 634
417 774
417 872
418 421
418 563
419 457
419 644
420 685
420 724
422 507
422 785
423 441
423 466
424 447
424 661
424 746
424 839
425 591
425 846
426 475
426 485
426 673
427 487
427 968
428 461
428 489
428 646
428 798
428 930
429 748
429 796
429 960
430 850
430 887
431 681
431 967
432 758
432 953
433 693
433 940
434 440
434 705
434 810
434 905
434 946
435 766
438 470
438 660
438 877
439 505
439 713
439 854
439 992
440 810
440 933
441 466
441 645
441 701
441 840
442 701
442 874
443 592
443 602
443 619
445 855
445 871
446 529
447 661
448 654
448 853
450 793
450 804
451 700
452 994
453 544
453 597
453 791
453 979
454 557
454 561
454 985
455 867
455 963
456 520
457 932
458 630
458 716
459 499
459 658
459 924
460 689
461 489
461 646
461 694
461 798
461 930
462 833
462 870
463 561
463 973
463 981
463 985
465 484
465 556
465 811
465 938
466 542
467 762
467 860
468 738
469 727
470 536
470 660
470 877
471 599
472 614
472 634
472 709
472 872
473 642
473 799
473 825
474 729
474 863
474 868
474 912
474 966
475 485
475 755
476 575
476 655
477 697
477 997
478 518
478 629
478 710
479 532
479 626
480 815
480 946
481 583
481 831
481 891
481 951
483 503
483 510
483 524
483 773
484 556
484 811
484 938
485 673
485 903
486 531
486 593
486 714
486 769
486 993
487 616
487 730
487 968
488 604
488 726
488 783
488 827
489 694
489 930
490 551
490 638
490 911
490 965
491 517
491 744
491 943
492 847
493 753
493 837
494 504
496 741
496 932
497 549
497 855
497 871
498 608
498 698
499 658
499 820
499 841
499 924
500 637
500 640
501 916
502 744
502 998
503 510
503 773
503 915
504 761
505 808
505 854
506 564
506 869
506 999
507 785
508 538
509 590
509 595
509 904
510 876
510 915
511 653
511 851
511 885
512 581
513 522
513 573
514 868
515 937
516 586
516 728
517 744
517 756
517 943
517 998
518 629
519 619
519 698
519 860
520 803
520 921
521 563
521 808
521 974
522 573
523 676
523 818
523 922
524 773
524 809
524 947
525 679
525 702
525 959
527 910
528 547
528 957
530 770
530 835
531 593
531 993
533 671
533 764
533 884
533 914
534 627
534 660
534 877
535 860
536 660
536 738
538 568
539 677
539 770
539 835
540 747
540 763
540 925
540 928
541 555
541 707
542 746
542 934
543 839
543 887
544 597
545 755
546 734
546 781
546 978
547 843
548 568
548 645
548 665
549 706
549 879
550 822
551 638
551 911
552 750
552 842
553 554
554 788
555 707
556 938
557 561
558 822
558 847
558 894
559 683
560 647
560 733
560 991
561 985
562 707
562 895
563 684
564 869
564 999
567 894
568 645
569 587
569 945
569 962
570 786
570 820
571 674
571 792
572 761
573 686
574 910
574 993
575 655
575 685
575 724
575 882
575 896
576 767
577 650
577 737
577 765
577 784
579 600
579 628
579 670
579 814
580 708
582 882
582 988
583 705
583 951
584 652
584 898
585 770
585 991
586 728
587 721
588 622
588 954
589 655
589 794
589 886
589 896
590 595
590 789
592 697
593 714
593 769
595 900
595 904
596 618
596 909
598 975
598 986
600 670
600 814
601 782
601 838
601 889
603 695
603 859
603 889
604 613
604 908
604 981
605 699
605 768
605 929
605 971
606 878
607 719
607 732
607 826
608 698
609 831
610 641
610 787
610 891
611 700
611 819
612 925
612 928
613 908
614 634
614 686
614 872
615 676
616 652
616 730
617 829
617 857
618 960
619 698
619 860
620 739
620 830
621 976
622 818
623 791
623 979
624 987
625 704
626 648
627 660
627 877
628 711
630 739
631 812
631 844
631 865
633 738
634 686
634 779
634 872
635 879
635 986
636 677
637 640
638 830
638 911
639 682
639 948
641 787
641 891
642 825
643 716
643 768
643 901
645 701
646 798
646 828
649 706
650 737
650 784
650 867
650 919
654 853
655 724
655 896
656 754
657 866
658 856
658 924
659 745
659 780
659 805
660 877
661 839
664 684
664 785
666 807
667 965
669 950
670 814
670 873
671 764
671 796
671 862
672 870
673 751
674 792
675 944
675 946
676 922
677 748
678 988
679 959
680 696
680 722
680 841
681 967
682 948
685 724
685 964
686 779
687 892
691 768
692 733
692 778
693 857
694 712
694 930
695 767
695 859
696 722
696 727
699 929
700 819
701 840
702 845
702 959
703 735
704 790
705 933
709 824
711 848
712 730
713 992
714 769
714 912
715 774
715 802
716 901
717 732
717 881
717 883
718 723
718 850
718 934
718 955
719 732
719 826
721 749
723 850
723 934
723 955
724 896
724 964
726 783
726 827
729 863
729 912
729 966
731 738
732 883
733 778
734 781
734 978
735 875
736 852
737 765
737 784
741 932
742 992
743 832
743 913
744 998
745 780
746 839
747 763
749 962
750 842
752 756
752 943
753 776
753 782
756 943
757 801
757 830
757 916
759 854
762 852
762 909
763 928
764 862
768 971
769 918
770 778
770 835
772 969
772 970
773 947
774 802
775 961
776 782
776 837
777 840
777 874
781 926
781 978
783 827
784 867
784 963
786 952
787 976
788 890
789 858
790 843
790 920
790 939
791 979
793 817
794 886
794 896
794 964
795 959
796 862
797 804
797 941
798 930
799 915
800 926
803 921
809 907
809 947
810 815
811 829
811 917
811 938
812 842
812 936
813 892
818 922
819 957
820 841
821 917
822 847
823 898
824 931
828 881
828 883
829 857
830 911
831 891
832 913
833 870
838 949
841 924
842 942
843 920
844 865
845 923
850 934
851 945
852 909
853 941
855 871
859 889
861 958
863 868
863 912
863 966
865 936
867 919
867 963
869 982
875 922
876 878
876 915
880 888
881 883
882 988
884 914
885 931
894 984
896 964
900 904
905 946
908 981
912 966
917 976
919 923
925 928
929 971
942 996
956 996
963 997
969 977
973 981
973 985
975 986
